5000.000000000000	15.003033129556	2.978343699802	-0.646241950873	0.001727399848	0.003133291068	0.323661146847	-0.229034395015	0.001197104180	0.001285512835	0.065494601752	-0.072724736627	0.000550158152	0.000474230996	0.021675123934	-0.028952631964	0.000360488230	0.000265594320	0.009412842654	-0.014721803852	0.000259283480	0.000158458028	0.004355910429	-0.008557041973	0.000181660416	0.000083602738	0.001990925724	-0.005214508309	0.000139443924	0.000047367602	0.000848334880	-0.003273881021	0.000098259955	0.000016669788	0.000284696194	-0.002101446718	0.000079663877	0.000007699658	0.000016481327	-0.001472092114	0.000054209043	-0.000001244832	-0.000104630443	-0.000999400469	0.000041149426	-0.000006420102	-0.000155585366	-0.000623774731	0.000020093269	-0.000001705009	-0.000107771470	-0.000299484834
5000.000000000000	14.998541850976	2.914915489942	-0.641137045629	0.001711965616	0.003141969298	0.324456505258	-0.228983014391	0.001195069719	0.001301830806	0.065716917204	-0.072860413141	0.000550534604	0.000475224360	0.021738615861	-0.029060673063	0.000356323274	0.000277939456	0.009420028968	-0.014744903130	0.000257883183	0.000149914312	0.004349469988	-0.008585461308	0.000179330160	0.000078915257	0.001997000416	-0.005221641202	0.000143477226	0.000048964858	0.000842662774	-0.003287099586	0.000102087841	0.000026943942	0.000298359747	-0.002102667479	0.000079196412	-0.000010545080	0.000019543168	-0.001476548163	0.000053544088	0.000000359588	-0.000106121497	-0.001000823028	0.000041939546	-0.000007038195	-0.000154533467	-0.000627142994	0.000017173223	0.000000339001	-0.000109848333	-0.000299359428
5000.000000000000	14.999117594686	2.918552057058	-0.640822580448	0.001739336811	0.003129530340	0.324858805619	-0.229013694090	0.001194444402	0.001298756971	0.065847781590	-0.072946007918	0.000552139576	0.000473191449	0.021760190938	-0.029095290983	0.000357899192	0.000267598579	0.009428195976	-0.014779470238	0.000260387731	0.000162301577	0.004359293681	-0.008596028650	0.000181971649	0.000084836970	0.001997798476	-0.005233245012	0.000134981358	0.000044042074	0.000842081602	-0.003287021465	0.000100519278	0.000030619412	0.000276398037	-0.002107993796	0.000083425339	0.000008856031	0.000016696133	-0.001477559053	0.000054978874	-0.000001544061	-0.000107908957	-0.001003014423	0.000041925462	-0.000005833440	-0.000155663617	-0.000625682405	0.000014989007	-0.000000214396	-0.000108992412	-0.000299470152
5000.000000000000	15.000091211446	2.933522515161	-0.641857943454	0.001721399200	0.003139487735	0.325084473071	-0.229038575165	0.001190768578	0.001292532878	0.065916459599	-0.073001819137	0.000558016532	0.000472639549	0.021768766629	-0.029122650498	0.000354673373	0.000278181995	0.009444438047	-0.014797308217	0.000259523548	0.000158613280	0.004358824004	-0.008595871350	0.000180148225	0.000076987535	0.002001888302	-0.005235446102	0.000143116002	0.000048330816	0.000841353547	-0.003287635670	0.000103815354	0.000030410432	0.000281002912	-0.002104380393	0.000076328834	-0.000001547254	0.000017309291	-0.001478760210	0.000052528838	-0.000000008510	-0.000105884512	-0.001004985653	0.000040964867	-0.000007221915	-0.000156787215	-0.000626933433	0.000011291638	0.000005363654	-0.000109034753	-0.000299738397
5000.000000000000	15.001079332431	2.945209002123	-0.642312620690	0.001732211081	0.003149394801	0.325274171297	-0.229152955622	0.001193499447	0.001307288319	0.065961939709	-0.073081075918	0.000557103449	0.000478126166	0.021787982492	-0.029167356990	0.000356933608	0.000262379111	0.009433336890	-0.014814601159	0.000259519140	0.000156583313	0.004353472413	-0.008611117487	0.000187329064	0.000081619065	0.002000461932	-0.005245006520	0.000137601733	0.000044772442	0.000840960030	-0.003292600686	0.000104304783	0.000023117885	0.000264172343	-0.002095955996	0.000072557910	0.000006188205	0.000017899489	-0.001479501374	0.000056596768	-0.000000277905	-0.000108630820	-0.001005282690	0.000040822920	-0.000007311332	-0.000157240687	-0.000627147965	0.000012597050	-0.000011397193	-0.000109707676	-0.000299987960
5000.000000000000	14.997605292055	2.954252895472	-0.642808762681	0.001717082364	0.003121039816	0.325342577494	-0.229160491354	0.001204304892	0.001304774476	0.065999226204	-0.073090742299	0.000554533751	0.000484607851	0.021788808523	-0.029165555090	0.000340868830	0.000260384715	0.009438450110	-0.014811178921	0.000258527850	0.000161655290	0.004353436506	-0.008613112358	0.000185563941	0.000087288232	0.001999230409	-0.005245306058	0.000136721633	0.000048273397	0.000844282390	-0.003292756134	0.000096932127	0.000028263488	0.000277993311	-0.002107030209	0.000085649256	0.000010082338	0.000020243919	-0.001481769647	0.000055556074	-0.000003315536	-0.000109876116	-0.001003616961	0.000041759887	-0.000005801908	-0.000156731015	-0.000629311341	0.000016721178	-0.000005534177	-0.000110496779	-0.000299952285
5000.000000000000	14.997629023001	2.960937763654	-0.643168583181	0.001719166101	0.003127023692	0.325423596717	-0.229207723782	0.001210359658	0.001319268218	0.066016779979	-0.073122359500	0.000545628790	0.000472003568	0.021797625229	-0.029179862644	0.000354131547	0.000281780259	0.009439492519	-0.014828020553	0.000261359921	0.000153368715	0.004356934854	-0.008609287743	0.000182756916	0.000082999009	0.001996436066	-0.005248628598	0.000138293312	0.000047088220	0.000837001898	-0.003292884957	0.000099870880	0.000022829917	0.000297719609	-0.002102754863	0.000081926192	0.000004416275	0.000014651539	-0.001482636840	0.000053460118	-0.000001977482	-0.000108295157	-0.001005822154	0.000039921962	-0.000007842752	-0.000156624969	-0.000626805645	0.000007716394	-0.000004673699	-0.000109375477	-0.000300598075
5000.000000000000	14.998897022362	2.970986733119	-0.643473342595	0.001726895476	0.003134402926	0.325514236950	-0.229238883825	0.001199281347	0.001298597222	0.066076393694	-0.073166941441	0.000552896674	0.000476840563	0.021798797446	-0.029190943994	0.000352163209	0.000266661508	0.009445213364	-0.014847320330	0.000259440039	0.000162538129	0.004357513642	-0.008610744485	0.000187090359	0.000082553516	0.001994483082	-0.005254596741	0.000142285338	0.000042202777	0.000839852254	-0.003289869007	0.000096217399	0.000022853518	0.000277172929	-0.002104924879	0.000081123044	0.000000567251	0.000012958222	-0.001474479080	0.000053669234	-0.000001171831	-0.000107440365	-0.001008045985	0.000041608191	-0.000007591403	-0.000158090075	-0.000625500259	0.000023534412	-0.000000436863	-0.000109609076	-0.000302346960
5000.000000000000	15.001073076858	2.975574093918	-0.643618595302	0.001721190952	0.003146496660	0.325621159395	-0.229304312554	0.001194822746	0.001310649896	0.066081329595	-0.073212538700	0.000560898682	0.000483954369	0.021803587523	-0.029193928483	0.000361027953	0.000258714779	0.009438994140	-0.014853575668	0.000259961865	0.000152681261	0.004357760165	-0.008616523687	0.000187351630	0.000083196500	0.001994476896	-0.005250456873	0.000133657948	0.000046916792	0.000842594123	-0.003296176118	0.000101455052	0.000024706368	0.000286623766	-0.002103838233	0.000079117141	0.000002075746	0.000016617207	-0.001480024923	0.000055252773	-0.000004447228	-0.000108031406	-0.001007677907	0.000040819251	-0.000007790673	-0.000159456042	-0.000626465693	0.000009473479	-0.000002279604	-0.000110859818	-0.000301267451
5000.000000000000	14.995643729532	2.978566275455	-0.643507955885	0.001735648722	0.003147058288	0.325591861457	-0.229286281636	0.001192697720	0.001296652714	0.066080543447	-0.073198696205	0.000559473465	0.000482688905	0.021806835468	-0.029196142958	0.000369403430	0.000260156434	0.009445108730	-0.014852898305	0.000256894955	0.000155237251	0.004353299396	-0.008614324660	0.000179272677	0.000081774111	0.001995413619	-0.005256598394	0.000136515881	0.000043994691	0.000837125788	-0.003287058438	0.000101538278	0.000022977900	0.000290694682	-0.002113426289	0.000080010359	0.000001944452	0.000020717588	-0.001483850880	0.000055808469	-0.000001304918	-0.000106901792	-0.001008902949	0.000040621133	-0.000007355732	-0.000159107347	-0.000625177692	0.000015330376	-0.000004841143	-0.000109587642	-0.000301669226
5000.000000000000	14.999459893189	2.984574727489	-0.643751783257	0.001732061209	0.003131586561	0.325777671732	-0.229379939665	0.001211038972	0.001296234291	0.066127628057	-0.073272359810	0.000555533646	0.000469569613	0.021798375093	-0.029221997052	0.000349254898	0.000287586743	0.009442888328	-0.014863554069	0.000261676437	0.000154404790	0.004358605422	-0.008624128030	0.000183726100	0.000079365712	0.001995576272	-0.005258634574	0.000135192364	0.000052882515	0.000847161835	-0.003292930764	0.000089114691	0.000021122341	0.000279228650	-0.002112891191	0.000100407342	-0.000001007956	0.000015743433	-0.001480981218	0.000052983795	-0.000003560519	-0.000109216057	-0.001009999716	0.000042108381	-0.000007247103	-0.000157656739	-0.000627296539	0.000018970487	-0.000002914417	-0.000109679712	-0.000302272567
5000.000000000000	14.998570794660	2.990280926716	-0.643765852329	0.001718096748	0.003137412458	0.325756308539	-0.229387243999	0.001215222413	0.001299171241	0.066121892261	-0.073269536056	0.000560958018	0.000472885963	0.021801577971	-0.029226250526	0.000345579008	0.000264361368	0.009443358989	-0.014877356372	0.000258343552	0.000155847209	0.004361882679	-0.008619468469	0.000179493408	0.000082207425	0.001993754124	-0.005263894044	0.000144425426	0.000047644070	0.000842423654	-0.003289376922	0.000101101476	0.000027710883	0.000283831914	-0.002126001196	0.000081472623	-0.000004831306	0.000017362129	-0.001477581485	0.000055187387	-0.000001527535	-0.000108662715	-0.001011308677	0.000040561477	-0.000006372964	-0.000159123374	-0.000625731651	0.000014730714	-0.000001622831	-0.000109739220	-0.000302217784
5000.000000000000	15.000374007282	2.997778252407	-0.644028648746	0.001727634329	0.003146704627	0.325856841025	-0.229452377658	0.001206657953	0.001308229664	0.066172886749	-0.073307189280	0.000561282066	0.000473607375	0.021803013025	-0.029224552864	0.000348842990	0.000280702650	0.009445883854	-0.014878467187	0.000264457563	0.000154025834	0.004358733798	-0.008622340042	0.000186299142	0.000080437425	0.001991998546	-0.005267226735	0.000145380235	0.000045109462	0.000843311845	-0.003297133412	0.000094315549	0.000028501817	0.000285542824	-0.002115965791	0.000084650557	0.000006880691	0.000016741526	-0.001478791657	0.000053770379	-0.000003377592	-0.000110397232	-0.001010138270	0.000040987944	-0.000006694401	-0.000159535386	-0.000626922954	0.000019725918	-0.000003514357	-0.000110253203	-0.000301768596
5000.000000000000	15.000475667925	3.000318452614	-0.644228611354	0.001716770233	0.003134543998	0.325955850763	-0.229500819150	0.001205782301	0.001313229104	0.066178724617	-0.073338734008	0.000542783955	0.000472822546	0.021815851681	-0.029236926542	0.000336354941	0.000259316826	0.009449352134	-0.014891514573	0.000255304827	0.000158976522	0.004364044104	-0.008622344108	0.000188131715	0.000084541859	0.001991658516	-0.005273545926	0.000139339100	0.000045256174	0.000841915244	-0.003296003615	0.000099944460	0.000020008398	0.000288286353	-0.002124729745	0.000079558986	-0.000004045908	0.000016193058	-0.001481229669	0.000054532401	-0.000004930979	-0.000110455689	-0.001011759901	0.000041086565	-0.000007715586	-0.000158765304	-0.000626157041	0.000014475991	0.000003699158	-0.000108993665	-0.000302218608
5000.000000000000	15.002730408892	3.003272182370	-0.644231789677	0.001727022544	0.003142213916	0.326046941563	-0.229527781355	0.001203782294	0.001292040400	0.066211922650	-0.073373834994	0.000556198021	0.000472005755	0.021818192928	-0.029250942799	0.000368208577	0.000298132971	0.009451235003	-0.014893538679	0.000255339574	0.000155726805	0.004361937003	-0.008632509361	0.000186942461	0.000084227255	0.001994336516	-0.005273288143	0.000139799754	0.000046688284	0.000840454768	-0.003296248739	0.000097166563	0.000023337768	0.000286394272	-0.002111702713	0.000090465787	0.000011603156	0.000016293875	-0.001478313943	0.000055154407	-0.000001974799	-0.000108713781	-0.001011586716	0.000039511541	-0.000006542947	-0.000160028923	-0.000625782689	0.000017235209	-0.000003959278	-0.000109620957	-0.000301887507
5000.000000000000	14.998968488899	3.009448709296	-0.644770565346	0.001727770610	0.003135072418	0.325967195658	-0.229487835633	0.001206973789	0.001306629757	0.066190884622	-0.073340570125	0.000550649423	0.000474326206	0.021820913822	-0.029254526891	0.000375315055	0.000272452890	0.009443447195	-0.014884101981	0.000260355659	0.000155258534	0.004354065881	-0.008635400665	0.000184481424	0.000079188810	0.001994068140	-0.005267534445	0.000140237107	0.000049009187	0.000839663570	-0.003300091357	0.000109003689	0.000027380060	0.000277091736	-0.002117732511	0.000081841072	0.000004058957	0.000012465431	-0.001486268166	0.000054831787	-0.000002597605	-0.000109349522	-0.001012595823	0.000041798041	-0.000007682819	-0.000159270199	-0.000626744480	0.000009338342	-0.000006776214	-0.000110151676	-0.000301159866
5000.000000000000	15.000211280744	3.009586412736	-0.644787791506	0.001729518413	0.003147067215	0.326058267735	-0.229545521890	0.001206133137	0.001301785283	0.066202855739	-0.073372761848	0.000560413493	0.000473636061	0.021823680333	-0.029271507162	0.000359964132	0.000257239978	0.009447788205	-0.014893016366	0.000259939430	0.000157145452	0.004354031394	-0.008639993874	0.000180443532	0.000084302979	0.001990165355	-0.005269304542	0.000136357717	0.000036431131	0.000839189457	-0.003296933693	0.000103223146	0.000019990719	0.000281695631	-0.002116113500	0.000086587796	0.000002028176	0.000015259042	-0.001483763350	0.000056356211	-0.000000890672	-0.000109172704	-0.001010320238	0.000041564325	-0.000007950183	-0.000158999317	-0.000628388672	0.000022591899	0.000001695720	-0.000110184643	-0.000302426378
5000.000000000000	15.000948034837	3.011072976986	-0.644818689146	0.001736487171	0.003152246909	0.326142733174	-0.229561201104	0.001224565356	0.001306141669	0.066233748800	-0.073403845301	0.000547074393	0.000477792997	0.021825220315	-0.029287244068	0.000379071867	0.000278948531	0.009449868044	-0.014902234014	0.000262123310	0.000149975362	0.004355188658	-0.008641742624	0.000183931190	0.000082713970	0.001990826026	-0.005268758089	0.000140675638	0.000043274693	0.000843152489	-0.003300298238	0.000097404717	0.000029091822	0.000278260869	-0.002115896648	0.000088015819	0.000005293768	0.000014139914	-0.001482702799	0.000054453652	-0.000002024913	-0.000109051449	-0.001012939796	0.000041126624	-0.000008519274	-0.000158721597	-0.000627245439	0.000021815874	-0.000003416622	-0.000109939117	-0.000302210675
5000.000000000000	14.998541957476	3.013049959689	-0.644789730266	0.001731608446	0.003140489718	0.326108845373	-0.229520259177	0.001203567018	0.001301352426	0.066215623179	-0.073380201998	0.000553948771	0.000477417647	0.021824128282	-0.029268613849	0.000363351820	0.000251049630	0.009448163985	-0.014889656426	0.000264556322	0.000155487894	0.004357911622	-0.008637871421	0.000186333528	0.000080683854	0.001993396574	-0.005268285680	0.000138123457	0.000047737496	0.000841929024	-0.003300636381	0.000107015520	0.000018771936	0.000271901730	-0.002117599687	0.000084004456	-0.000006436595	0.000013540361	-0.001484663856	0.000052719740	0.000001865725	-0.000111058098	-0.001012041371	0.000040522123	-0.000005793096	-0.000159797030	-0.000626472333	0.000017794911	-0.000002751884	-0.000111171093	-0.000301256159
5000.000000000000	14.999012322253	3.010646558541	-0.644272090125	0.001729235313	0.003147552250	0.326151031616	-0.229547207294	0.001205843455	0.001304621519	0.066230352775	-0.073392977330	0.000551307224	0.000470735138	0.021832406926	-0.029278210833	0.000360766514	0.000265302425	0.009454704629	-0.014896618215	0.000262747833	0.000153224621	0.004355802350	-0.008637011852	0.000177174245	0.000081588871	0.001995982102	-0.005271584218	0.000139350111	0.000048384677	0.000840462910	-0.003302031059	0.000099371966	0.000016686164	0.000285650584	-0.002129829308	0.000076429569	0.000008112717	0.000015342918	-0.001482881116	0.000056916131	-0.000001880303	-0.000108362341	-0.001010346530	0.000041177226	-0.000008243320	-0.000159804416	-0.000628273134	0.000020372533	-0.000000742126	-0.000110439845	-0.000302066200
5000.000000000000	15.002248299247	3.014040433308	-0.644334130897	0.001739696907	0.003136375153	0.326292443953	-0.229580927176	0.001201008144	0.001318243474	0.066280306605	-0.073432214919	0.000565012141	0.000476998347	0.021829444362	-0.029286870590	0.000343858518	0.000265075518	0.009451782073	-0.014904044682	0.000262032889	0.000150002320	0.004362030977	-0.008639870161	0.000181244837	0.000080700953	0.001991306198	-0.005275116370	0.000134331553	0.000048178795	0.000842414358	-0.003303875793	0.000103984232	0.000022741901	0.000287644683	-0.002122805151	0.000080656080	-0.000007117100	0.000014867318	-0.001479910531	0.000052108084	-0.000001892774	-0.000110802232	-0.001010383602	0.000041252382	-0.000007546539	-0.000158483766	-0.000628130963	0.000014101682	-0.000009925223	-0.000110754740	-0.000302696076
5000.000000000000	15.000323350499	3.018539284886	-0.644656287505	0.001714092653	0.003158172878	0.326291359630	-0.229579198491	0.001198724838	0.001300087938	0.066259076223	-0.073432291131	0.000548039634	0.000467466630	0.021840362082	-0.029301507000	0.000336537234	0.000268661233	0.009452704680	-0.014905789019	0.000260909338	0.000157647285	0.004363954425	-0.008647756101	0.000184544615	0.000081825576	0.001993205690	-0.005275822539	0.000135136672	0.000044556163	0.000837758776	-0.003307579979	0.000102289902	0.000023250118	0.000281055922	-0.002127226559	0.000075799340	0.000007699006	0.000015803134	-0.001483958667	0.000052841491	-0.000005388254	-0.000111001267	-0.001011509071	0.000040880598	-0.000007469574	-0.000158814634	-0.000628487057	0.000013578575	-0.000004527003	-0.000110037751	-0.000302016984
5000.000000000000	14.999082776369	3.019563262493	-0.644800543844	0.001741125528	0.003149326265	0.326292240122	-0.229573561408	0.001202332516	0.001307038699	0.066274954973	-0.073434664505	0.000564368570	0.000481421607	0.021845765892	-0.029303663996	0.000334110790	0.000264630057	0.009449073806	-0.014909537714	0.000257696097	0.000156091603	0.004360539602	-0.008647284224	0.000181882493	0.000082176859	0.001988370690	-0.005271581545	0.000138398766	0.000041233476	0.000842418952	-0.003304376371	0.000106709249	0.000016016578	0.000284765396	-0.002115887583	0.000068234652	0.000006135322	0.000012981927	-0.001483360932	0.000053781808	-0.000003936625	-0.000111639958	-0.001009874855	0.000040535523	-0.000007388634	-0.000159293603	-0.000627839860	0.000010698425	-0.000006683571	-0.000109515635	-0.000301803643
5000.000000000000	14.997243785940	3.023427902703	-0.644973262939	0.001715232091	0.003150414439	0.326286345471	-0.229563709400	0.001193453457	0.001305246160	0.066270124800	-0.073423456693	0.000557739088	0.000468036540	0.021836385267	-0.029308301143	0.000351940115	0.000274468861	0.009445192228	-0.014908408767	0.000263303109	0.000151238454	0.004356835502	-0.008650810636	0.000183056435	0.000086837471	0.001990393608	-0.005276688415	0.000142288049	0.000041784278	0.000839607492	-0.003299482012	0.000094809755	0.000025277934	0.000290618355	-0.002121517753	0.000091503954	0.000004818232	0.000013426441	-0.001482761052	0.000053396626	-0.000004966503	-0.000111357165	-0.001010626329	0.000040480905	-0.000008087032	-0.000160561901	-0.000628243648	0.000013376311	-0.000007117104	-0.000109521349	-0.000301166420
5000.000000000000	15.002477476138	3.022970448846	-0.645027958273	0.001728843899	0.003145699205	0.326487213285	-0.229633699459	0.001202978835	0.001300450166	0.066354052168	-0.073477949392	0.000556765068	0.000476292631	0.021844550132	-0.029315084003	0.000359957493	0.000277023227	0.009456385984	-0.014926677267	0.000262498083	0.000159686010	0.004360939929	-0.008643953773	0.000187861636	0.000081144224	0.001995595369	-0.005276797776	0.000141660334	0.000046740176	0.000842455474	-0.003306702170	0.000100021813	0.000025167165	0.000285246320	-0.002128550206	0.000092920964	-0.000000711981	0.000011711763	-0.001484848683	0.000053632170	-0.000004691122	-0.000110585661	-0.001014582008	0.000040817985	-0.000007071887	-0.000160490484	-0.000627409728	0.000017874813	-0.000004542247	-0.000109619124	-0.000303079010
5000.000000000000	15.003906093936	3.026849697463	-0.644996418025	0.001728320124	0.003140044086	0.326588636200	-0.229613883146	0.001208011210	0.001308342089	0.066346903707	-0.073498025456	0.000549656691	0.000475855240	0.021859387038	-0.029327465662	0.000354964506	0.000259855813	0.009455897150	-0.014917310710	0.000262771834	0.000157340891	0.004365234004	-0.008655137252	0.000184265702	0.000081963503	0.001992906866	-0.005280632456	0.000136349154	0.000047883842	0.000841576317	-0.003305306781	0.000097731761	0.000021929909	0.000279542461	-0.002126862314	0.000091050982	0.000002775132	0.000011405648	-0.001487918655	0.000055194257	0.000000154099	-0.000110127518	-0.001010594769	0.000040743468	-0.000007678035	-0.000160584615	-0.000630562646	0.000006954436	0.000001283516	-0.000110705228	-0.000302291832
5000.000000000000	15.000566091713	3.025730334719	-0.644737572588	0.001723961459	0.003152655151	0.326527094649	-0.229570451847	0.001208920415	0.001326330091	0.066328687525	-0.073459469718	0.000557785043	0.000481804319	0.021857996015	-0.029326357574	0.000354058564	0.000291775517	0.009461374758	-0.014910330901	0.000260003972	0.000156962310	0.004358576454	-0.008653009464	0.000180733878	0.000076699030	0.001993604916	-0.005276388135	0.000141840598	0.000043024279	0.000840611104	-0.003307447669	0.000100416997	0.000026467363	0.000282853484	-0.002110185597	0.000079586525	0.000002865035	0.000014262460	-0.001483720236	0.000052740181	-0.000002736604	-0.000109149164	-0.001012431257	0.000040580952	-0.000007464070	-0.000160302112	-0.000627891979	0.000017396315	-0.000010767158	-0.000110629035	-0.000302867395
5000.000000000000	14.999313685777	3.021541449629	-0.644437798677	0.001729681802	0.003150602665	0.326527614196	-0.229583612090	0.001196424201	0.001311502796	0.066337622136	-0.073484924161	0.000554626068	0.000473836757	0.021854658662	-0.029334043440	0.000367643285	0.000266678361	0.009453341632	-0.014917774966	0.000263094117	0.000154238434	0.004361259916	-0.008654344274	0.000186176644	0.000080318532	0.001995447001	-0.005275561932	0.000135228072	0.000043578624	0.000830582668	-0.003308374867	0.000094533942	0.000028972366	0.000282312325	-0.002114692071	0.000077325841	0.000002038319	0.000013092597	-0.001484959745	0.000054229704	-0.000000776913	-0.000111470406	-0.001011595081	0.000039338016	-0.000007264578	-0.000160253407	-0.000628164982	0.000010583052	-0.000004598604	-0.000110219786	-0.000301572810
5000.000000000000	14.998934881710	3.030868161558	-0.645260535082	0.001757059263	0.003134726265	0.326598173547	-0.229587792754	0.001203693974	0.001307580470	0.066373408849	-0.073487264780	0.000558294833	0.000477897839	0.021869692748	-0.029339304167	0.000358420624	0.000266362410	0.009462099234	-0.014915931762	0.000263505253	0.000157836460	0.004360970755	-0.008654619887	0.000185099687	0.000078527100	0.001990905861	-0.005276759793	0.000142605245	0.000045787851	0.000842434894	-0.003309025405	0.000094971639	0.000022129079	0.000290393155	-0.002127210848	0.000081807783	0.000001356420	0.000016830924	-0.001483432511	0.000054782301	-0.000003192639	-0.000112211556	-0.001011420690	0.000038584803	-0.000008309859	-0.000159599007	-0.000628243073	0.000005879663	0.000000689250	-0.000110599554	-0.000302830356
5000.000000000000	14.997381132930	3.029339239000	-0.644936644703	0.001699211902	0.003142543406	0.326601372319	-0.229558196761	0.001211575838	0.001300840220	0.066374135735	-0.073502531594	0.000559330822	0.000474909232	0.021865163280	-0.029339095273	0.000351996957	0.000279666580	0.009457422556	-0.014928853377	0.000257823107	0.000152815025	0.004363052587	-0.008656807986	0.000185795089	0.000075914305	0.001991087738	-0.005277864814	0.000133970470	0.000046777696	0.000838945119	-0.003301606765	0.000098782310	0.000021868411	0.000284566474	-0.002122007085	0.000081395958	0.000004859149	0.000010804974	-0.001484917374	0.000053721271	-0.000004332642	-0.000109087410	-0.001011231515	0.000040593492	-0.000007860059	-0.000160722521	-0.000627978446	0.000005681565	-0.000003847015	-0.000111406007	-0.000301899587
