5000.000000000000	10.003442811798	4.787814407996	-1.732402390315	0.008078585344	0.008075472442	0.507191471271	-0.679205607888	0.006836219994	0.002504152724	0.063058414507	-0.250979470900	0.003004822247	0.000157258888	0.000351012356	-0.096417907765	0.001654489627	-0.000182615163	-0.003318525342	-0.041113039300	0.000904725429	-0.000087631158	-0.000625959593	-0.019805218840	0.000587388567	0.000024711280	0.001309916990	-0.011138981855	0.000430470300	0.000104524946	0.002049066188	-0.007407640220	0.000357452269	0.000118145040	0.001848277958	-0.005659809406	0.000342099638	0.000099262094	0.001272647910	-0.005091969786	0.000321197751	0.000056754298	0.000427080753	-0.004165165468	0.000280936038	0.000001365230	-0.000252970798	-0.003088284496	0.000171667873	-0.000030264276	-0.000459951817	-0.001509089002
5000.000000000000	9.998940789013	4.799975792663	-1.735409102712	0.008093678875	0.008064379816	0.506128413393	-0.679559600396	0.006848777302	0.002491617559	0.062536629110	-0.250762851237	0.003003523356	0.000159984569	0.000208212865	-0.096237707539	0.001645909321	-0.000190706723	-0.003349876237	-0.040981993436	0.000901042961	-0.000083399124	-0.000614059797	-0.019759047086	0.000589466130	0.000027911608	0.001330999182	-0.011112571527	0.000435536527	0.000100092648	0.002069933982	-0.007416637739	0.000364369801	0.000128110633	0.001849322831	-0.005678880463	0.000344535415	0.000097117502	0.001267601471	-0.005109344813	0.000319642533	0.000058091349	0.000414160273	-0.004171242675	0.000281258785	0.000002244264	-0.000263614143	-0.003090090184	0.000179608748	-0.000038874403	-0.000466474707	-0.001503771626
5000.000000000000	10.000002892463	4.801454090137	-1.736595064795	0.008110293518	0.008052328816	0.505564148999	-0.679836954750	0.006845741908	0.002482926971	0.062301595661	-0.250694932143	0.002989857518	0.000152769757	0.000134358438	-0.096155237110	0.001645701596	-0.000196172616	-0.003360842322	-0.040937407200	0.000901572129	-0.000082125861	-0.000603275694	-0.019734152954	0.000588649935	0.000020584948	0.001353990973	-0.011106027744	0.000435624689	0.000096760394	0.002082101315	-0.007426154165	0.000359294097	0.000115611131	0.001844682637	-0.005698158309	0.000346192671	0.000099994203	0.001261351239	-0.005119803679	0.000321605311	0.000056031050	0.000403531264	-0.004177514955	0.000282765992	0.000000811489	-0.000270338862	-0.003090574226	0.000176808812	-0.000033664560	-0.000470986062	-0.001500905882
5000.000000000000	9.999075824221	4.801172587105	-1.737525432886	0.008097859319	0.008052587962	0.505020446524	-0.679981499464	0.006833033078	0.002477960797	0.062058991434	-0.250595146029	0.002993739038	0.000141724798	0.000082873970	-0.096060405928	0.001649708557	-0.000183759730	-0.003378448310	-0.040887404642	0.000901492169	-0.000078187984	-0.000594072647	-0.019711486046	0.000581186354	0.000027078699	0.001365626903	-0.011101043044	0.000433978762	0.000101183201	0.002090144139	-0.007439051398	0.000353863186	0.000119952180	0.001863209246	-0.005701812002	0.000347660417	0.000096426806	0.001255183168	-0.005130361811	0.000322289790	0.000057019790	0.000394842524	-0.004180666317	0.000281343967	-0.000001998750	-0.000279473971	-0.003088578923	0.000179330439	-0.000036353052	-0.000473962745	-0.001498862567
5000.000000000000	9.999749279767	4.799151194994	-1.737904916265	0.008123302606	0.008072807587	0.504785766828	-0.680069186602	0.006851615029	0.002475440591	0.061980994616	-0.250554938208	0.002995902647	0.000139235084	0.000052154133	-0.096005890291	0.001633299859	-0.000188772582	-0.003365541112	-0.040865038638	0.000894985514	-0.000080352931	-0.000581664836	-0.019696525756	0.000581886977	0.000026063945	0.001377558925	-0.011107089727	0.000431277566	0.000103023220	0.002096817960	-0.007440703778	0.000357299829	0.000111570331	0.001867179295	-0.005709577043	0.000342245072	0.000099296972	0.001251550863	-0.005134160200	0.000322384067	0.000055170843	0.000392620179	-0.004185912305	0.000282144928	-0.000001501730	-0.000282398705	-0.003087807508	0.000174279491	-0.000036105263	-0.000473457146	-0.001499065123
5000.000000000000	9.999778497717	4.794600071291	-1.738153021320	0.008122315833	0.008060502013	0.504497513770	-0.680180942388	0.006845065811	0.002484435954	0.061842802032	-0.250509525309	0.002996769355	0.000141420908	0.000006625845	-0.095957459161	0.001634534572	-0.000188960676	-0.003365185292	-0.040845357008	0.000897121523	-0.000081911477	-0.000574527457	-0.019684393590	0.000590598374	0.000024689502	0.001379419376	-0.011106206561	0.000436548258	0.000104645142	0.002095064696	-0.007447683343	0.000361406848	0.000119296276	0.001853649404	-0.005711307778	0.000345898191	0.000106770858	0.001247827990	-0.005138067538	0.000324815444	0.000054236272	0.000386792060	-0.004184486980	0.000282875173	-0.000000784012	-0.000286875110	-0.003086755288	0.000173687545	-0.000037096635	-0.000474487811	-0.001496019057
5000.000000000000	9.998894798001	4.790161912633	-1.738457454310	0.008123923223	0.008051134841	0.504235691619	-0.680283014168	0.006837398318	0.002478895586	0.061722017294	-0.250481419995	0.003000439481	0.000144288667	-0.000041607217	-0.095917490350	0.001635831006	-0.000183182913	-0.003371703605	-0.040823581495	0.000897424624	-0.000080590907	-0.000577213955	-0.019680471605	0.000591002060	0.000028745468	0.001383888773	-0.011103557712	0.000433549692	0.000096070362	0.002096624069	-0.007451084540	0.000356576055	0.000120219330	0.001857993839	-0.005723059866	0.000347050967	0.000103990165	0.001240865637	-0.005138873833	0.000321747459	0.000051813706	0.000379369297	-0.004185155103	0.000281821150	-0.000001755569	-0.000291925496	-0.003085797408	0.000174432718	-0.000038784970	-0.000476499649	-0.001493690165
5000.000000000000	10.000658539614	4.791062069204	-1.738572566306	0.008128757145	0.008064836625	0.504282407896	-0.680363158441	0.006850468309	0.002472488418	0.061742767765	-0.250506392278	0.002995236804	0.000138392632	-0.000023963228	-0.095933648420	0.001635954209	-0.000177041027	-0.003366845327	-0.040830491896	0.000897858027	-0.000082046111	-0.000574355474	-0.019682360986	0.000590677921	0.000028313130	0.001388494591	-0.011112467462	0.000436646446	0.000102222494	0.002099464582	-0.007453989961	0.000367091003	0.000123416547	0.001859739818	-0.005732532041	0.000344877263	0.000098735165	0.001241960882	-0.005143222289	0.000322734755	0.000052369458	0.000381350260	-0.004187764566	0.000282101557	-0.000002344158	-0.000290550583	-0.003086656257	0.000175596105	-0.000040030755	-0.000475729047	-0.001496417537
5000.000000000000	10.001684400367	4.790212512477	-1.738628698399	0.008120871289	0.008049155119	0.504240950573	-0.680410247901	0.006846990242	0.002469471819	0.061727060181	-0.250514594423	0.002995926416	0.000152442347	-0.000021698084	-0.095927697655	0.001639829018	-0.000183079763	-0.003364612180	-0.040828819845	0.000898387439	-0.000088311988	-0.000563371318	-0.019686651117	0.000586214547	0.000028186803	0.001393190714	-0.011116389713	0.000433322326	0.000101366818	0.002102966750	-0.007456410424	0.000357658637	0.000117909320	0.001857743705	-0.005718746575	0.000347238668	0.000102192191	0.001243961085	-0.005146992046	0.000321227885	0.000055287415	0.000382534854	-0.004187890506	0.000281420450	-0.000001722085	-0.000290569107	-0.003086426278	0.000172496692	-0.000038496804	-0.000475013666	-0.001496083029
5000.000000000000	10.001162011041	4.788584845010	-1.738834188113	0.008110771433	0.008058038389	0.504016227269	-0.680420147226	0.006845789892	0.002477492690	0.061611943082	-0.250434937491	0.002985813157	0.000142946385	-0.000038480556	-0.095878653285	0.001640841570	-0.000194762394	-0.003379366873	-0.040804473319	0.000898113310	-0.000081979545	-0.000561090608	-0.019678783615	0.000587183787	0.000023580540	0.001400266583	-0.011106652919	0.000434265932	0.000096113264	0.002098578913	-0.007464290020	0.000364611931	0.000116992487	0.001841596539	-0.005714838399	0.000349773254	0.000101550056	0.001238209490	-0.005146016736	0.000322172341	0.000054829068	0.000377533984	-0.004187284470	0.000281730326	-0.000002472583	-0.000293867537	-0.003086123539	0.000171689776	-0.000037486795	-0.000476456569	-0.001493857490
5000.000000000000	9.998994239393	4.786790934701	-1.738844613650	0.008137834396	0.008040552358	0.503854666172	-0.680379718755	0.006858807111	0.002479744289	0.061548819492	-0.250367277366	0.002986032590	0.000148749922	-0.000039555006	-0.095835100071	0.001644491645	-0.000198878140	-0.003360500710	-0.040773101968	0.000894144644	-0.000085218740	-0.000552213790	-0.019671566467	0.000580960111	0.000028706820	0.001406906328	-0.011104654026	0.000431489329	0.000102316629	0.002105944810	-0.007455615954	0.000361777048	0.000119766739	0.001848627451	-0.005730648679	0.000349168429	0.000100490754	0.001239066110	-0.005147090762	0.000322604731	0.000051312600	0.000376567053	-0.004184750760	0.000281152248	-0.000002862331	-0.000292186909	-0.003084607048	0.000172601394	-0.000037776745	-0.000477784272	-0.001492316256
5000.000000000000	9.999796752298	4.787423545753	-1.739101352661	0.008121729582	0.008055080604	0.503852463288	-0.680483338901	0.006840372946	0.002456474797	0.061547541737	-0.250400446142	0.002995880925	0.000145082887	-0.000051840992	-0.095858090759	0.001637781508	-0.000186233062	-0.003367784149	-0.040769556273	0.000894636475	-0.000083807599	-0.000556006805	-0.019674492801	0.000582743566	0.000022500103	0.001403068099	-0.011107770902	0.000431602752	0.000105422310	0.002103743486	-0.007461595145	0.000358454705	0.000123689543	0.001853203831	-0.005723579458	0.000349758892	0.000094209417	0.001236923770	-0.005149278334	0.000322574500	0.000049749301	0.000374455147	-0.004185840570	0.000282206428	-0.000002202831	-0.000292960434	-0.003084735286	0.000176596878	-0.000036557524	-0.000478867031	-0.001492539993
5000.000000000000	10.000366602841	4.786553633336	-1.738988229043	0.008130955857	0.008066226344	0.503900601455	-0.680480114679	0.006835743061	0.002466424775	0.061582591597	-0.250403910067	0.002982100541	0.000148396352	-0.000047920099	-0.095855639735	0.001651394435	-0.000180884381	-0.003361071576	-0.040787366083	0.000898170622	-0.000082106999	-0.000542862477	-0.019666555632	0.000580537297	0.000024879946	0.001409333714	-0.011114080305	0.000436818147	0.000105501571	0.002114285036	-0.007466693345	0.000361443075	0.000120202939	0.001845856580	-0.005739374815	0.000341098467	0.000099993994	0.001238187251	-0.005150768530	0.000321805707	0.000053765672	0.000375513167	-0.004188086224	0.000281185600	-0.000002744594	-0.000292540135	-0.003084765470	0.000176896339	-0.000036289566	-0.000476465401	-0.001492725709
5000.000000000000	9.999468189348	4.784855207107	-1.739109956559	0.008128007425	0.008064974816	0.503837534046	-0.680499762588	0.006859951520	0.002479766474	0.061528870499	-0.250393246533	0.002983261565	0.000131581787	-0.000058653092	-0.095843749535	0.001634661898	-0.000195487624	-0.003359064970	-0.040769123558	0.000901252053	-0.000076313840	-0.000545251838	-0.019673474706	0.000585051391	0.000025732970	0.001407898081	-0.011109890387	0.000439343074	0.000101063525	0.002108362389	-0.007470479327	0.000355249405	0.000120605669	0.001853812508	-0.005734795471	0.000351150000	0.000099953124	0.001236251808	-0.005150185946	0.000322479528	0.000055169808	0.000374947863	-0.004186643298	0.000282001233	-0.000002262299	-0.000292924853	-0.003083841983	0.000171428300	-0.000035372329	-0.000477771380	-0.001491839934
5000.000000000000	10.000348056180	4.789710946214	-1.739674553491	0.008126950399	0.008050485374	0.503840455436	-0.680603963310	0.006837739113	0.002485942339	0.061521658426	-0.250442353667	0.002989137154	0.000139356590	-0.000067796759	-0.095851453607	0.001647254467	-0.000186563522	-0.003372158088	-0.040777741751	0.000895743059	-0.000079552984	-0.000549615002	-0.019675277072	0.000590082312	0.000027401764	0.001404445519	-0.011114105110	0.000432968907	0.000105921241	0.002109584787	-0.007463656875	0.000359629173	0.000114234480	0.001842581283	-0.005729367291	0.000352598855	0.000096674816	0.001235663170	-0.005151327421	0.000323942646	0.000052864952	0.000373506878	-0.004188010583	0.000282483543	-0.000002006414	-0.000294815142	-0.003085228293	0.000173936997	-0.000035003498	-0.000478546202	-0.001492984924
5000.000000000000	10.000300285201	4.785004803993	-1.739255175059	0.008135308688	0.008042092823	0.503840196116	-0.680581616421	0.006844810892	0.002472657650	0.061515637637	-0.250433483473	0.002979774078	0.000135654416	-0.000067491768	-0.095843823458	0.001656004836	-0.000185702554	-0.003364302220	-0.040778803174	0.000896390673	-0.000080828743	-0.000546172356	-0.019669721600	0.000585393601	0.000024943835	0.001406115852	-0.011117167452	0.000433388473	0.000101848324	0.002107756233	-0.007472291859	0.000363854642	0.000121130042	0.001857054935	-0.005733726006	0.000345123775	0.000097918957	0.001236625323	-0.005152816087	0.000322745724	0.000051907853	0.000374339248	-0.004188599348	0.000281721459	-0.000002179196	-0.000295027825	-0.003086450812	0.000177767638	-0.000036987359	-0.000477669586	-0.001493230758
5000.000000000000	9.999766608004	4.782816357617	-1.739276558152	0.008133062433	0.008044672365	0.503729544326	-0.680613196327	0.006828123560	0.002466292528	0.061463764116	-0.250409657025	0.002984900202	0.000132324543	-0.000080200749	-0.095836952527	0.001645563074	-0.000183917427	-0.003367049518	-0.040765113062	0.000900591759	-0.000083790149	-0.000547135598	-0.019670518018	0.000585267904	0.000027501383	0.001414639527	-0.011113277691	0.000430620616	0.000100128764	0.002105266860	-0.007473212093	0.000361524228	0.000126295214	0.001842276259	-0.005734815811	0.000345557291	0.000100844871	0.001232764775	-0.005153598688	0.000320584257	0.000052098846	0.000369528300	-0.004186842388	0.000280811861	-0.000001662182	-0.000296966400	-0.003084870776	0.000171821064	-0.000039393386	-0.000479307271	-0.001492345971
5000.000000000000	10.000165587448	4.783752909133	-1.739154320963	0.008123684299	0.008054765324	0.503848664324	-0.680597424637	0.006844227123	0.002466309013	0.061507913985	-0.250403993990	0.002988151810	0.000131442336	-0.000061123009	-0.095834657316	0.001645003075	-0.000179597039	-0.003359831786	-0.040765938278	0.000901678723	-0.000084558426	-0.000548288705	-0.019673873242	0.000579119535	0.000025204754	0.001414558281	-0.011115428732	0.000434901994	0.000102042857	0.002115312004	-0.007466100488	0.000364740482	0.000116469832	0.001840846809	-0.005731826044	0.000354129036	0.000106693162	0.001235486098	-0.005156066009	0.000323820300	0.000054008751	0.000373087155	-0.004188655928	0.000281776409	-0.000001550547	-0.000293768440	-0.003084047088	0.000176649220	-0.000038987552	-0.000477475598	-0.001492171569
5000.000000000000	10.000553000100	4.784246065779	-1.739200468183	0.008128041714	0.008044697294	0.503868895737	-0.680618689407	0.006840795843	0.002473138154	0.061511360504	-0.250438208433	0.002992976178	0.000137359077	-0.000061858110	-0.095844574716	0.001638024799	-0.000175918293	-0.003351877071	-0.040778851983	0.000892937376	-0.000083217765	-0.000544340907	-0.019673431186	0.000581917576	0.000027258258	0.001413126128	-0.011117139206	0.000431548001	0.000105658508	0.002111303350	-0.007465458140	0.000377214776	0.000120596596	0.001859963861	-0.005740567072	0.000345121705	0.000095675114	0.001234799044	-0.005153624836	0.000324058591	0.000051607565	0.000372242330	-0.004187496450	0.000281309839	-0.000002467153	-0.000294908685	-0.003086251167	0.000174840525	-0.000039034856	-0.000477576892	-0.001491917011
5000.000000000000	9.999330943762	4.782412364366	-1.739040649619	0.008120436744	0.008042342912	0.503816490952	-0.680588923479	0.006856510340	0.002468945241	0.061496643140	-0.250379260570	0.002987026008	0.000144583274	-0.000063532391	-0.095827814812	0.001635087627	-0.000180075386	-0.003350955633	-0.040755071149	0.000897039607	-0.000084380369	-0.000529236713	-0.019666107818	0.000589298263	0.000027373048	0.001421195703	-0.011110008284	0.000437543731	0.000102931796	0.002113453343	-0.007473667348	0.000362435612	0.000119876144	0.001849977025	-0.005734846054	0.000348758359	0.000099829986	0.001235336054	-0.005151230916	0.000322067307	0.000052081015	0.000371826005	-0.004187199351	0.000282779325	-0.000002769151	-0.000294382788	-0.003084898119	0.000174364952	-0.000038465355	-0.000479108319	-0.001491373005
5000.000000000000	10.000830417790	4.781942719881	-1.738993966183	0.008121876666	0.008048073717	0.503836866184	-0.680618940869	0.006852593386	0.002470505206	0.061492225216	-0.250409362784	0.002987573293	0.000142619061	-0.000073208079	-0.095830504410	0.001634620072	-0.000179827720	-0.003356627596	-0.040763654065	0.000894826560	-0.000076076162	-0.000537645917	-0.019669828342	0.000585049841	0.000026319428	0.001416601346	-0.011113865872	0.000433283562	0.000099268336	0.002114472424	-0.007470405571	0.000367022324	0.000119028854	0.001842169259	-0.005738383671	0.000345506720	0.000103450419	0.001235864301	-0.005154959202	0.000322627910	0.000055109450	0.000371835723	-0.004187662272	0.000282293334	-0.000003445851	-0.000295944696	-0.003084794977	0.000174984495	-0.000038860949	-0.000478217596	-0.001491796945
5000.000000000000	9.998853390261	4.783744297103	-1.739250067095	0.008124680831	0.008055443170	0.503754323995	-0.680615578793	0.006836433724	0.002458156217	0.061460614195	-0.250383960395	0.002993291803	0.000138937638	-0.000083487693	-0.095811524274	0.001659105453	-0.000181777136	-0.003356839569	-0.040746847184	0.000898508034	-0.000082541369	-0.000532458600	-0.019665520070	0.000584369649	0.000025113792	0.001416573719	-0.011116121084	0.000434312044	0.000107593038	0.002112721700	-0.007471460893	0.000366814444	0.000114537503	0.001855459050	-0.005731464623	0.000341353916	0.000098975737	0.001232743052	-0.005156871897	0.000321387550	0.000051551444	0.000368890664	-0.004186956515	0.000281423568	-0.000002453126	-0.000297505607	-0.003084388785	0.000175017862	-0.000039390854	-0.000479100920	-0.001491358778
5000.000000000000	9.999395680781	4.782651304746	-1.739090665576	0.008129658133	0.008047497112	0.503822971365	-0.680624712625	0.006837142595	0.002467829438	0.061478864704	-0.250407967755	0.002993172240	0.000142171508	-0.000072250241	-0.095819170050	0.001644586531	-0.000191744055	-0.003350866142	-0.040750751934	0.000901588319	-0.000085027171	-0.000531753237	-0.019667130773	0.000584054594	0.000023811438	0.001422358029	-0.011117357926	0.000436783025	0.000104904671	0.002111175454	-0.007466143445	0.000365464412	0.000120291622	0.001851165617	-0.005727926723	0.000347633040	0.000101013560	0.001234715594	-0.005154128648	0.000320814701	0.000053383841	0.000370686905	-0.004186404369	0.000282684328	-0.000002211212	-0.000296035520	-0.003084015509	0.000173739106	-0.000040939242	-0.000478019734	-0.001491672719
5000.000000000000	9.999159243842	4.783099042715	-1.738817769007	0.008138876705	0.008056085329	0.503891680299	-0.680560293944	0.006833149511	0.002464891166	0.061535587348	-0.250387605728	0.002993381705	0.000147171105	-0.000054524318	-0.095802008442	0.001654408506	-0.000182441560	-0.003333131451	-0.040755234032	0.000891075715	-0.000089740757	-0.000523835301	-0.019660755982	0.000585804312	0.000030513367	0.001432314856	-0.011118798768	0.000428566658	0.000108806292	0.002115599679	-0.007473610465	0.000363708667	0.000135924678	0.001865179255	-0.005731474923	0.000351811011	0.000101244693	0.001235378843	-0.005153745479	0.000323751562	0.000053027635	0.000373631335	-0.004188595157	0.000280917878	-0.000003358015	-0.000295663259	-0.003083923536	0.000173240095	-0.000035229218	-0.000476485562	-0.001492189579
5000.000000000000	9.999558205251	4.783483793295	-1.738867684008	0.008121808085	0.008043621078	0.503939041833	-0.680591481505	0.006841231870	0.002470829220	0.061549770767	-0.250435430300	0.002986380331	0.000144807377	-0.000061379954	-0.095821051862	0.001631231144	-0.000178518177	-0.003340155917	-0.040768957741	0.000894996784	-0.000081438227	-0.000527632287	-0.019662823885	0.000588781256	0.000029564823	0.001425553049	-0.011123472953	0.000438159395	0.000102413696	0.002112691596	-0.007472528988	0.000364623907	0.000128115317	0.001862676277	-0.005736729887	0.000347583320	0.000100131112	0.001233758429	-0.005152036965	0.000321392316	0.000052819348	0.000374103065	-0.004188838852	0.000282172914	-0.000001623437	-0.000294867853	-0.003083392129	0.000172676848	-0.000043723925	-0.000477719997	-0.001492559903
5000.000000000000	10.000526771680	4.783541704160	-1.738978368947	0.008126421397	0.008043750048	0.503950581853	-0.680670265300	0.006845609378	0.002455088704	0.061533666979	-0.250466769068	0.002993159346	0.000151598231	-0.000086340681	-0.095833738654	0.001631099364	-0.000172988481	-0.003348451059	-0.040769862816	0.000896977983	-0.000083555646	-0.000527947234	-0.019662679565	0.000591863656	0.000026579605	0.001424824558	-0.011121303112	0.000434109498	0.000101681912	0.002115807685	-0.007472493159	0.000363812835	0.000115291725	0.001846106171	-0.005753549108	0.000341499785	0.000096669160	0.001229034766	-0.005155199412	0.000322329326	0.000053625433	0.000371154304	-0.004190109083	0.000282120149	-0.000002906750	-0.000297102450	-0.003082721223	0.000177094895	-0.000031175775	-0.000477501044	-0.001492194965
5000.000000000000	10.001152066308	4.782442937727	-1.738596338462	0.008125267444	0.008060494599	0.504091736782	-0.680614963565	0.006822496155	0.002475377817	0.061605965064	-0.250462384323	0.002982686611	0.000144120383	-0.000042339715	-0.095837999808	0.001638781673	-0.000183852731	-0.003328050960	-0.040756624946	0.000894348457	-0.000082354153	-0.000515312060	-0.019662510891	0.000585593881	0.000028177684	0.001428005435	-0.011123078846	0.000432603167	0.000100667272	0.002118423987	-0.007470767332	0.000362976526	0.000108664962	0.001846848136	-0.005743688569	0.000344435475	0.000097019962	0.001235642624	-0.005154433926	0.000321399856	0.000051201311	0.000374818108	-0.004191424262	0.000282354518	-0.000001022143	-0.000295270419	-0.003084067700	0.000173109534	-0.000030940877	-0.000476558107	-0.001491901428
5000.000000000000	9.999664418682	4.785326586361	-1.738853160466	0.008121994295	0.008051540403	0.504038223132	-0.680596134444	0.006851676111	0.002466039491	0.061557539245	-0.250449927111	0.002990492944	0.000140324202	-0.000054086735	-0.095837855958	0.001636113703	-0.000198332964	-0.003327994970	-0.040748712162	0.000898388655	-0.000083037648	-0.000517223921	-0.019663243838	0.000583305537	0.000029597267	0.001433102448	-0.011124351588	0.000438174858	0.000107591587	0.002117388200	-0.007477749656	0.000357536717	0.000112646006	0.001853454954	-0.005730949355	0.000352333911	0.000096896318	0.001234313125	-0.005155467923	0.000321819571	0.000054600981	0.000373237467	-0.004188868004	0.000281328683	-0.000002496179	-0.000296539489	-0.003084546033	0.000168885786	-0.000042958289	-0.000477036872	-0.001492616403
5000.000000000000	9.999643156252	4.781484800142	-1.738357037582	0.008131575690	0.008058424334	0.504083793047	-0.680554950972	0.006844514880	0.002479629686	0.061599887988	-0.250428866166	0.002988492216	0.000133333589	-0.000049304636	-0.095832249679	0.001630144134	-0.000191512070	-0.003332144902	-0.040752862257	0.000900015327	-0.000076961113	-0.000514031867	-0.019661081216	0.000582755328	0.000026099749	0.001431724753	-0.011118205787	0.000441473619	0.000102931607	0.002119663227	-0.007476568868	0.000360764583	0.000119839677	0.001857501027	-0.005749529475	0.000341355201	0.000102754663	0.001237499869	-0.005155135068	0.000319186623	0.000052774254	0.000374590470	-0.004187498565	0.000281068908	-0.000004914383	-0.000294562259	-0.003082758559	0.000172964234	-0.000032551866	-0.000477484696	-0.001493198748
5000.000000000000	9.999604650325	4.782644780002	-1.738347447688	0.008134496254	0.008068288769	0.504154316121	-0.680539853469	0.006852004423	0.002478165716	0.061616946764	-0.250448363358	0.002993956836	0.000140873369	-0.000035067075	-0.095830254058	0.001651971042	-0.000185921273	-0.003323542222	-0.040756575301	0.000895394645	-0.000083187033	-0.000508539313	-0.019658753763	0.000584979620	0.000028307629	0.001429590523	-0.011121945205	0.000436958025	0.000107604261	0.002121434865	-0.007475415906	0.000364265056	0.000127510393	0.001859652696	-0.005740932561	0.000344297384	0.000105028992	0.001237047523	-0.005153024216	0.000321645693	0.000051069811	0.000374263932	-0.004189552834	0.000282553404	-0.000002384709	-0.000294413993	-0.003083059792	0.000168750011	-0.000038735643	-0.000475738237	-0.001492173093
5000.000000000000	9.999620177893	4.783803577044	-1.738361781433	0.008138486628	0.008059194298	0.504184330771	-0.680537272812	0.006850260216	0.002470960134	0.061631463888	-0.250446464475	0.002987290754	0.000141904978	-0.000031740286	-0.095831356240	0.001643145857	-0.000194868820	-0.003315235426	-0.040750572586	0.000896108475	-0.000080243412	-0.000509112436	-0.019655754544	0.000585932479	0.000028307820	0.001437557883	-0.011121698401	0.000440221821	0.000103702454	0.002119373763	-0.007470143500	0.000366424056	0.000113429698	0.001860579819	-0.005741974058	0.000346498822	0.000100179425	0.001238205167	-0.005149896174	0.000322585141	0.000052613976	0.000375713946	-0.004189286532	0.000281527758	-0.000003310679	-0.000294301026	-0.003083723145	0.000169311981	-0.000042576523	-0.000475518783	-0.001492353273
5000.000000000000	9.999246737916	4.784806897224	-1.738381252477	0.008123436385	0.008068955380	0.504159832819	-0.680527904638	0.006852655744	0.002481075715	0.061619993985	-0.250461299848	0.002987125048	0.000137592970	-0.000051911323	-0.095821393586	0.001656707140	-0.000195623476	-0.003318027161	-0.040760844077	0.000893981930	-0.000077204783	-0.000509931473	-0.019654204925	0.000586312739	0.000027812176	0.001434625759	-0.011120111290	0.000438978294	0.000097667408	0.002124240347	-0.007468927966	0.000362303034	0.000114738347	0.001851604734	-0.005739836105	0.000348941028	0.000100161004	0.001234971726	-0.005151721352	0.000323870966	0.000052237169	0.000374174172	-0.004188830932	0.000281384007	-0.000003213280	-0.000294851870	-0.003083262917	0.000178534309	-0.000034829983	-0.000476401164	-0.001492006503
5000.000000000000	10.000836967785	4.784170971485	-1.738013149753	0.008123743465	0.008066087211	0.504327770016	-0.680519909847	0.006853359939	0.002472134772	0.061697585206	-0.250500838331	0.002987024880	0.000139186171	-0.000014806576	-0.095838837614	0.001636475636	-0.000189507275	-0.003314547201	-0.040771193730	0.000895942907	-0.000082767412	-0.000506966949	-0.019663448882	0.000585708631	0.000029351841	0.001434909352	-0.011121172357	0.000431274882	0.000108432798	0.002127502056	-0.007473480121	0.000359642504	0.000118276649	0.001856107242	-0.005750571125	0.000348706526	0.000099898487	0.001241155788	-0.005150314698	0.000321929439	0.000050911406	0.000377297060	-0.004189721427	0.000279653429	-0.000003627421	-0.000293231427	-0.003083397131	0.000176627510	-0.000033849993	-0.000474801215	-0.001493207503
5000.000000000000	9.998938298368	4.788245577844	-1.738368586366	0.008110943879	0.008053865375	0.504300333242	-0.680485646778	0.006856605796	0.002471127095	0.061673784034	-0.250468330394	0.002993833344	0.000142630969	-0.000026399302	-0.095830044689	0.001639267764	-0.000176473301	-0.003318367045	-0.040752115808	0.000894656114	-0.000081998003	-0.000498675972	-0.019653622809	0.000579975254	0.000028169041	0.001438415358	-0.011121187349	0.000440604946	0.000104307044	0.002119948910	-0.007473212372	0.000361715338	0.000123113819	0.001866648112	-0.005725051708	0.000348159372	0.000104265655	0.001239589636	-0.005152629084	0.000321346362	0.000056203513	0.000376005610	-0.004189358020	0.000281941062	-0.000002045593	-0.000293466125	-0.003082584995	0.000166531069	-0.000042032245	-0.000474928424	-0.001492505540
5000.000000000000	10.001568886769	4.783917071272	-1.737869568430	0.008116792847	0.008076087079	0.504502393032	-0.680549924999	0.006846780450	0.002462773073	0.061742557146	-0.250531199157	0.002996272889	0.000137731548	-0.000018824355	-0.095867750748	0.001644603849	-0.000161937722	-0.003312271383	-0.040777409292	0.000897539964	-0.000079472782	-0.000512294136	-0.019668138205	0.000580815149	0.000027535735	0.001436331629	-0.011124455784	0.000437231211	0.000106678543	0.002125367765	-0.007477422285	0.000365704565	0.000127955359	0.001857501725	-0.005735814416	0.000351970987	0.000102000378	0.001237393461	-0.005152892467	0.000322617741	0.000052237376	0.000377405352	-0.004192403463	0.000281805554	-0.000002622225	-0.000292729297	-0.003084522359	0.000171157889	-0.000032546485	-0.000475401614	-0.001493884666
5000.000000000000	10.000245347937	4.784375693252	-1.737838300332	0.008119470469	0.008079064669	0.504461955149	-0.680503700837	0.006846656534	0.002488592952	0.061731690787	-0.250509558976	0.002994637286	0.000149254918	-0.000016851347	-0.095851275563	0.001639864268	-0.000186488533	-0.003315894134	-0.040765884227	0.000893303466	-0.000082069532	-0.000499969782	-0.019654299012	0.000581873314	0.000030962839	0.001440631176	-0.011123044262	0.000435503430	0.000105370563	0.002122032084	-0.007469879173	0.000364767408	0.000118707260	0.001857324976	-0.005737820806	0.000349495867	0.000104718704	0.001236758109	-0.005151244517	0.000325117007	0.000054504431	0.000375537298	-0.004188240722	0.000281952513	-0.000003032544	-0.000291976885	-0.003084012555	0.000170876397	-0.000032299585	-0.000476788311	-0.001492227155
5000.000000000000	9.999476078946	4.783612463672	-1.737666507876	0.008122330809	0.008077330754	0.504450307951	-0.680450401132	0.006836876830	0.002478068368	0.061707360360	-0.250488725084	0.002987421302	0.000143884640	-0.000020641081	-0.095835675402	0.001642824810	-0.000185986620	-0.003315309168	-0.040754052093	0.000897485541	-0.000086211299	-0.000499364324	-0.019661258113	0.000581779179	0.000025212975	0.001441621471	-0.011115244509	0.000437975908	0.000101010555	0.002121279353	-0.007470898074	0.000363248001	0.000122142158	0.001866400869	-0.005744589084	0.000347798639	0.000100388354	0.001238493366	-0.005155478097	0.000323182268	0.000053811480	0.000375868572	-0.004188100357	0.000281649528	-0.000002591383	-0.000293579118	-0.003082764225	0.000175190527	-0.000032405017	-0.000476106498	-0.001492103777
5000.000000000000	9.999493965269	4.783255289432	-1.737507083487	0.008126961183	0.008070382288	0.504509723160	-0.680452530020	0.006851301658	0.002461205681	0.061743256256	-0.250496485555	0.002988710157	0.000137576460	-0.000007871040	-0.095855950934	0.001645808283	-0.000173071941	-0.003310478650	-0.040759387653	0.000893049840	-0.000076775601	-0.000495090992	-0.019660373754	0.000587250607	0.000029056324	0.001446263165	-0.011120417236	0.000437262451	0.000106795187	0.002129193760	-0.007472467982	0.000360003164	0.000124617390	0.001868732052	-0.005746428628	0.000349344316	0.000098378759	0.001237376773	-0.005153885757	0.000323590635	0.000052674148	0.000377651296	-0.004188090780	0.000282364510	-0.000002641837	-0.000291909347	-0.003083157145	0.000181577538	-0.000036381167	-0.000476618170	-0.001491915486
5000.000000000000	10.000558681527	4.779819033934	-1.737077580491	0.008125574131	0.008071542696	0.504651333737	-0.680459620088	0.006856095231	0.002479315995	0.061785983087	-0.250531331243	0.002987552182	0.000146419425	-0.000004012672	-0.095869393756	0.001637471102	-0.000181333756	-0.003299620795	-0.040770277067	0.000896671764	-0.000085536204	-0.000494351210	-0.019660247060	0.000584890619	0.000029301786	0.001446772660	-0.011121399446	0.000433272200	0.000104046966	0.002120254463	-0.007475665255	0.000361184665	0.000121198340	0.001865663010	-0.005743212607	0.000349351322	0.000103527809	0.001243356845	-0.005153284876	0.000323507512	0.000051452314	0.000378304384	-0.004189108973	0.000282551566	-0.000001799189	-0.000292921294	-0.003083103144	0.000168893599	-0.000040896592	-0.000474524594	-0.001493681278
5000.000000000000	9.998975220829	4.778866209661	-1.737040576512	0.008122636932	0.008072544108	0.504624123484	-0.680456318225	0.006850719368	0.002483517263	0.061777859350	-0.250528018271	0.002996218203	0.000141581154	-0.000008209407	-0.095862373437	0.001642770987	-0.000181169764	-0.003307575050	-0.040755752116	0.000898771769	-0.000081460937	-0.000495441766	-0.019657599739	0.000585507037	0.000029626772	0.001443856061	-0.011121325135	0.000434534886	0.000103984918	0.002123843701	-0.007465654292	0.000359652807	0.000121143158	0.001856885463	-0.005740148889	0.000349628438	0.000104731606	0.001241730866	-0.005150893392	0.000321462662	0.000054842576	0.000376504068	-0.004188002979	0.000282192571	-0.000001972700	-0.000292123245	-0.003083267166	0.000179599283	-0.000039152512	-0.000474732679	-0.001493151265
5000.000000000000	10.001002438233	4.778550536416	-1.737086705455	0.008072293822	0.008057820508	0.504773576359	-0.680544281490	0.006847051923	0.002475731215	0.061803625138	-0.250611386521	0.002997407195	0.000138265056	-0.000009185391	-0.095902955337	0.001636872336	-0.000195569506	-0.003310310759	-0.040784458533	0.000897284557	-0.000080297026	-0.000503341249	-0.019667082978	0.000588213751	0.000022586687	0.001434943157	-0.011132003127	0.000431610266	0.000106468575	0.002121302885	-0.007480483176	0.000368110511	0.000122273805	0.001845642237	-0.005735863924	0.000349981866	0.000093412228	0.001239131042	-0.005157820922	0.000322276310	0.000052812909	0.000375585783	-0.004188895418	0.000281860499	-0.000003088799	-0.000293195287	-0.003085251797	0.000171759947	-0.000039109628	-0.000475836436	-0.001493582113
5000.000000000000	10.000000771930	4.780185913159	-1.736997735766	0.008111087421	0.008096301597	0.504799999456	-0.680456216819	0.006841700424	0.002479904548	0.061833765087	-0.250574924146	0.002994829112	0.000137305711	0.000016870102	-0.095884518052	0.001643173403	-0.000185109575	-0.003296401969	-0.040762543198	0.000893898756	-0.000078674652	-0.000486980469	-0.019662250699	0.000584756030	0.000026575314	0.001448133181	-0.011126254240	0.000429638354	0.000105524069	0.002122526648	-0.007474557443	0.000368979722	0.000125912868	0.001878853252	-0.005745231203	0.000352525843	0.000103826505	0.001240084887	-0.005152396348	0.000321735098	0.000055075371	0.000378703602	-0.004189063418	0.000281263934	-0.000003422444	-0.000290920819	-0.003083996823	0.000174552479	-0.000039456974	-0.000475054291	-0.001493743157
5000.000000000000	9.997585442475	4.777445439480	-1.736727702926	0.008175011201	0.008079002233	0.504800670393	-0.680382500873	0.006848450502	0.002476334538	0.061839846988	-0.250546243153	0.002997958484	0.000148988405	0.000010478373	-0.095863103115	0.001642066412	-0.000188163721	-0.003293874410	-0.040755844690	0.000897372500	-0.000084501590	-0.000486937642	-0.019657858619	0.000583242556	0.000028730968	0.001449737500	-0.011121191957	0.000434214178	0.000107351951	0.002129569202	-0.007475470087	0.000371795418	0.000120335641	0.001878600130	-0.005735457916	0.000353735823	0.000104225481	0.001240490016	-0.005149896149	0.000320866181	0.000052774105	0.000378146113	-0.004186595059	0.000281704910	-0.000003465513	-0.000290530964	-0.003083155523	0.000172983646	-0.000038863676	-0.000475034110	-0.001491739868
5000.000000000000	10.001467060322	4.775070657254	-1.736284226227	0.008131232282	0.008057774108	0.505047716826	-0.680469679331	0.006839550725	0.002471109862	0.061937178536	-0.250645985740	0.002990533829	0.000148187931	0.000025209015	-0.095927462845	0.001632705545	-0.000194077031	-0.003301769664	-0.040796936216	0.000893599323	-0.000079519321	-0.000493274622	-0.019669641028	0.000587843722	0.000031363590	0.001438291000	-0.011132702505	0.000433337929	0.000107908615	0.002129385886	-0.007465347852	0.000371362605	0.000122989411	0.001864584187	-0.005741140628	0.000353133419	0.000098839138	0.001241557604	-0.005152028469	0.000324347887	0.000052178278	0.000381661334	-0.004190045696	0.000283363914	-0.000002396761	-0.000291107651	-0.003085651874	0.000175322366	-0.000039782650	-0.000474460648	-0.001495362931
5000.000000000000	9.999888932252	4.775890966731	-1.736186267510	0.008127161495	0.008071149401	0.505050825833	-0.680396340635	0.006860702734	0.002484295442	0.061936797227	-0.250590651781	0.002998094478	0.000140853827	0.000043242290	-0.095894926214	0.001638138421	-0.000197057462	-0.003290095276	-0.040781202760	0.000895933254	-0.000083689690	-0.000476593178	-0.019657691093	0.000586403761	0.000028197235	0.001451766731	-0.011127771736	0.000431122897	0.000107158238	0.002136444645	-0.007469698681	0.000365663426	0.000113675273	0.001863594748	-0.005732082221	0.000351031061	0.000105080520	0.001246258084	-0.005152277699	0.000321111692	0.000055590939	0.000380768681	-0.004189522645	0.000282389988	-0.000000687766	-0.000289969257	-0.003084501368	0.000176370403	-0.000039977770	-0.000473766964	-0.001494192130
5000.000000000000	10.000310217858	4.778664196552	-1.736381711832	0.008133410122	0.008062273365	0.505088483030	-0.680423508840	0.006853550487	0.002484435668	0.061953356980	-0.250621057780	0.002994399341	0.000133918291	0.000027055155	-0.095905167607	0.001640684471	-0.000179970159	-0.003284956647	-0.040786440403	0.000898170737	-0.000077831461	-0.000484614592	-0.019660752121	0.000588737231	0.000028118939	0.001455009732	-0.011127428165	0.000435595796	0.000103317473	0.002125865601	-0.007475950852	0.000361630985	0.000128577669	0.001870143996	-0.005739004069	0.000353786613	0.000097104182	0.001242736321	-0.005149346866	0.000323103729	0.000052316268	0.000381091641	-0.004189541300	0.000282141075	-0.000001495029	-0.000289781506	-0.003083672272	0.000171524910	-0.000038885577	-0.000474385578	-0.001493787869
5000.000000000000	9.998245915880	4.777451300077	-1.736037221547	0.008118802222	0.008075463295	0.505128935292	-0.680324849588	0.006862850769	0.002472994688	0.061968207536	-0.250571727377	0.002993078905	0.000132456981	0.000060277868	-0.095877875414	0.001642219915	-0.000187039123	-0.003278901582	-0.040764346921	0.000895850395	-0.000080040178	-0.000473070411	-0.019658834775	0.000585873557	0.000033919940	0.001456476823	-0.011121675083	0.000433674673	0.000108368341	0.002135497913	-0.007475305108	0.000359878110	0.000122933579	0.001868363330	-0.005740911229	0.000348607444	0.000105233972	0.001246114320	-0.005153057705	0.000319822943	0.000054988499	0.000383513345	-0.004186638846	0.000281275022	-0.000001171369	-0.000287343305	-0.003083597752	0.000174488668	-0.000035477788	-0.000473145062	-0.001493227602
5000.000000000000	9.998344834746	4.778391039938	-1.736019790861	0.008114207823	0.008068147941	0.505158614599	-0.680328238494	0.006852098439	0.002471232719	0.061971912351	-0.250598230976	0.003002415362	0.000142614027	0.000042631212	-0.095891875581	0.001632014911	-0.000187217674	-0.003274192123	-0.040774542363	0.000890427779	-0.000073335366	-0.000469833791	-0.019657036391	0.000584114943	0.000031750270	0.001453155335	-0.011126084549	0.000425979606	0.000104845443	0.002137565908	-0.007471287514	0.000360153243	0.000117991927	0.001867597453	-0.005741553432	0.000340278180	0.000100234130	0.001246264037	-0.005148960534	0.000323121366	0.000050458430	0.000383739976	-0.004187754898	0.000281493207	-0.000001493050	-0.000289206536	-0.003083648179	0.000171894919	-0.000040128391	-0.000473462190	-0.001494370260
5000.000000000000	10.000337392886	4.776591077428	-1.735847961366	0.008139580960	0.008072631608	0.505336762215	-0.680446767289	0.006848150073	0.002485534223	0.062019693202	-0.250694458083	0.002994254572	0.000141910554	0.000035793187	-0.095955483957	0.001645541229	-0.000181694214	-0.003303293194	-0.040790046805	0.000898430229	-0.000081739164	-0.000489195125	-0.019671222014	0.000583874357	0.000029171487	0.001448727035	-0.011128731470	0.000436549816	0.000104073457	0.002125579137	-0.007480680800	0.000361866811	0.000129494878	0.001861718532	-0.005732586525	0.000347762764	0.000100075288	0.001244545282	-0.005151810669	0.000325123863	0.000053153962	0.000382598908	-0.004189681492	0.000281723864	-0.000002518623	-0.000291108020	-0.003084658993	0.000173479824	-0.000034570454	-0.000474220534	-0.001494401822
5000.000000000000	10.001482797685	4.775524069719	-1.735644596307	0.008129458574	0.008073593194	0.505406957998	-0.680440649148	0.006854487697	0.002485916412	0.062039335201	-0.250706619486	0.002993003882	0.000146811434	0.000038413832	-0.095967609092	0.001635264256	-0.000177081474	-0.003293789947	-0.040796833609	0.000901226081	-0.000079884010	-0.000482519844	-0.019670732899	0.000584042788	0.000030837487	0.001451913051	-0.011127601925	0.000435104192	0.000110068287	0.002130307801	-0.007479185004	0.000366134832	0.000120093272	0.001857263564	-0.005738059730	0.000346396182	0.000097367674	0.001245346932	-0.005154230395	0.000320172400	0.000053503758	0.000382016793	-0.004192205685	0.000281081818	-0.000001965938	-0.000290812333	-0.003085838675	0.000173950794	-0.000040970792	-0.000475080444	-0.001494507169
5000.000000000000	9.998970665952	4.774918822480	-1.735315376635	0.008125349460	0.008054764318	0.505445723572	-0.680326325968	0.006848465282	0.002481491332	0.062095992432	-0.250659090789	0.002999464380	0.000140084990	0.000069999863	-0.095939311351	0.001634911144	-0.000171064830	-0.003270259693	-0.040781438504	0.000896115416	-0.000074719095	-0.000467341919	-0.019662561197	0.000586462720	0.000028193418	0.001458132526	-0.011130568129	0.000439006562	0.000107965363	0.002134880411	-0.007473289448	0.000368130112	0.000125996643	0.001868992910	-0.005740442933	0.000344710785	0.000103453591	0.001245761110	-0.005148948460	0.000322358211	0.000054166254	0.000384212550	-0.004189449220	0.000281071125	-0.000000987104	-0.000287875014	-0.003083231934	0.000177048461	-0.000039170249	-0.000472718856	-0.001495248436
5000.000000000000	10.001181433336	4.779167763370	-1.735592904776	0.008117745463	0.008068832184	0.505593274726	-0.680412531177	0.006857058451	0.002486493660	0.062107415830	-0.250749616195	0.002992691688	0.000139571024	0.000065812824	-0.095969229522	0.001639115649	-0.000185210416	-0.003283968094	-0.040800010436	0.000898712860	-0.000070503246	-0.000475663006	-0.019674042382	0.000585726831	0.000029647825	0.001451256460	-0.011130107473	0.000430608612	0.000101795172	0.002138890262	-0.007481369386	0.000367757323	0.000120104262	0.001860813118	-0.005744218066	0.000348597395	0.000099587880	0.001245884510	-0.005153055850	0.000324829423	0.000053368549	0.000384493411	-0.004190618352	0.000282251651	-0.000001256269	-0.000288738690	-0.003086172909	0.000172997353	-0.000034107180	-0.000473206770	-0.001494372638
5000.000000000000	10.000499957306	4.777598757566	-1.735373262062	0.008116779546	0.008083933988	0.505611076663	-0.680379179594	0.006836646008	0.002474575032	0.062117352393	-0.250731132145	0.003005623922	0.000139401334	0.000062539144	-0.095957115662	0.001644042346	-0.000176813553	-0.003280540827	-0.040795613417	0.000898111663	-0.000078815912	-0.000475401830	-0.019666488021	0.000589495706	0.000029597033	0.001458404018	-0.011130310081	0.000430664257	0.000097673217	0.002134886477	-0.007472781518	0.000356257074	0.000118334850	0.001860717323	-0.005725259041	0.000349597582	0.000100163228	0.001242821228	-0.005153572756	0.000322779503	0.000055223871	0.000383322817	-0.004188056348	0.000281945269	-0.000001501252	-0.000288207710	-0.003084966769	0.000170012124	-0.000034731249	-0.000472838752	-0.001495182645
5000.000000000000	10.000350966612	4.774581222784	-1.735030359187	0.008129615433	0.008076093017	0.505655861668	-0.680361334569	0.006843547987	0.002488868775	0.062135259797	-0.250733404005	0.003008667847	0.000146114617	0.000073486436	-0.095949387835	0.001652372123	-0.000197974426	-0.003275746720	-0.040800167174	0.000902681835	-0.000081170850	-0.000471001707	-0.019663208527	0.000580585992	0.000029412800	0.001461100802	-0.011129590901	0.000434327834	0.000106854491	0.002132887545	-0.007469111752	0.000359785981	0.000125877292	0.001867628340	-0.005735272739	0.000346613470	0.000102593379	0.001246514226	-0.005150133218	0.000323974062	0.000056186101	0.000383595733	-0.004189190487	0.000282035938	-0.000000796852	-0.000287541944	-0.003083568233	0.000172918236	-0.000032347856	-0.000474090615	-0.001494539504
5000.000000000000	9.998600222304	4.775604500687	-1.734940661959	0.008121931928	0.008073244264	0.505686700070	-0.680307088626	0.006856571378	0.002495842948	0.062152656789	-0.250699655640	0.002999252786	0.000143563117	0.000088804579	-0.095950593299	0.001639598665	-0.000192244248	-0.003271130819	-0.040788614103	0.000898292333	-0.000080764101	-0.000466968269	-0.019666546363	0.000579442814	0.000034342799	0.001463071932	-0.011124435791	0.000434292199	0.000106461280	0.002138659088	-0.007473313400	0.000358337162	0.000116869501	0.001874981399	-0.005725794445	0.000349065223	0.000097987920	0.001247519105	-0.005150357235	0.000320461737	0.000055108705	0.000385462260	-0.004188998887	0.000282994241	-0.000000894370	-0.000287388088	-0.003084258153	0.000170184488	-0.000041846639	-0.000471843286	-0.001494424829
5000.000000000000	9.999409367390	4.773203570156	-1.734593239731	0.008118986452	0.008067283020	0.505783079442	-0.680303712148	0.006858365912	0.002500512911	0.062177789627	-0.250727923431	0.002996106008	0.000148211202	0.000089680768	-0.095964972219	0.001650007666	-0.000179351758	-0.003266723326	-0.040791458598	0.000900350078	-0.000079752663	-0.000460471827	-0.019659886078	0.000586053201	0.000033279420	0.001461371958	-0.011128487498	0.000432808738	0.000106401315	0.002137217580	-0.007477605785	0.000366481996	0.000125713668	0.001875815588	-0.005741131881	0.000348037050	0.000097148166	0.001247893017	-0.005147802673	0.000321741219	0.000052055830	0.000386788482	-0.004188663191	0.000283008478	-0.000002571675	-0.000287739858	-0.003083326790	0.000179936767	-0.000036812395	-0.000472883333	-0.001495008844
5000.000000000000	9.999512181230	4.774670581859	-1.734692363379	0.008108042302	0.008064222732	0.505814689101	-0.680336930435	0.006856687765	0.002483910274	0.062187430848	-0.250756204553	0.003003048591	0.000142109742	0.000091762773	-0.095966156368	0.001651480448	-0.000170383089	-0.003264695328	-0.040797106519	0.000898580627	-0.000079419725	-0.000463276236	-0.019663281916	0.000593524068	0.000032194288	0.001460931283	-0.011129949172	0.000431572295	0.000109768248	0.002139164019	-0.007477708590	0.000365080046	0.000126430558	0.001859686933	-0.005727885644	0.000346380388	0.000098272793	0.001248519920	-0.005151936973	0.000322372066	0.000054686964	0.000384374181	-0.004188347877	0.000281976569	-0.000000587686	-0.000288356566	-0.003085114057	0.000172595356	-0.000033379154	-0.000473678509	-0.001493981519
5000.000000000000	10.000188717267	4.776277239433	-1.734493418248	0.008120781425	0.008073289957	0.506015570385	-0.680290059830	0.006852281299	0.002481882054	0.062258181231	-0.250782877714	0.002999584916	0.000147226085	0.000117055832	-0.096000034519	0.001641090789	-0.000194400289	-0.003257509142	-0.040810460242	0.000891679634	-0.000076637006	-0.000454361873	-0.019675804749	0.000583492799	0.000028127816	0.001466856569	-0.011135954370	0.000433779628	0.000108324616	0.002143845361	-0.007479036725	0.000360449374	0.000127946610	0.001875587711	-0.005735320300	0.000341341087	0.000098736444	0.001253671323	-0.005150855878	0.000319656954	0.000055949278	0.000388577007	-0.004188903015	0.000281462133	-0.000001719243	-0.000285168151	-0.003086894009	0.000179437755	-0.000038224998	-0.000470866113	-0.001495197414
5000.000000000000	10.001029570436	4.777578854367	-1.734677270887	0.008114127464	0.008085457286	0.506080774006	-0.680385719030	0.006855713805	0.002499883532	0.062264815340	-0.250849307547	0.003007937448	0.000146247573	0.000095941103	-0.096031442711	0.001637829103	-0.000185640673	-0.003264094676	-0.040815971594	0.000899874309	-0.000077502801	-0.000463106964	-0.019675003474	0.000582714357	0.000031664787	0.001461691457	-0.011133829703	0.000432446176	0.000103572456	0.002138216194	-0.007472981392	0.000366906137	0.000132550494	0.001867650224	-0.005740708001	0.000347635447	0.000105464763	0.001251023631	-0.005150644685	0.000321874222	0.000054732725	0.000385063611	-0.004189998822	0.000281085819	-0.000003467402	-0.000287299043	-0.003087390768	0.000172854421	-0.000032029301	-0.000473016072	-0.001495395397
5000.000000000000	10.000286481045	4.777538030004	-1.734396790121	0.008124101927	0.008070777159	0.506189090047	-0.680318131237	0.006855688931	0.002492689151	0.062336740923	-0.250841746333	0.002995212877	0.000151004182	0.000115027317	-0.096022565817	0.001632413492	-0.000178035850	-0.003251322447	-0.040815469405	0.000898747067	-0.000078766465	-0.000456790132	-0.019675010552	0.000586608523	0.000035753033	0.001465763910	-0.011133737860	0.000427115888	0.000102212171	0.002136928016	-0.007473881386	0.000363902000	0.000115985877	0.001863425296	-0.005727008893	0.000344895713	0.000101483878	0.001250864552	-0.005150335145	0.000322221596	0.000057101651	0.000389165214	-0.004188468476	0.000282501976	-0.000001447922	-0.000284633621	-0.003085399784	0.000168169586	-0.000035461607	-0.000472422097	-0.001496251841
5000.000000000000	9.999874500727	4.775109152499	-1.734010740003	0.008111481631	0.008077474766	0.506231059316	-0.680264639773	0.006865940381	0.002492808197	0.062349577506	-0.250817767852	0.003002716323	0.000142826787	0.000139256005	-0.096006476999	0.001646781098	-0.000168388033	-0.003243654082	-0.040814944559	0.000896955996	-0.000077267860	-0.000451916544	-0.019667984556	0.000585625634	0.000026542871	0.001471808738	-0.011129395083	0.000432469247	0.000104096333	0.002137230553	-0.007470674866	0.000359828068	0.000130158583	0.001880170255	-0.005735923422	0.000351988709	0.000101609995	0.001255921372	-0.005147180399	0.000323318283	0.000056515121	0.000391031309	-0.004190652509	0.000283112407	-0.000001330856	-0.000283943713	-0.003087157854	0.000170798869	-0.000032430208	-0.000471086105	-0.001496836138
5000.000000000000	10.001357635633	4.774404195974	-1.733864081308	0.008114819045	0.008068338668	0.506398631945	-0.680327791236	0.006845598647	0.002498146815	0.062405686691	-0.250898054687	0.002998674127	0.000140999408	0.000130925431	-0.096060507231	0.001641142955	-0.000173118797	-0.003254504943	-0.040828814859	0.000897177118	-0.000077207384	-0.000457979900	-0.019680644087	0.000583606849	0.000032924441	0.001466437526	-0.011133684055	0.000438693783	0.000109423386	0.002139947408	-0.007476983548	0.000364777372	0.000121604914	0.001875500465	-0.005742362956	0.000352280564	0.000098082036	0.001255437330	-0.005148672285	0.000323686905	0.000055745017	0.000391414806	-0.004190667392	0.000282227906	-0.000001276843	-0.000283431479	-0.003087892602	0.000170736019	-0.000045338966	-0.000472026569	-0.001497840658
5000.000000000000	10.000564464413	4.772721603599	-1.733450013099	0.008111281450	0.008094377491	0.506435252024	-0.680244712507	0.006855759675	0.002513519071	0.062431606848	-0.250883355305	0.003005136229	0.000153134980	0.000158148582	-0.096045981767	0.001642033870	-0.000184545456	-0.003251994998	-0.040808604467	0.000893632963	-0.000084134260	-0.000449414846	-0.019676079038	0.000585237239	0.000031219062	0.001475013125	-0.011137577513	0.000440383214	0.000107308837	0.002144581255	-0.007471275585	0.000358947296	0.000116086034	0.001880316905	-0.005722318490	0.000352794429	0.000107368589	0.001256592855	-0.005149387176	0.000323481081	0.000055942521	0.000394544124	-0.004187993408	0.000282311766	-0.000001290279	-0.000281420839	-0.003086018553	0.000171038032	-0.000042121495	-0.000469932000	-0.001496550942
5000.000000000000	9.999725315502	4.772677181858	-1.733501616215	0.008115942777	0.008087057111	0.506410237683	-0.680272330714	0.006849967665	0.002503540814	0.062398494342	-0.250876482627	0.002995672262	0.000150707655	0.000140435465	-0.096030603337	0.001636784343	-0.000198120109	-0.003245592289	-0.040811022906	0.000896451524	-0.000080432767	-0.000445646653	-0.019669329343	0.000580274534	0.000028704074	0.001468747380	-0.011133423699	0.000436607663	0.000103614011	0.002144874279	-0.007476949567	0.000354980397	0.000129360474	0.001887905434	-0.005729388554	0.000346039243	0.000101581418	0.001252330191	-0.005152758290	0.000322104686	0.000053341357	0.000389898223	-0.004188401620	0.000282950958	-0.000002052035	-0.000282811261	-0.003084990706	0.000176430571	-0.000039491436	-0.000471821124	-0.001495505719
5000.000000000000	9.998286104010	4.773419104988	-1.733250649668	0.008129348945	0.008082358506	0.506509471337	-0.680166941568	0.006844329716	0.002506398361	0.062444820300	-0.250836598182	0.003002887765	0.000157701001	0.000176224036	-0.096029251398	0.001639143160	-0.000182060507	-0.003229201154	-0.040812983993	0.000898281724	-0.000083161267	-0.000437534411	-0.019675027312	0.000583164155	0.000028766007	0.001474099606	-0.011127275042	0.000433712998	0.000103388957	0.002148870842	-0.007471183603	0.000358350255	0.000122178161	0.001888648590	-0.005732040465	0.000344312627	0.000105425094	0.001256412897	-0.005151557617	0.000321680051	0.000054095525	0.000394140367	-0.004187223886	0.000282277954	-0.000001584395	-0.000281077265	-0.003085259501	0.000172659624	-0.000041052994	-0.000469950490	-0.001496226618
5000.000000000000	10.000163369316	4.774904946627	-1.733329768827	0.008112633314	0.008096301364	0.506617671470	-0.680260444181	0.006855778875	0.002492594778	0.062477309634	-0.250915303038	0.003006939041	0.000155121550	0.000157615847	-0.096067365490	0.001652769452	-0.000181875174	-0.003236458019	-0.040816746208	0.000899086703	-0.000079485464	-0.000442396654	-0.019678475887	0.000586055420	0.000032908994	0.001475629153	-0.011131413573	0.000437489099	0.000102928080	0.002147886917	-0.007467224779	0.000356153457	0.000115004910	0.001874534009	-0.005712796852	0.000357602704	0.000102700092	0.001254066658	-0.005148980822	0.000325380847	0.000053347074	0.000394349801	-0.004189886468	0.000281867721	-0.000001533962	-0.000283387079	-0.003086455123	0.000178985609	-0.000039418183	-0.000469847209	-0.001496175339
5000.000000000000	10.002300985070	4.804991397115	-1.735151791074	0.008109312429	0.008072197680	0.506836094457	-0.680280237233	0.006857770112	0.002502144748	0.062572713402	-0.250984768509	0.003004911158	0.000143470827	0.000174769581	-0.096107354862	0.001635330112	-0.000191201971	-0.003238641566	-0.040850531702	0.000897328397	-0.000080410542	-0.000446935894	-0.019683184453	0.000585417039	0.000033589414	0.001467608563	-0.011145926486	0.000437819355	0.000109298216	0.002141490418	-0.007472704185	0.000365688684	0.000110085243	0.001877404408	-0.005750551733	0.000348007592	0.000105580306	0.001259796988	-0.005148881800	0.000323009529	0.000055859187	0.000395945951	-0.004192100434	0.000281230199	-0.000000744941	-0.000278843909	-0.003087311879	0.000170972623	-0.000040330477	-0.000471049525	-0.001497843510
5000.000000000000	10.001607020116	4.773014331461	-1.732927761678	0.008113011416	0.008095637019	0.506756880495	-0.680270821477	0.006866341850	0.002501773240	0.062496250913	-0.250964901733	0.003003216411	0.000151041681	0.000169059609	-0.096092477156	0.001648665427	-0.000178114358	-0.003240370520	-0.040822228693	0.000898834315	-0.000079436922	-0.000448258769	-0.019677295813	0.000585579641	0.000028608298	0.001476243025	-0.011131340410	0.000434681088	0.000103384825	0.002142125587	-0.007477258988	0.000359795752	0.000121150228	0.001876319278	-0.005725333152	0.000349726414	0.000105887402	0.001255802255	-0.005148800360	0.000320376856	0.000055348972	0.000393351535	-0.004189229186	0.000282479852	0.000000074172	-0.000281974088	-0.003087090816	0.000174607924	-0.000041211677	-0.000470394288	-0.001496373023
5000.000000000000	9.997233300288	4.774561166496	-1.733038483298	0.008105064166	0.008085012835	0.506660757376	-0.680179973258	0.006847359425	0.002487034725	0.062450317766	-0.250885385452	0.002997221090	0.000145764578	0.000173348846	-0.096045460807	0.001645689875	-0.000181635376	-0.003234740080	-0.040791453204	0.000898613159	-0.000076326546	-0.000441116647	-0.019672669221	0.000585104233	0.000028794475	0.001481013553	-0.011127202753	0.000436394322	0.000100580027	0.002149206743	-0.007477240501	0.000362853469	0.000110491542	0.001870916982	-0.005726584697	0.000354207641	0.000101128974	0.001259244469	-0.005151752640	0.000320713685	0.000056016037	0.000390169623	-0.004186036924	0.000282347238	-0.000001111411	-0.000282546206	-0.003085720997	0.000173059009	-0.000037370488	-0.000471822052	-0.001494757524
5000.000000000000	10.000839720364	4.769714223340	-1.732354625213	0.008117236902	0.008072720233	0.506873515818	-0.680192731089	0.006847752393	0.002491132388	0.062567167558	-0.250950338718	0.002990324482	0.000152048335	0.000187440212	-0.096080177390	0.001652170616	-0.000167594731	-0.003231281182	-0.040824338351	0.000892525398	-0.000078215986	-0.000439256409	-0.019671336163	0.000585927172	0.000030524211	0.001481545056	-0.011132415764	0.000433550044	0.000109179441	0.002149212800	-0.007478349545	0.000362300416	0.000120022266	0.001877709932	-0.005743047724	0.000345479390	0.000103947825	0.001259654021	-0.005150597901	0.000322864492	0.000053319564	0.000395305860	-0.004188914013	0.000281470067	-0.000002284296	-0.000282112094	-0.003086974191	0.000176912816	-0.000038198436	-0.000469936036	-0.001497214355
5000.000000000000	9.999054807347	4.769086437985	-1.732066132337	0.008106110478	0.008080954736	0.506966089074	-0.680097308757	0.006859618590	0.002498587155	0.062611250548	-0.250919154536	0.002994105932	0.000156085288	0.000216482149	-0.096069641249	0.001649652952	-0.000180666559	-0.003212418396	-0.040811951267	0.000900969991	-0.000075135848	-0.000425855326	-0.019671097589	0.000585009899	0.000031117020	0.001487086110	-0.011130310670	0.000432445654	0.000110478056	0.002157235777	-0.007469649206	0.000357802939	0.000120142283	0.001885817214	-0.005734831019	0.000346575063	0.000104548457	0.001263936990	-0.005146872070	0.000321764773	0.000053699805	0.000396121638	-0.004188225319	0.000283343220	-0.000002845367	-0.000277320281	-0.003086305503	0.000176672547	-0.000034186170	-0.000468254135	-0.001496043440
5000.000000000000	9.999864032759	4.770720587657	-1.732391194174	0.008112074383	0.008083347895	0.507006066564	-0.680226977144	0.006866117027	0.002509841539	0.062598025670	-0.251000300483	0.003006480540	0.000152114309	0.000184559167	-0.096102524965	0.001636191877	-0.000177654842	-0.003238528495	-0.040837327618	0.000896980139	-0.000084180259	-0.000437539942	-0.019681897668	0.000585004606	0.000031741815	0.001475735885	-0.011136008689	0.000439604507	0.000108929969	0.002142043717	-0.007478408906	0.000355017012	0.000123752940	0.001879547043	-0.005725290180	0.000346998988	0.000103550514	0.001255873665	-0.005147575598	0.000324543179	0.000056096103	0.000393452082	-0.004190248437	0.000281457528	-0.000000904535	-0.000280770108	-0.003088320370	0.000177746299	-0.000031261821	-0.000470912289	-0.001497355180
5000.000000000000	10.000907420009	4.771660744153	-1.732317494733	0.008126270313	0.008070355865	0.507088352990	-0.680220766146	0.006849781748	0.002514049196	0.062630961093	-0.251011528164	0.003003554469	0.000150262096	0.000179513905	-0.096116211628	0.001657239861	-0.000179275032	-0.003226077356	-0.040833554205	0.000905338248	-0.000074616839	-0.000435848951	-0.019678123488	0.000582780327	0.000031470015	0.001477618567	-0.011138306198	0.000435200099	0.000106367554	0.002143723292	-0.007478874914	0.000362741046	0.000120235275	0.001874431955	-0.005733238539	0.000351541642	0.000102579874	0.001258335686	-0.005149333972	0.000321615019	0.000057405270	0.000394939008	-0.004190421002	0.000281019135	-0.000000053342	-0.000280908596	-0.003088103994	0.000183108317	-0.000038397488	-0.000470250088	-0.001497447379
5000.000000000000	9.999374122685	4.773926925226	-1.732324907953	0.008105456030	0.008084764410	0.507150822762	-0.680152997872	0.006852491007	0.002514799865	0.062655063878	-0.250994128055	0.003002351199	0.000151459823	0.000208456845	-0.096102586547	0.001657281367	-0.000174681279	-0.003210683272	-0.040825114011	0.000891645442	-0.000077762287	-0.000428828630	-0.019678827785	0.000582583319	0.000037857290	0.001487966371	-0.011132449200	0.000434974040	0.000102156207	0.002146647880	-0.007469046990	0.000360977170	0.000120784352	0.001884425401	-0.005734496096	0.000345374138	0.000101541960	0.001261630595	-0.005146675283	0.000321842013	0.000054625710	0.000396003193	-0.004187473476	0.000281821644	-0.000000866062	-0.000280717415	-0.003086729553	0.000179600733	-0.000041958605	-0.000471339019	-0.001497256616
5000.000000000000	10.000385557019	4.772723607137	-1.731948844630	0.008101962816	0.008089611243	0.507296000808	-0.680152149591	0.006835261991	0.002494394740	0.062714098070	-0.251037569547	0.003002178816	0.000153151713	0.000226778518	-0.096124343579	0.001644483150	-0.000180711647	-0.003212712656	-0.040842418714	0.000893356760	-0.000075592342	-0.000427202545	-0.019678798771	0.000587490239	0.000033030138	0.001488520784	-0.011134308344	0.000431154949	0.000109595593	0.002153011914	-0.007476359065	0.000360805201	0.000117299685	0.001886826313	-0.005738627678	0.000349523048	0.000097834741	0.001263255177	-0.005148831653	0.000322078057	0.000052902099	0.000398504899	-0.004189382481	0.000280090557	-0.000000643602	-0.000278619244	-0.003086869065	0.000177571880	-0.000043419842	-0.000468275387	-0.001497677440
5000.000000000000	9.998996833193	4.772097573134	-1.731799828974	0.008107288577	0.008086777943	0.507327458932	-0.680097168932	0.006854053364	0.002507790984	0.062736752497	-0.251013914261	0.003005101494	0.000146911087	0.000222217662	-0.096115313745	0.001646357056	-0.000187926921	-0.003205920410	-0.040828673120	0.000896798835	-0.000079798719	-0.000421418475	-0.019671727629	0.000590721375	0.000030253158	0.001486725776	-0.011133906973	0.000436294096	0.000107946395	0.002151554672	-0.007477277519	0.000359748772	0.000124089603	0.001878714122	-0.005728867648	0.000345778335	0.000095923475	0.001266318693	-0.005150762700	0.000320893911	0.000054383580	0.000398375317	-0.004189547748	0.000281020189	-0.000000047796	-0.000277276872	-0.003085729876	0.000174676602	-0.000033975521	-0.000468756928	-0.001497312637
5000.000000000000	9.999930845673	4.773211087196	-1.731723021622	0.008100933903	0.008090123895	0.507452925494	-0.680105072719	0.006859102672	0.002513117512	0.062789008351	-0.251052101148	0.003006476372	0.000151142515	0.000247329887	-0.096141772780	0.001662428028	-0.000194691923	-0.003219921027	-0.040841503099	0.000897605311	-0.000074884139	-0.000424179946	-0.019679986364	0.000585793846	0.000034371503	0.001488342989	-0.011138239198	0.000436672586	0.000105624699	0.002154722077	-0.007474440620	0.000365391059	0.000117087319	0.001877618710	-0.005737122479	0.000349843636	0.000107972710	0.001261947779	-0.005147031422	0.000321896277	0.000054285029	0.000400268017	-0.004190738888	0.000281646502	-0.000000653778	-0.000278082660	-0.003087867136	0.000174117640	-0.000040511530	-0.000468261082	-0.001498152209
5000.000000000000	10.000256494603	4.772557338082	-1.731622034069	0.008118301104	0.008076459632	0.507461878172	-0.680129849369	0.006850221159	0.002512227431	0.062772039578	-0.251049220811	0.003008893307	0.000145013424	0.000224278230	-0.096144245920	0.001648557015	-0.000180196360	-0.003214490665	-0.040834143902	0.000896962419	-0.000082069935	-0.000424979374	-0.019679200758	0.000581485349	0.000031718302	0.001486594166	-0.011136794488	0.000435685661	0.000105866335	0.002151457745	-0.007474676273	0.000356503943	0.000117810440	0.001886117744	-0.005728769886	0.000345811930	0.000107962597	0.001260468674	-0.005147583874	0.000321650314	0.000052875501	0.000400037016	-0.004189627445	0.000282431179	-0.000001902193	-0.000277618506	-0.003086314979	0.000174126863	-0.000037741457	-0.000467973021	-0.001497293782
5000.000000000000	9.998896462345	4.771284061125	-1.731267800765	0.008100710814	0.008082483092	0.507578267539	-0.680049315034	0.006860710416	0.002500942162	0.062841089411	-0.251051336016	0.003004690999	0.000154305184	0.000254253493	-0.096136631149	0.001656720234	-0.000185218340	-0.003211075967	-0.040832248991	0.000892829648	-0.000074095116	-0.000411970045	-0.019676380007	0.000587416909	0.000033880902	0.001494069749	-0.011134773890	0.000430016306	0.000103630899	0.002159240411	-0.007470662243	0.000358654159	0.000123666500	0.001881752396	-0.005732048346	0.000348574080	0.000100655449	0.001265469211	-0.005146323031	0.000323274530	0.000053814965	0.000401019754	-0.004188035824	0.000281583638	-0.000000797040	-0.000276226734	-0.003088416469	0.000173974948	-0.000038068344	-0.000467534501	-0.001498712504
5000.000000000000	10.000338455956	4.770650572367	-1.731251536770	0.008099317004	0.008086195699	0.507664605550	-0.680127894146	0.006858742451	0.002506342187	0.062841470887	-0.251093975319	0.002994259445	0.000152649003	0.000241333032	-0.096165214759	0.001631862088	-0.000168570850	-0.003204484433	-0.040853898772	0.000896592904	-0.000077740411	-0.000419349660	-0.019680949334	0.000584080832	0.000029661332	0.001490143480	-0.011142955694	0.000433817959	0.000108105011	0.002152235608	-0.007477348913	0.000361664044	0.000120421608	0.001883848765	-0.005730730778	0.000343507214	0.000111549779	0.001264770719	-0.005148222304	0.000321136783	0.000053165711	0.000401355829	-0.004190499513	0.000281850350	-0.000000296988	-0.000277205714	-0.003087172993	0.000174219590	-0.000038180390	-0.000468358175	-0.001498157800
5000.000000000000	9.999720455343	4.772385238282	-1.731289120280	0.008114201754	0.008094388190	0.507687147264	-0.680104977518	0.006862276742	0.002501327119	0.062840121618	-0.251107741513	0.002994810672	0.000150967960	0.000241140497	-0.096154839363	0.001649193919	-0.000168149490	-0.003208073934	-0.040843866773	0.000897620558	-0.000079264170	-0.000422763707	-0.019678016652	0.000586135368	0.000035050025	0.001493399245	-0.011142105432	0.000434743046	0.000106650859	0.002155485800	-0.007471675370	0.000360077007	0.000122316473	0.001883346169	-0.005735092069	0.000347365394	0.000094853888	0.001265308714	-0.005147152680	0.000322614190	0.000054477200	0.000399196377	-0.004189521834	0.000282444477	-0.000000821011	-0.000278047332	-0.003087098892	0.000173844541	-0.000034950599	-0.000468220848	-0.001499184558
5000.000000000000	9.998625000523	4.772417214486	-1.731100290370	0.008092384913	0.008085464049	0.507771296862	-0.680058149509	0.006855209650	0.002520801581	0.062890159258	-0.251104795062	0.003009138992	0.000159298109	0.000255862339	-0.096158441334	0.001637192292	-0.000184022872	-0.003194143572	-0.040844265504	0.000897370829	-0.000079232905	-0.000415813695	-0.019686461621	0.000586697880	0.000028157503	0.001495056932	-0.011136927302	0.000438892489	0.000104815466	0.002159252913	-0.007479377114	0.000363811113	0.000122230201	0.001890658474	-0.005726966342	0.000353824371	0.000101393728	0.001268047713	-0.005146279082	0.000321482874	0.000055707051	0.000401371848	-0.004188962896	0.000283213173	-0.000000936878	-0.000276212407	-0.003087613457	0.000167552520	-0.000040643925	-0.000466936260	-0.001498524135
5000.000000000000	10.000897302512	4.772042082881	-1.730852889115	0.008098094784	0.008092221926	0.507933419304	-0.680094480411	0.006856950207	0.002515720057	0.062924567454	-0.251157603805	0.003010420803	0.000154105231	0.000270022258	-0.096204581244	0.001644189370	-0.000173310849	-0.003204379306	-0.040856320828	0.000900543927	-0.000077931989	-0.000413792120	-0.019689489738	0.000586776625	0.000034794847	0.001493538628	-0.011142987881	0.000436634765	0.000103898455	0.002154324698	-0.007475145642	0.000362419375	0.000122138703	0.001881065450	-0.005728390381	0.000346473403	0.000104546891	0.001271514152	-0.005149615339	0.000322027414	0.000056665698	0.000402848937	-0.004189137494	0.000281953715	-0.000001084681	-0.000275088477	-0.003089572456	0.000172166465	-0.000044087446	-0.000468842191	-0.001497983403
5000.000000000000	10.000974642611	4.769440666152	-1.730457776617	0.008104861176	0.008081993903	0.507995748960	-0.680053209260	0.006867492909	0.002506296783	0.062961282073	-0.251166559936	0.003002441087	0.000159741087	0.000290134853	-0.096205506318	0.001653494312	-0.000178864669	-0.003192906811	-0.040854398151	0.000894187656	-0.000078636221	-0.000410970783	-0.019687652406	0.000582445932	0.000033639565	0.001495529212	-0.011138352103	0.000433641026	0.000102431455	0.002156618807	-0.007473816001	0.000368107576	0.000120425872	0.001880583869	-0.005734329637	0.000343290980	0.000106449910	0.001268845230	-0.005147326868	0.000321334476	0.000054781695	0.000402776825	-0.004190587100	0.000282814919	-0.000001271270	-0.000273735951	-0.003089560546	0.000174528572	-0.000043709745	-0.000467219032	-0.001498259342
5000.000000000000	9.998311829061	4.769198089929	-1.730409662767	0.008109893579	0.008100314888	0.507998712291	-0.679988881727	0.006857450381	0.002513531400	0.062968469649	-0.251139552424	0.003000367654	0.000149083438	0.000288153439	-0.096176803958	0.001634792949	-0.000171770242	-0.003193115099	-0.040848311694	0.000894839160	-0.000077187273	-0.000406926463	-0.019680570458	0.000583641830	0.000032299217	0.001499476830	-0.011136276609	0.000433352074	0.000109522520	0.002158510315	-0.007472519207	0.000366618084	0.000129009040	0.001898632465	-0.005724667738	0.000349404572	0.000107080727	0.001270636961	-0.005144966169	0.000323180548	0.000057019979	0.000403216719	-0.004189322622	0.000281199475	-0.000000906622	-0.000273167459	-0.003087582020	0.000173485744	-0.000037142679	-0.000467930491	-0.001498097843
5000.000000000000	10.000784979977	4.770040317147	-1.730412977784	0.008104583061	0.008104210721	0.508133390708	-0.680074921665	0.006863489384	0.002514488127	0.062997624303	-0.251202049313	0.003011743682	0.000153456727	0.000279974691	-0.096228290672	0.001649829751	-0.000179529518	-0.003203899826	-0.040860964109	0.000898822410	-0.000075320783	-0.000418248602	-0.019698761064	0.000588022669	0.000033517446	0.001492957474	-0.011143558936	0.000432787779	0.000112225752	0.002158115126	-0.007477522320	0.000370404831	0.000120809949	0.001887133315	-0.005725647767	0.000349135047	0.000108279374	0.001266983081	-0.005145490783	0.000320766898	0.000054061034	0.000403446989	-0.004190651430	0.000281758519	-0.000001597142	-0.000275688170	-0.003089603284	0.000177815863	-0.000035891294	-0.000468448828	-0.001498911420
5000.000000000000	10.000255735333	4.771930875828	-1.730242248653	0.008113161880	0.008095440058	0.508259570238	-0.680023950531	0.006847196810	0.002511330073	0.063059653658	-0.251204172141	0.003001350678	0.000160193817	0.000306569202	-0.096225291220	0.001657424027	-0.000187025315	-0.003189415444	-0.040870058742	0.000891929979	-0.000077179502	-0.000402589731	-0.019691602353	0.000586886910	0.000031153210	0.001500039706	-0.011138944541	0.000437741521	0.000108481125	0.002161321491	-0.007468971578	0.000356718378	0.000113334198	0.001891865609	-0.005724830344	0.000348266623	0.000102761163	0.001269412864	-0.005147230053	0.000322878872	0.000056072286	0.000405865977	-0.004190989330	0.000282209460	0.000000373607	-0.000272733988	-0.003088734174	0.000175251763	-0.000032591651	-0.000465924646	-0.001499038545
5000.000000000000	9.999351914418	4.770037229794	-1.730127716391	0.008103199881	0.008097065885	0.508184996332	-0.680019170967	0.006862325032	0.002516889534	0.063010979996	-0.251208388733	0.003003622514	0.000150135999	0.000279775206	-0.096207112354	0.001638070632	-0.000188183044	-0.003189270165	-0.040857895972	0.000896563040	-0.000070519740	-0.000415168335	-0.019685006513	0.000585239400	0.000033578670	0.001498858147	-0.011144536733	0.000432424437	0.000113755972	0.002159390038	-0.007468140669	0.000368345760	0.000121132026	0.001883558830	-0.005736543490	0.000347772663	0.000100699874	0.001267343513	-0.005145658462	0.000321528872	0.000053725127	0.000403491176	-0.004190858212	0.000282639236	-0.000000513979	-0.000274759721	-0.003088033624	0.000169140831	-0.000038360048	-0.000468997277	-0.001499584595
5000.000000000000	9.999860104767	4.771657819252	-1.730075163607	0.008106192265	0.008082463726	0.508258862957	-0.680004274343	0.006862719776	0.002509840874	0.063033468008	-0.251202791531	0.002999723276	0.000158296623	0.000285685670	-0.096226632911	0.001641540924	-0.000183581493	-0.003194559116	-0.040862654212	0.000900424536	-0.000074835087	-0.000406623799	-0.019689356989	0.000582388471	0.000028436498	0.001497594928	-0.011141781013	0.000432358186	0.000109864584	0.002156294458	-0.007473666141	0.000359519372	0.000122894588	0.001884418158	-0.005712496499	0.000348608423	0.000105907035	0.001268404704	-0.005142656356	0.000320387485	0.000055954029	0.000402007416	-0.004189074798	0.000282507150	0.000000044945	-0.000274428999	-0.003088330288	0.000178399047	-0.000043927956	-0.000468135777	-0.001498172857
5000.000000000000	10.000188161518	4.772655207348	-1.729880448533	0.008102354402	0.008096103067	0.508416473710	-0.679968299028	0.006860987925	0.002512813882	0.063098239126	-0.251244566394	0.003006872675	0.000151197523	0.000308503165	-0.096248666139	0.001651496650	-0.000184767756	-0.003189430226	-0.040862215357	0.000894724199	-0.000077153860	-0.000399675946	-0.019690578403	0.000585741662	0.000031999224	0.001500392140	-0.011139691095	0.000438877585	0.000108773577	0.002158602408	-0.007472328121	0.000351199994	0.000121963122	0.001900896382	-0.005731660660	0.000345636504	0.000101682592	0.001272768517	-0.005146247244	0.000322175771	0.000053601294	0.000405193825	-0.004189333586	0.000280795156	0.000000779086	-0.000272581551	-0.003088743418	0.000168117062	-0.000038039081	-0.000466589342	-0.001498374108
5000.000000000000	10.001162775853	4.770745214357	-1.729422375208	0.008107806222	0.008089616293	0.508550652295	-0.679911735488	0.006856025292	0.002527046046	0.063177012799	-0.251245570898	0.003006367902	0.000154109696	0.000339812285	-0.096244962130	0.001645487958	-0.000157392022	-0.003163204839	-0.040867401314	0.000901373583	-0.000079846622	-0.000395646013	-0.019689355562	0.000589174623	0.000032321611	0.001507736328	-0.011141505518	0.000434936490	0.000104866182	0.002164406748	-0.007475960728	0.000361944236	0.000120789749	0.001895459529	-0.005727254972	0.000352289649	0.000102725451	0.001276142628	-0.005147803848	0.000321712455	0.000057497021	0.000407971558	-0.004189489283	0.000282928691	0.000000005059	-0.000270835086	-0.003088739557	0.000172127657	-0.000036215810	-0.000465023341	-0.001499052310
5000.000000000000	9.998786154393	4.769949482997	-1.729343484205	0.008109835019	0.008084117516	0.508431332628	-0.679851093520	0.006856949078	0.002526991487	0.063142935898	-0.251185115157	0.003007466446	0.000153138972	0.000323512005	-0.096202180291	0.001635280660	-0.000173916145	-0.003163345936	-0.040853209861	0.000895732890	-0.000078242939	-0.000392452686	-0.019677234135	0.000585656128	0.000038642960	0.001511245002	-0.011139177482	0.000431112934	0.000108793438	0.002162549389	-0.007473518716	0.000362388114	0.000121142584	0.001904935795	-0.005737879296	0.000343610982	0.000109593006	0.001273223444	-0.005145087842	0.000321561480	0.000054309421	0.000408936625	-0.004187275529	0.000282429748	-0.000000519394	-0.000272694948	-0.003088766553	0.000175131302	-0.000036869632	-0.000465292189	-0.001499580066
5000.000000000000	10.000007321216	4.770624789681	-1.729305764968	0.008091486813	0.008108111037	0.508555607634	-0.679882937886	0.006854832820	0.002512586705	0.063153554037	-0.251227836165	0.003009616040	0.000152681744	0.000325160465	-0.096236459782	0.001646738807	-0.000175947194	-0.003173751625	-0.040858798921	0.000897011270	-0.000081351295	-0.000389705906	-0.019685858401	0.000583606704	0.000032958830	0.001505289089	-0.011133651595	0.000433500287	0.000111012445	0.002163476156	-0.007469911794	0.000366534226	0.000122458690	0.001904695818	-0.005734053427	0.000353725076	0.000101607044	0.001275245815	-0.005143094920	0.000321678378	0.000058218479	0.000407942495	-0.004188137913	0.000282195212	0.000000029034	-0.000272685229	-0.003088734273	0.000175056561	-0.000038482847	-0.000466259467	-0.001499720014
5000.000000000000	9.998895536495	4.767329764171	-1.728967396431	0.008105873149	0.008100359098	0.508623873213	-0.679881742609	0.006869557833	0.002524653243	0.063188590757	-0.251240416713	0.003005392060	0.000155155219	0.000335339750	-0.096236029828	0.001639825605	-0.000179233582	-0.003164816782	-0.040856554016	0.000896747094	-0.000076578360	-0.000392617543	-0.019683667401	0.000589154958	0.000033590400	0.001510309284	-0.011136988623	0.000437010693	0.000109179222	0.002165576733	-0.007471986339	0.000367014392	0.000121300463	0.001883828580	-0.005744691957	0.000346849481	0.000103434887	0.001277821396	-0.005147306777	0.000323119084	0.000054039722	0.000410338694	-0.004187879138	0.000282834887	-0.000000477265	-0.000271187021	-0.003088998399	0.000177398668	-0.000037905211	-0.000466930445	-0.001499143017
5000.000000000000	10.000954113567	4.768270347546	-1.728875878707	0.008107462855	0.008104286492	0.508807794263	-0.679922286175	0.006855864234	0.002528876751	0.063239883382	-0.251311075838	0.003003325001	0.000160902358	0.000348780081	-0.096285238775	0.001644769202	-0.000194852912	-0.003172555173	-0.040881207206	0.000898961436	-0.000078254351	-0.000393524132	-0.019691668027	0.000585504050	0.000033272952	0.001509922706	-0.011143118557	0.000434652793	0.000108035546	0.002164539738	-0.007476548195	0.000362461314	0.000128713627	0.001893524036	-0.005724709685	0.000348244887	0.000099969704	0.001272701149	-0.005146989163	0.000319802409	0.000057261914	0.000408980260	-0.004189062987	0.000282746461	-0.000000510041	-0.000270508478	-0.003089751623	0.000169998163	-0.000039686269	-0.000465391179	-0.001499699616
5000.000000000000	10.000974653082	4.768480957426	-1.728875461207	0.008099462127	0.008093924074	0.508806935558	-0.679926236295	0.006854341349	0.002526967160	0.063228113125	-0.251314878806	0.003004983462	0.000151059282	0.000333338052	-0.096279442717	0.001648381931	-0.000177805923	-0.003180154684	-0.040880700876	0.000900363001	-0.000077053481	-0.000392155189	-0.019694626618	0.000583884770	0.000030059501	0.001502093745	-0.011137784718	0.000431993188	0.000110623993	0.002162889902	-0.007475664906	0.000363066625	0.000115896025	0.001886203860	-0.005729841887	0.000348409002	0.000098033478	0.001272507875	-0.005145367069	0.000321546563	0.000055602782	0.000407697793	-0.004189540949	0.000282452080	-0.000001312897	-0.000272761592	-0.003090445533	0.000169596822	-0.000030142848	-0.000468120231	-0.001499542722
5000.000000000000	10.002172924305	4.770490326645	-1.728749722645	0.008105507544	0.008093315773	0.508939193732	-0.679930149627	0.006849388991	0.002517932098	0.063290184524	-0.251355703573	0.003007362641	0.000163959639	0.000344926093	-0.096298022430	0.001646231604	-0.000173132237	-0.003168691262	-0.040894318259	0.000896685547	-0.000076533329	-0.000391885310	-0.019696299449	0.000583010866	0.000030768417	0.001503650553	-0.011146252331	0.000434013951	0.000109382937	0.002164849885	-0.007473057293	0.000363318603	0.000120966010	0.001895784053	-0.005723335085	0.000341834853	0.000104268059	0.001274465253	-0.005144260812	0.000321861076	0.000055171403	0.000408918274	-0.004189504601	0.000282014328	-0.000000950062	-0.000270085068	-0.003090306910	0.000174942221	-0.000038832590	-0.000466056785	-0.001500311812
5000.000000000000	10.000757695568	4.768559574358	-1.728244063276	0.008116556375	0.008095032523	0.509022813238	-0.679801348444	0.006864425128	0.002513043300	0.063346773710	-0.251300038355	0.003003811941	0.000159592224	0.000395135813	-0.096288183973	0.001637176821	-0.000188255713	-0.003149836929	-0.040875720114	0.000898726760	-0.000076475933	-0.000380143826	-0.019692346625	0.000585144801	0.000031275393	0.001516373938	-0.011135688620	0.000437064228	0.000112249732	0.002168450981	-0.007475497171	0.000364166333	0.000127371414	0.001908213697	-0.005728907009	0.000347012756	0.000105086574	0.001279776788	-0.005142972345	0.000322589147	0.000055622729	0.000412931710	-0.004188402534	0.000283407404	-0.000000502089	-0.000267527162	-0.003088822181	0.000171589209	-0.000042817836	-0.000463827373	-0.001500762450
5000.000000000000	9.999236149254	4.768436339581	-1.728302288718	0.008100944322	0.008101692691	0.508958508733	-0.679810515897	0.006858245022	0.002511209969	0.063299982438	-0.251302647167	0.003009883908	0.000151539924	0.000361013325	-0.096283215907	0.001649785683	-0.000178312706	-0.003164594911	-0.040859987757	0.000899408281	-0.000075531887	-0.000383414429	-0.019687802774	0.000588340124	0.000037434157	0.001516931759	-0.011137622657	0.000439840844	0.000106076470	0.002166789470	-0.007471964768	0.000365910557	0.000119842435	0.001899324334	-0.005737324998	0.000348527069	0.000100057018	0.001278249650	-0.005145282423	0.000321077395	0.000055579043	0.000409418454	-0.004187369733	0.000282212801	0.000000143188	-0.000268714815	-0.003088830306	0.000173331264	-0.000042551381	-0.000465772185	-0.001498728641
5000.000000000000	9.999754066887	4.768766806320	-1.728154120408	0.008100026120	0.008098376232	0.509068938774	-0.679811625185	0.006856765182	0.002518724785	0.063355064497	-0.251325311655	0.003012686003	0.000152496150	0.000377449695	-0.096284628690	0.001655313516	-0.000184232364	-0.003155747562	-0.040874634131	0.000895646259	-0.000075904259	-0.000382068197	-0.019691037599	0.000588031851	0.000037126328	0.001518321925	-0.011143329758	0.000430526775	0.000112637594	0.002172663868	-0.007465908006	0.000360043765	0.000123197456	0.001893580858	-0.005732444939	0.000342084179	0.000106461683	0.001279690725	-0.005144115294	0.000320860220	0.000054401659	0.000412663755	-0.004188403438	0.000282574394	-0.000000910418	-0.000269404828	-0.003088804475	0.000177650316	-0.000034708338	-0.000465880611	-0.001499233404
