5000.000000000000	10.002584847404	4.750715612485	-1.755109472878	0.008198597202	0.007944351724	0.493241577181	-0.681312379716	0.006796482789	0.002340931423	0.058160847579	-0.248157259188	0.002979084478	0.000108777520	-0.000719790286	-0.094713456203	0.001630916051	-0.000216132270	-0.003531269590	-0.040527401173	0.000888122337	-0.000096818031	-0.000704578374	-0.019626460592	0.000591077963	0.000017357465	0.001295962670	-0.011136437794	0.000431113017	0.000090284785	0.002011082299	-0.007495599967	0.000357218019	0.000118374527	0.001746522995	-0.005798805365	0.000351607104	0.000095673701	0.001132906497	-0.005175033099	0.000322218291	0.000045386210	0.000288990048	-0.004187919936	0.000282406733	-0.000007474403	-0.000355947999	-0.003059507985	0.000176884473	-0.000040828872	-0.000497976368	-0.001474963777
5000.000000000000	10.000493160225	4.751545227329	-1.755927425901	0.008194636803	0.007956971698	0.493412271628	-0.681685441997	0.006822941085	0.002356447108	0.058122044106	-0.248239205740	0.002961241552	0.000094061075	-0.000725025007	-0.094708738249	0.001636332075	-0.000194551193	-0.003522380219	-0.040515322111	0.000894119212	-0.000092626469	-0.000686179687	-0.019622277106	0.000591421874	0.000019735595	0.001315204157	-0.011134110177	0.000438726592	0.000088844423	0.002022961648	-0.007511381459	0.000374408125	0.000117431059	0.001730176621	-0.005797931942	0.000351017824	0.000098255269	0.001130376388	-0.005178833975	0.000320858885	0.000045440413	0.000286000230	-0.004189450930	0.000283158425	-0.000007851566	-0.000357075154	-0.003060840459	0.000178786138	-0.000046541636	-0.000499624660	-0.001473368956
5000.000000000000	9.997964551698	4.752774419401	-1.756199858958	0.008180926550	0.007965159057	0.493575393164	-0.681838121645	0.006820699820	0.002336451335	0.058136430395	-0.248289286275	0.002977790044	0.000089698680	-0.000722136627	-0.094709803379	0.001630170629	-0.000194312976	-0.003502950874	-0.040516176231	0.000896738807	-0.000098793419	-0.000679990382	-0.019616946980	0.000593186575	0.000018864360	0.001313957379	-0.011139057950	0.000431889164	0.000092460149	0.002027896681	-0.007505757643	0.000372281623	0.000117199975	0.001744239946	-0.005798953159	0.000350693425	0.000098631446	0.001131147087	-0.005179238401	0.000323460323	0.000046027025	0.000286555618	-0.004191816820	0.000282236196	-0.000007133001	-0.000357223158	-0.003063238863	0.000181461092	-0.000035408935	-0.000498479198	-0.001473828796
5000.000000000000	9.999886877337	4.755299152506	-1.756372373647	0.008192014077	0.007965664683	0.493774584774	-0.681966459586	0.006813589716	0.002355568941	0.058190152825	-0.248363983947	0.002969327994	0.000095573400	-0.000721864187	-0.094753218441	0.001625241833	-0.000198720160	-0.003510263259	-0.040506531305	0.000891454672	-0.000094239063	-0.000674837951	-0.019627891670	0.000587247117	0.000022401002	0.001319654598	-0.011146362767	0.000434477828	0.000096031513	0.002028071646	-0.007515061375	0.000362754067	0.000110425238	0.001750189031	-0.005791035420	0.000349575806	0.000093069543	0.001133733360	-0.005182477886	0.000323581457	0.000045830207	0.000286602877	-0.004191592223	0.000283159309	-0.000007957684	-0.000357223827	-0.003062233002	0.000183577223	-0.000039688938	-0.000499283317	-0.001473663212
5000.000000000000	9.999538792753	4.758754445571	-1.756558081588	0.008187649319	0.007940595082	0.493910253211	-0.682005059117	0.006808736379	0.002343022344	0.058225277523	-0.248403124094	0.002969627166	0.000108570208	-0.000690330648	-0.094761535375	0.001630321319	-0.000201008065	-0.003509957656	-0.040526781375	0.000887736587	-0.000087642076	-0.000669377618	-0.019635109824	0.000591047252	0.000023875737	0.001325190657	-0.011149379577	0.000427066454	0.000094201996	0.002033688958	-0.007518776681	0.000369800268	0.000125519373	0.001757700121	-0.005800395068	0.000352375722	0.000093781900	0.001137342463	-0.005183329888	0.000323287286	0.000048502911	0.000289694324	-0.004193325198	0.000282769666	-0.000007475711	-0.000355209267	-0.003064403802	0.000180079603	-0.000041217067	-0.000498457079	-0.001474808435
5000.000000000000	10.001212476343	4.761713066759	-1.756852619062	0.008192478528	0.007967622595	0.493969986193	-0.682117722527	0.006830002110	0.002357823120	0.058210061903	-0.248451836240	0.002976119819	0.000092273924	-0.000716319634	-0.094788790659	0.001626455370	-0.000194072143	-0.003514333647	-0.040529627204	0.000894667171	-0.000095501800	-0.000674228301	-0.019640970752	0.000583987527	0.000022229093	0.001319873346	-0.011149259548	0.000432951520	0.000096745883	0.002032099623	-0.007515413274	0.000363063226	0.000115684314	0.001751956833	-0.005807873751	0.000352216580	0.000092889386	0.001132478116	-0.005182813752	0.000321987865	0.000049208548	0.000285591734	-0.004192754372	0.000281417742	-0.000009249583	-0.000355480018	-0.003064138321	0.000179958878	-0.000045115029	-0.000499910370	-0.001474192377
5000.000000000000	10.000505902018	4.762345208968	-1.756740412163	0.008199606369	0.007947804894	0.493986514244	-0.682061930563	0.006814711056	0.002358160534	0.058217551375	-0.248425593781	0.002968516003	0.000086956447	-0.000699704823	-0.094772588771	0.001638592049	-0.000208828613	-0.003502606205	-0.040505973732	0.000894966953	-0.000093609912	-0.000658469139	-0.019630168893	0.000591723796	0.000025199673	0.001331453565	-0.011146258861	0.000431557678	0.000093975487	0.002036471576	-0.007522722734	0.000366023720	0.000114981474	0.001752791856	-0.005799993836	0.000348975167	0.000095822585	0.001137040694	-0.005184548101	0.000322998122	0.000043038034	0.000287974361	-0.004194036029	0.000282099606	-0.000007937726	-0.000354640426	-0.003064621234	0.000172604918	-0.000044071292	-0.000499650178	-0.001474435252
5000.000000000000	9.999124788709	4.761680643606	-1.756761870655	0.008193590526	0.007973649178	0.493925662053	-0.682087660072	0.006818882966	0.002341267841	0.058186701617	-0.248402322516	0.002973466758	0.000091983136	-0.000708622759	-0.094736829370	0.001635410819	-0.000210352420	-0.003500785157	-0.040510731726	0.000893248842	-0.000095000292	-0.000657825247	-0.019625010331	0.000593845238	0.000018058181	0.001328464906	-0.011146244352	0.000431214067	0.000097714809	0.002036656507	-0.007514996575	0.000361903925	0.000119750639	0.001751008168	-0.005794103142	0.000352816558	0.000096477738	0.001132673389	-0.005184445762	0.000322996426	0.000046700151	0.000288625152	-0.004192255503	0.000284033974	-0.000008164444	-0.000356003462	-0.003062171744	0.000175201674	-0.000044183679	-0.000498278486	-0.001474439339
5000.000000000000	10.000329133940	4.762967664399	-1.756683851816	0.008188573934	0.007970431831	0.494071549073	-0.682139096419	0.006821371799	0.002364085313	0.058234155695	-0.248457215130	0.002974813913	0.000102922232	-0.000694691828	-0.094768477364	0.001640810108	-0.000207145672	-0.003494604966	-0.040516349328	0.000892170501	-0.000091009150	-0.000657582132	-0.019633374634	0.000587880573	0.000023630700	0.001331942556	-0.011146592804	0.000429580868	0.000096664891	0.002040454956	-0.007518282284	0.000369625835	0.000121150316	0.001753650393	-0.005799929512	0.000354679965	0.000099420441	0.001136467258	-0.005185503717	0.000323615528	0.000047391747	0.000288477162	-0.004193216973	0.000283128620	-0.000007510217	-0.000354458976	-0.003064523489	0.000181732326	-0.000043273873	-0.000498897105	-0.001475658325
5000.000000000000	9.999810710388	4.762575635905	-1.756659217498	0.008184310230	0.007981196673	0.494057589899	-0.682134273089	0.006807719031	0.002350989185	0.058222692937	-0.248452405815	0.002968386926	0.000095395549	-0.000712793175	-0.094770360749	0.001633535541	-0.000208442052	-0.003505088553	-0.040512543901	0.000899060652	-0.000089438529	-0.000657447665	-0.019632484986	0.000589109648	0.000024490828	0.001327940653	-0.011150284996	0.000425581973	0.000097609042	0.002034420992	-0.007519937690	0.000369901772	0.000125193052	0.001745757387	-0.005805966435	0.000352513347	0.000095543729	0.001134210641	-0.005185970106	0.000321039863	0.000048759698	0.000288226515	-0.004193327401	0.000281604129	-0.000007100173	-0.000354231720	-0.003064735951	0.000170305016	-0.000046244083	-0.000499139243	-0.001474577527
5000.000000000000	10.000143897397	4.763113501678	-1.756472058714	0.008189984643	0.007969424807	0.494179243739	-0.682118814338	0.006816001904	0.002344456914	0.058272969180	-0.248469218477	0.002979470765	0.000096889309	-0.000684218151	-0.094776789528	0.001636773856	-0.000216151285	-0.003490851058	-0.040519120341	0.000892939898	-0.000094324090	-0.000653855879	-0.019629563438	0.000587953320	0.000025145280	0.001336474786	-0.011148133244	0.000433855562	0.000093093240	0.002042810380	-0.007518598768	0.000374549366	0.000122823702	0.001747819294	-0.005803854261	0.000348138221	0.000094922226	0.001139016202	-0.005184567289	0.000319505000	0.000045845492	0.000291072023	-0.004192977375	0.000282144446	-0.000006788409	-0.000353385977	-0.003064063327	0.000177187385	-0.000037329094	-0.000498225411	-0.001474814114
5000.000000000000	9.999379087501	4.764706435194	-1.756599752191	0.008187137966	0.007952729944	0.494146118834	-0.682129932697	0.006830924045	0.002349076592	0.058250060878	-0.248468290085	0.002980723233	0.000104897728	-0.000691030939	-0.094773889069	0.001621915459	-0.000209414529	-0.003499809492	-0.040510683528	0.000891223322	-0.000088727674	-0.000654559930	-0.019628151623	0.000591481869	0.000024241631	0.001333914399	-0.011148486617	0.000435204008	0.000091397150	0.002043770970	-0.007516349803	0.000371017920	0.000115278760	0.001756653650	-0.005800700345	0.000349105446	0.000099222297	0.001136825322	-0.005183274532	0.000323011983	0.000044563907	0.000288476878	-0.004194486751	0.000283314008	-0.000007687617	-0.000353423321	-0.003062945194	0.000178004372	-0.000041281839	-0.000497783470	-0.001474964659
5000.000000000000	10.000628992866	4.766444971154	-1.756742284017	0.008192524020	0.007977167181	0.494194500354	-0.682187332387	0.006816411730	0.002360154556	0.058251544321	-0.248492857521	0.002961921815	0.000100010494	-0.000703797383	-0.094782618729	0.001630488758	-0.000193253496	-0.003494462068	-0.040513691376	0.000892379307	-0.000095338225	-0.000653363180	-0.019630395391	0.000591925029	0.000023510218	0.001333538620	-0.011149482350	0.000433890959	0.000093616261	0.002038743603	-0.007521072821	0.000363983168	0.000107733801	0.001753146008	-0.005800152440	0.000351171594	0.000093797712	0.001136380999	-0.005185718948	0.000322549000	0.000047816642	0.000287626613	-0.004192993962	0.000283962818	-0.000007540196	-0.000356034314	-0.003064637214	0.000174148332	-0.000036221253	-0.000499239756	-0.001474892809
5000.000000000000	9.999703237401	4.766231977990	-1.756741715068	0.008189034027	0.007959916269	0.494184473135	-0.682185610787	0.006805878488	0.002357541181	0.058239769951	-0.248503920604	0.002974621807	0.000095864618	-0.000702894315	-0.094779606024	0.001629873612	-0.000189955194	-0.003498669892	-0.040521902493	0.000897013527	-0.000097507086	-0.000656554761	-0.019628261740	0.000595902635	0.000025581148	0.001333583112	-0.011148224739	0.000434857754	0.000099500660	0.002039484568	-0.007520361246	0.000358554397	0.000116970469	0.001751069446	-0.005802225203	0.000351001669	0.000097687558	0.001135349180	-0.005185549928	0.000324193124	0.000047120759	0.000287590638	-0.004192808526	0.000282788286	-0.000007743393	-0.000356087255	-0.003064197854	0.000172793994	-0.000035595885	-0.000500039264	-0.001474689960
5000.000000000000	10.000074579103	4.768306949748	-1.756619010540	0.008198759922	0.007971577063	0.494309499016	-0.682165801861	0.006827319324	0.002356140911	0.058295216249	-0.248502215522	0.002978114226	0.000096278787	-0.000682746888	-0.094780557199	0.001637433191	-0.000196471966	-0.003483619800	-0.040524281334	0.000898428365	-0.000091627510	-0.000648634318	-0.019630323999	0.000596030731	0.000021733672	0.001335765873	-0.011149321362	0.000437050045	0.000095592860	0.002044507889	-0.007519253302	0.000371327711	0.000122270841	0.001750440153	-0.005801598169	0.000350506883	0.000095733971	0.001141068748	-0.005186398563	0.000320488681	0.000046588478	0.000291524649	-0.004193832707	0.000282026783	-0.000008208748	-0.000354136439	-0.003065823087	0.000174636529	-0.000046028696	-0.000497876284	-0.001474720605
5000.000000000000	9.999980048254	4.770003350227	-1.756640725407	0.008181179483	0.007971319378	0.494339402862	-0.682150202541	0.006813966089	0.002340241272	0.058314153966	-0.248515874993	0.002967870863	0.000094176269	-0.000679281959	-0.094789947969	0.001641998974	-0.000207193280	-0.003469786078	-0.040522845788	0.000897408261	-0.000089130741	-0.000643643267	-0.019626965619	0.000586612748	0.000023759874	0.001337123757	-0.011147245253	0.000436722499	0.000093792788	0.002039285687	-0.007526853148	0.000359580601	0.000123981028	0.001762419499	-0.005799484983	0.000351051106	0.000094927481	0.001140431738	-0.005184291005	0.000322295733	0.000045525504	0.000292608342	-0.004193596681	0.000282012175	-0.000007470943	-0.000352128869	-0.003065517031	0.000178544544	-0.000043438232	-0.000497954814	-0.001475186853
5000.000000000000	9.998995167968	4.773833198740	-1.756808082873	0.008188376602	0.007978749490	0.494388647172	-0.682145470292	0.006828710736	0.002350264388	0.058321113471	-0.248508507569	0.002976849839	0.000101137483	-0.000679842206	-0.094783558826	0.001632429965	-0.000203230457	-0.003472825512	-0.040510559688	0.000894030092	-0.000091079230	-0.000646375004	-0.019626585672	0.000593245244	0.000025175802	0.001343927045	-0.011150869844	0.000432965875	0.000092710001	0.002047433129	-0.007522988422	0.000364024197	0.000117209834	0.001749142401	-0.005795009403	0.000349250572	0.000094340181	0.001143890103	-0.005185449446	0.000324076822	0.000046177067	0.000290462872	-0.004193545400	0.000282977957	-0.000007769242	-0.000352193769	-0.003065778223	0.000184199381	-0.000043621334	-0.000497949314	-0.001475286940
5000.000000000000	10.000178024916	4.777269418028	-1.757152923352	0.008191204486	0.007957877265	0.494410726328	-0.682223627080	0.006824384820	0.002349341889	0.058311344658	-0.248546526997	0.002968500582	0.000106690804	-0.000695365225	-0.094811102392	0.001624950755	-0.000202793485	-0.003498699168	-0.040523118048	0.000892330842	-0.000089943629	-0.000649607929	-0.019632768962	0.000591703495	0.000023733799	0.001336399088	-0.011151530714	0.000432406653	0.000091448583	0.002041215058	-0.007522032257	0.000371985048	0.000119440622	0.001756111506	-0.005792931311	0.000348911959	0.000090287077	0.001140025490	-0.005185916334	0.000322328936	0.000045752435	0.000289649343	-0.004193923465	0.000282834598	-0.000008394062	-0.000352929044	-0.003065820531	0.000170091512	-0.000045600082	-0.000499426334	-0.001475281648
5000.000000000000	9.999918644500	4.776054600102	-1.757020785886	0.008200626163	0.007970753569	0.494413614091	-0.682212205209	0.006821027152	0.002341405911	0.058311192826	-0.248555652178	0.002969176882	0.000100377586	-0.000694900958	-0.094811347120	0.001631688387	-0.000192764818	-0.003492378664	-0.040522737818	0.000891622064	-0.000090953760	-0.000651470225	-0.019632719824	0.000592196411	0.000023657063	0.001336860180	-0.011151958446	0.000433883343	0.000095217952	0.002041447647	-0.007518982892	0.000363594618	0.000114569045	0.001755205087	-0.005806540777	0.000353711842	0.000097004864	0.001137744819	-0.005187780386	0.000320321970	0.000047910740	0.000287883545	-0.004193550603	0.000283860653	-0.000007681248	-0.000355609110	-0.003065088516	0.000179390177	-0.000037708159	-0.000497915153	-0.001475618129
5000.000000000000	9.999704021970	4.774284489408	-1.756660954743	0.008189141370	0.007988947097	0.494526095321	-0.682182490935	0.006824346498	0.002367856281	0.058353991824	-0.248565591923	0.002971409777	0.000095832398	-0.000672669846	-0.094813203375	0.001625576806	-0.000204698629	-0.003475260756	-0.040530169271	0.000889362340	-0.000096745203	-0.000643052108	-0.019635570084	0.000590801474	0.000023202320	0.001341728053	-0.011148189681	0.000432398146	0.000088280515	0.002036929124	-0.007519447987	0.000362282433	0.000121496731	0.001754914130	-0.005799464638	0.000355270400	0.000095553015	0.001141603593	-0.005184202333	0.000322626712	0.000044408752	0.000291671131	-0.004193967806	0.000282271246	-0.000007354982	-0.000353101937	-0.003064611936	0.000179506673	-0.000043100701	-0.000499117341	-0.001476114265
5000.000000000000	10.001058121422	4.774008081890	-1.756528847896	0.008182351431	0.007973090132	0.494577718939	-0.682203962945	0.006825809095	0.002351929179	0.058380358823	-0.248589988376	0.002977016439	0.000097705037	-0.000685977839	-0.094820398577	0.001641935324	-0.000201908057	-0.003482217663	-0.040537216033	0.000892761026	-0.000093327568	-0.000647060504	-0.019632931296	0.000593333207	0.000017196439	0.001335744672	-0.011155775145	0.000429744676	0.000091989527	0.002041254547	-0.007526819961	0.000365265164	0.000119877978	0.001755417029	-0.005791174776	0.000350985285	0.000096784257	0.001138646638	-0.005186605007	0.000321197676	0.000049473503	0.000292039886	-0.004196298354	0.000283153822	-0.000007407433	-0.000354894470	-0.003064901950	0.000176574469	-0.000037443768	-0.000497294848	-0.001476723209
5000.000000000000	9.999888800043	4.776398840045	-1.756605311410	0.008207359296	0.007982274393	0.494614827770	-0.682179625114	0.006833862699	0.002360785428	0.058371329847	-0.248580897787	0.002977427140	0.000092797666	-0.000659944716	-0.094811255846	0.001642413048	-0.000212600355	-0.003485792083	-0.040513952412	0.000898016045	-0.000092403711	-0.000642418101	-0.019632743235	0.000592767681	0.000020567287	0.001346845032	-0.011147512166	0.000433325067	0.000093178603	0.002045915710	-0.007523851761	0.000368445514	0.000118809285	0.001739224699	-0.005795576132	0.000344711314	0.000095029008	0.001140502637	-0.005184381743	0.000320805090	0.000048221287	0.000293944396	-0.004194502700	0.000282769683	-0.000007260542	-0.000353300922	-0.003064848319	0.000177549643	-0.000040216839	-0.000497728490	-0.001475183559
5000.000000000000	9.999520679328	4.775310763746	-1.756447580645	0.008199273815	0.007985655841	0.494698382956	-0.682172182709	0.006836533579	0.002355070215	0.058414843416	-0.248595333627	0.002975796622	0.000103158117	-0.000659350502	-0.094834896018	0.001636691266	-0.000198636404	-0.003466337480	-0.040532534274	0.000894370116	-0.000094607869	-0.000640925123	-0.019635890653	0.000593017661	0.000021439044	0.001348556445	-0.011152121344	0.000435059293	0.000093350785	0.002046965035	-0.007518905452	0.000365722919	0.000118156221	0.001740342011	-0.005794111330	0.000351990830	0.000091987863	0.001140756128	-0.005184394484	0.000319868370	0.000044783252	0.000294379975	-0.004194979545	0.000281848806	-0.000006981190	-0.000352512822	-0.003065787729	0.000173052116	-0.000043844418	-0.000497566130	-0.001476599698
5000.000000000000	9.999627912941	4.778710150692	-1.756462003244	0.008187131027	0.007965043506	0.494806835550	-0.682148147096	0.006828113332	0.002365376537	0.058449411178	-0.248608873505	0.002971265686	0.000099639786	-0.000644530909	-0.094834641567	0.001642600102	-0.000193537446	-0.003465558720	-0.040525327086	0.000894442889	-0.000088464959	-0.000630512398	-0.019637996088	0.000593987099	0.000022331722	0.001344305014	-0.011152330166	0.000435571732	0.000096004948	0.002048186815	-0.007525808448	0.000372440653	0.000122431479	0.001750744274	-0.005800603637	0.000348185361	0.000099553173	0.001144090946	-0.005186042433	0.000324372707	0.000047828431	0.000295719854	-0.004196125235	0.000282402522	-0.000007876989	-0.000350008473	-0.003065971273	0.000175859812	-0.000034928270	-0.000496440198	-0.001476070916
5000.000000000000	9.999660758160	4.779207740227	-1.756576332946	0.008183222079	0.007967754643	0.494803751682	-0.682206712919	0.006828492051	0.002350965928	0.058434253884	-0.248637547003	0.002974851062	0.000093217010	-0.000666088446	-0.094837075164	0.001634699998	-0.000203282903	-0.003482324181	-0.040539032547	0.000892949414	-0.000085869682	-0.000635655774	-0.019634924892	0.000587728939	0.000021483198	0.001347368443	-0.011154750866	0.000426248298	0.000091430775	0.002045704203	-0.007521762575	0.000363122240	0.000108867075	0.001742124333	-0.005792817856	0.000345780290	0.000098228514	0.001143754543	-0.005185779229	0.000324152902	0.000044756256	0.000291386883	-0.004193361964	0.000283100251	-0.000007860999	-0.000351588466	-0.003066714469	0.000181782086	-0.000038041456	-0.000498235936	-0.001475541823
5000.000000000000	9.999545838183	4.780383581395	-1.756447348900	0.008188588250	0.007992408162	0.494868083197	-0.682159066295	0.006818736885	0.002356925757	0.058471896220	-0.248621874280	0.002983704047	0.000099831130	-0.000651374832	-0.094835145953	0.001641725063	-0.000198938045	-0.003474829979	-0.040537381792	0.000897814290	-0.000092204100	-0.000632300299	-0.019629426215	0.000591912812	0.000025756663	0.001347410715	-0.011151514665	0.000437233859	0.000093195193	0.002040251284	-0.007517621930	0.000369184628	0.000125037015	0.001755438007	-0.005799777103	0.000360143846	0.000098734401	0.001142989751	-0.005184773379	0.000324060251	0.000049131410	0.000295425528	-0.004195595987	0.000283516735	-0.000006500588	-0.000351228346	-0.003065156905	0.000178923242	-0.000042087400	-0.000496566621	-0.001477082708
5000.000000000000	10.000581379267	4.777412586814	-1.755960076592	0.008187844284	0.007979231647	0.494974483990	-0.682119774508	0.006829651307	0.002366131172	0.058535507188	-0.248655182476	0.002977439353	0.000107194162	-0.000639646697	-0.094842713732	0.001623300143	-0.000196038645	-0.003450662796	-0.040544782339	0.000893982688	-0.000092000195	-0.000630110984	-0.019632174772	0.000591717801	0.000022706581	0.001346308160	-0.011153970772	0.000434806716	0.000094512593	0.002047243090	-0.007519647737	0.000374365125	0.000111527321	0.001755430770	-0.005806763559	0.000355082473	0.000098384607	0.001144578978	-0.005183370526	0.000321157042	0.000048215136	0.000296772445	-0.004194645785	0.000283999661	-0.000006930483	-0.000350272855	-0.003066965400	0.000173889907	-0.000046746671	-0.000496132992	-0.001477275753
5000.000000000000	9.999793835232	4.774973602359	-1.755782397649	0.008178687499	0.007985195895	0.494946959821	-0.682126384359	0.006816283413	0.002353468509	0.058501256483	-0.248649262163	0.002975976285	0.000096920637	-0.000650479628	-0.094843437177	0.001633832361	-0.000203572803	-0.003461581597	-0.040538064380	0.000896230712	-0.000091111936	-0.000626111261	-0.019627923751	0.000589187511	0.000029201433	0.001352156772	-0.011152225910	0.000433626860	0.000095253667	0.002053269492	-0.007518305828	0.000364723261	0.000122773723	0.001753089023	-0.005800568890	0.000353359446	0.000093748837	0.001143266090	-0.005184759138	0.000320260986	0.000044587095	0.000296180542	-0.004194751826	0.000283482332	-0.000007571607	-0.000350549742	-0.003065147613	0.000173181119	-0.000038836109	-0.000496368671	-0.001475720894
5000.000000000000	9.999615630705	4.776476163954	-1.755777307298	0.008185585730	0.007972380046	0.495027734979	-0.682131506743	0.006835504872	0.002352930599	0.058527675459	-0.248667078255	0.002974472531	0.000103186934	-0.000640803128	-0.094841175740	0.001625758484	-0.000189397344	-0.003466462920	-0.040542083489	0.000891380997	-0.000097371929	-0.000628999080	-0.019633409111	0.000587236425	0.000027978347	0.001347321828	-0.011155292271	0.000432338380	0.000100252442	0.002051059352	-0.007516404362	0.000365122241	0.000109437800	0.001753145694	-0.005801639520	0.000345514757	0.000094714991	0.001144258893	-0.005185197435	0.000320919800	0.000049525863	0.000295639860	-0.004195329585	0.000282153774	-0.000006425390	-0.000351361716	-0.003064948442	0.000176853730	-0.000044868119	-0.000495925012	-0.001475872464
5000.000000000000	9.999126658898	4.775410948393	-1.755649066515	0.008192394585	0.007983608407	0.495084263826	-0.682131583355	0.006823687431	0.002354136830	0.058555478120	-0.248671993145	0.002971094217	0.000099496282	-0.000643673396	-0.094851289149	0.001637449652	-0.000206359078	-0.003456560864	-0.040549601625	0.000893872393	-0.000095298718	-0.000630367156	-0.019633653580	0.000588231133	0.000026157359	0.001352273206	-0.011155897216	0.000437544126	0.000095810358	0.002048162424	-0.007518283059	0.000363605809	0.000118248985	0.001756263619	-0.005799445236	0.000350829834	0.000096660355	0.001142471773	-0.005182642712	0.000321361509	0.000047409755	0.000296709930	-0.004194932737	0.000283300594	-0.000007967192	-0.000349829567	-0.003066716955	0.000174370255	-0.000038576691	-0.000495355474	-0.001476935024
5000.000000000000	10.000516965273	4.778254669558	-1.755569704029	0.008183601790	0.007990504175	0.495212571535	-0.682122730454	0.006820184785	0.002369514918	0.058606268964	-0.248700479838	0.002973232784	0.000108783707	-0.000636765502	-0.094860968407	0.001624826735	-0.000210680759	-0.003457879347	-0.040542967860	0.000895059475	-0.000091208787	-0.000626789175	-0.019633110452	0.000590915617	0.000026151988	0.001349901033	-0.011156701241	0.000433108265	0.000096191720	0.002043519117	-0.007520432296	0.000363185125	0.000120836813	0.001752040064	-0.005796856113	0.000355556758	0.000101433932	0.001146146791	-0.005182936037	0.000320510237	0.000047940495	0.000298520076	-0.004195349043	0.000281918741	-0.000007603685	-0.000349959184	-0.003066296314	0.000182104680	-0.000039578075	-0.000495555091	-0.001476814877
5000.000000000000	10.000717182480	4.778596657260	-1.755433782090	0.008189704601	0.007986560720	0.495283904295	-0.682125057708	0.006831334496	0.002355000744	0.058622573094	-0.248717269159	0.002967453031	0.000098640608	-0.000628110475	-0.094873885983	0.001624193012	-0.000205222380	-0.003448306225	-0.040550788268	0.000891932972	-0.000095008362	-0.000623034741	-0.019633337610	0.000591007930	0.000017052287	0.001348885838	-0.011160292967	0.000432803744	0.000091132795	0.002048861935	-0.007519955686	0.000360957923	0.000114085914	0.001759211641	-0.005793884149	0.000356450160	0.000098892298	0.001145343041	-0.005181423024	0.000320805682	0.000045314868	0.000297938359	-0.004194695887	0.000282627582	-0.000006632955	-0.000349997367	-0.003065752223	0.000179193501	-0.000041274166	-0.000494308225	-0.001478137663
5000.000000000000	9.998393577342	4.777551546291	-1.755206641628	0.008192305740	0.007983967664	0.495316874403	-0.682050576606	0.006819423168	0.002360954158	0.058628955214	-0.248709130417	0.002974252355	0.000094744103	-0.000612407281	-0.094863541690	0.001637314897	-0.000205677052	-0.003448948547	-0.040539249401	0.000894098785	-0.000088989301	-0.000614419367	-0.019633545166	0.000592795756	0.000020559343	0.001356776566	-0.011155038516	0.000436094448	0.000091659915	0.002056104115	-0.007517508070	0.000368147650	0.000109645929	0.001764989491	-0.005799236659	0.000355116228	0.000102077112	0.001145712816	-0.005184499061	0.000320101547	0.000046586716	0.000300328032	-0.004194578410	0.000282742250	-0.000007707101	-0.000347915906	-0.003065611151	0.000176821807	-0.000036249323	-0.000493998678	-0.001477233467
5000.000000000000	9.999543052198	4.775779218550	-1.754961405827	0.008180185646	0.007972807102	0.495435435338	-0.682092300216	0.006816159034	0.002355926934	0.058691903176	-0.248753891952	0.002981281949	0.000103438894	-0.000625700523	-0.094882243072	0.001648515127	-0.000192764829	-0.003445939954	-0.040555554809	0.000895255406	-0.000096294862	-0.000621575672	-0.019635018063	0.000596223802	0.000024186134	0.001353739930	-0.011157904966	0.000436702858	0.000088853973	0.002050882774	-0.007521075858	0.000356149949	0.000115728826	0.001765194070	-0.005809023928	0.000350188907	0.000094993201	0.001148620745	-0.005182872457	0.000318267487	0.000046719951	0.000300522272	-0.004195972402	0.000282274092	-0.000007252352	-0.000350544819	-0.003066096671	0.000176943528	-0.000049065098	-0.000494583424	-0.001477382399
5000.000000000000	9.999443518849	4.776060100017	-1.754827230209	0.008186826282	0.007978341654	0.495466055023	-0.682075461331	0.006817037070	0.002375142151	0.058699307269	-0.248753408699	0.002977708744	0.000100120192	-0.000623240098	-0.094889425025	0.001627261794	-0.000194723781	-0.003446668472	-0.040558225786	0.000897989210	-0.000090758943	-0.000619519722	-0.019627596044	0.000594763669	0.000025857737	0.001356576309	-0.011159775687	0.000438808894	0.000096900368	0.002052732059	-0.007521047630	0.000368346998	0.000116208250	0.001753498249	-0.005806949059	0.000351972881	0.000092273939	0.001145203876	-0.005183327196	0.000323453071	0.000046012018	0.000300595098	-0.004195900476	0.000282569251	-0.000007101440	-0.000350330608	-0.003065500169	0.000178502665	-0.000047246050	-0.000494672415	-0.001478038277
5000.000000000000	10.000317344101	4.775098013429	-1.754606807174	0.008172401898	0.007984718054	0.495549610372	-0.682076548238	0.006817376489	0.002366414672	0.058713581676	-0.248781782306	0.002978983228	0.000099822145	-0.000618581002	-0.094899525235	0.001630554491	-0.000189673555	-0.003447605306	-0.040565083989	0.000896971861	-0.000095166433	-0.000618674178	-0.019633454204	0.000589615733	0.000028416168	0.001358508779	-0.011159414698	0.000432858069	0.000086050109	0.002052185837	-0.007514420576	0.000371625634	0.000114983647	0.001748487870	-0.005808773052	0.000352740086	0.000096739682	0.001147370308	-0.005184344950	0.000321354396	0.000044267551	0.000301027114	-0.004195891743	0.000282174167	-0.000006715202	-0.000349979073	-0.003066334929	0.000177699937	-0.000040086447	-0.000494123628	-0.001478602092
5000.000000000000	9.998350866946	4.775005242231	-1.754394020165	0.008189575072	0.007981303848	0.495543518261	-0.681994587291	0.006836368145	0.002375265282	0.058731622678	-0.248731703257	0.002975057604	0.000102623811	-0.000606679823	-0.094856849517	0.001642199770	-0.000191557162	-0.003432365647	-0.040553563815	0.000889576975	-0.000090901711	-0.000611263315	-0.019627744453	0.000594777803	0.000029690074	0.001363045591	-0.011159002171	0.000431365070	0.000097757360	0.002056705579	-0.007511944922	0.000367169225	0.000121772392	0.001771242777	-0.005807029774	0.000355485485	0.000100383367	0.001148697387	-0.005180519744	0.000319836338	0.000046641706	0.000301996309	-0.004194660656	0.000282386953	-0.000007412123	-0.000348412213	-0.003064458009	0.000183468368	-0.000045795678	-0.000492993075	-0.001477844841
5000.000000000000	9.999854312074	4.775412103540	-1.754205946046	0.008183503570	0.007988269108	0.495719287105	-0.682028478625	0.006822999316	0.002369759255	0.058783582004	-0.248798853034	0.002980097985	0.000101186192	-0.000599254075	-0.094911840430	0.001638925503	-0.000202048654	-0.003444704578	-0.040570923300	0.000895838398	-0.000091001157	-0.000610158927	-0.019633489272	0.000595354846	0.000022681845	0.001358708407	-0.011159778165	0.000433076201	0.000091758848	0.002057980236	-0.007513419659	0.000360939003	0.000124763137	0.001766075104	-0.005794539810	0.000354027092	0.000096227036	0.001149124893	-0.005179339774	0.000322643841	0.000044673760	0.000302397601	-0.004196812533	0.000281961980	-0.000006608241	-0.000347915103	-0.003066415274	0.000176151559	-0.000044406105	-0.000493088238	-0.001479149359
5000.000000000000	10.000767281137	4.775336158036	-1.754059609365	0.008173202712	0.007984241687	0.495806528615	-0.682017638885	0.006824711419	0.002370169038	0.058811146623	-0.248818923723	0.002977527402	0.000113478790	-0.000592486815	-0.094910118527	0.001619010176	-0.000184475392	-0.003435424764	-0.040569828170	0.000894085901	-0.000088076910	-0.000605817200	-0.019636529566	0.000590142011	0.000019583394	0.001363349119	-0.011163124211	0.000433992029	0.000096111313	0.002053906960	-0.007517815920	0.000361516239	0.000119515036	0.001765174433	-0.005800483539	0.000351479624	0.000098689643	0.001151100778	-0.005180685357	0.000318289262	0.000046713455	0.000303223316	-0.004196099245	0.000282405788	-0.000005796642	-0.000346787711	-0.003066573156	0.000176032801	-0.000037167510	-0.000493871300	-0.001478954732
5000.000000000000	9.999128838307	4.775203478313	-1.753704390886	0.008187415397	0.007986208237	0.495918842462	-0.681942238837	0.006819954400	0.002362443301	0.058860259004	-0.248801946500	0.002976417692	0.000104160685	-0.000564166945	-0.094912256817	0.001629687066	-0.000194968348	-0.003415646362	-0.040566159415	0.000892873965	-0.000099005954	-0.000601598885	-0.019630287008	0.000592202578	0.000020824732	0.001365336740	-0.011160430469	0.000432199993	0.000093883229	0.002060677735	-0.007516767982	0.000366382677	0.000122658570	0.001775950516	-0.005804189292	0.000350109621	0.000099363333	0.001154440231	-0.005180728544	0.000319884784	0.000049716341	0.000306027365	-0.004195708774	0.000282795013	-0.000006981907	-0.000343137435	-0.003065360764	0.000171744340	-0.000047282524	-0.000491337173	-0.001480026309
5000.000000000000	10.001664080818	4.776124498429	-1.753682914404	0.008183960992	0.007978772540	0.496083628613	-0.682030331903	0.006826400494	0.002371056139	0.058900152377	-0.248887851568	0.002986794647	0.000100675846	-0.000566532767	-0.094954010201	0.001612448238	-0.000196143050	-0.003430695939	-0.040586771199	0.000891249542	-0.000096310301	-0.000611648046	-0.019641729740	0.000592133727	0.000023220446	0.001362030511	-0.011166013823	0.000430796949	0.000096687411	0.002060869437	-0.007515462431	0.000366640213	0.000111252690	0.001771888075	-0.005801393289	0.000353996550	0.000097665920	0.001153625600	-0.005178392802	0.000323183751	0.000046826414	0.000306374602	-0.004197210679	0.000281742578	-0.000005955833	-0.000344995438	-0.003067876937	0.000178746468	-0.000038808758	-0.000492485290	-0.001479639739
5000.000000000000	10.001143439127	4.773417967066	-1.753391573870	0.008173689581	0.007997877715	0.496050265823	-0.681994299670	0.006828636803	0.002374119634	0.058897375571	-0.248858614795	0.002978723545	0.000109941567	-0.000574216942	-0.094933772600	0.001640381280	-0.000192667058	-0.003422796157	-0.040562964171	0.000898237550	-0.000094102419	-0.000604347996	-0.019634129307	0.000591909539	0.000023706105	0.001359611650	-0.011164949619	0.000431638417	0.000093972137	0.002053495511	-0.007512763002	0.000366938685	0.000109068341	0.001773427140	-0.005800911252	0.000354842523	0.000098719962	0.001149289668	-0.005178373288	0.000323872167	0.000048108367	0.000306366605	-0.004196856578	0.000283490164	-0.000007651864	-0.000347081301	-0.003066929004	0.000180698688	-0.000044355809	-0.000492878556	-0.001478826422
5000.000000000000	9.999800437161	4.772865988336	-1.753223535179	0.008195493510	0.007998452118	0.496057437624	-0.681944079969	0.006826983523	0.002363656287	0.058894188451	-0.248847231931	0.002982734675	0.000101814999	-0.000577295338	-0.094925052094	0.001639278180	-0.000194378398	-0.003430646475	-0.040569805214	0.000900808693	-0.000095322686	-0.000602530187	-0.019635221320	0.000591280473	0.000022226038	0.001370539733	-0.011164405957	0.000435620885	0.000092374456	0.002054038041	-0.007517867002	0.000361815559	0.000115496959	0.001752474743	-0.005794104486	0.000350983832	0.000098095973	0.001153032269	-0.005178807016	0.000321527524	0.000047406542	0.000304628824	-0.004194935556	0.000282737463	-0.000007091991	-0.000346877104	-0.003066962535	0.000179287244	-0.000046067524	-0.000493234326	-0.001478377062
5000.000000000000	9.999060178154	4.773009294808	-1.752956353798	0.008183778845	0.007995366394	0.496145231298	-0.681890775486	0.006843836424	0.002375412557	0.058936712899	-0.248834149062	0.002983278334	0.000108743362	-0.000557528000	-0.094920858100	0.001635766630	-0.000207888773	-0.003414463561	-0.040556534924	0.000892199966	-0.000098714907	-0.000589411383	-0.019631307659	0.000593496735	0.000022547846	0.001372253158	-0.011162007792	0.000434611421	0.000093102396	0.002064130719	-0.007509978499	0.000368955456	0.000122754865	0.001772222836	-0.005790443861	0.000357274004	0.000097604123	0.001154235117	-0.005179334691	0.000319022692	0.000048121043	0.000307690029	-0.004195138959	0.000284298324	-0.000005913997	-0.000345058708	-0.003066821970	0.000181791965	-0.000040508431	-0.000491868655	-0.001478628037
5000.000000000000	9.999638630737	4.773646347353	-1.752831824704	0.008181259597	0.007989429646	0.496254592309	-0.681893800694	0.006825797045	0.002381538540	0.058972803291	-0.248871281172	0.002984986827	0.000109929573	-0.000543689134	-0.094936874698	0.001620524895	-0.000198280036	-0.003408403577	-0.040567649695	0.000890746069	-0.000088028307	-0.000591806372	-0.019631039910	0.000594542645	0.000027648535	0.001369957756	-0.011162564780	0.000433063829	0.000094300602	0.002057124142	-0.007514115461	0.000366324708	0.000116558158	0.001773611476	-0.005804279685	0.000356001446	0.000102732847	0.001152680478	-0.005178158589	0.000323100983	0.000047857022	0.000308443013	-0.004195370302	0.000282839897	-0.000005406410	-0.000343128190	-0.003066913392	0.000184038874	-0.000047994158	-0.000492436545	-0.001478730485
5000.000000000000	9.998772959123	4.774249367282	-1.752846664555	0.008170985683	0.007983876790	0.496256297271	-0.681885117637	0.006821828742	0.002361821654	0.058956505238	-0.248869806121	0.002984312346	0.000110264228	-0.000561682603	-0.094931661579	0.001638031744	-0.000198410915	-0.003410772811	-0.040553310714	0.000890204961	-0.000096286924	-0.000592398182	-0.019628723026	0.000589438437	0.000028688026	0.001371073214	-0.011162773783	0.000436559832	0.000092376441	0.002061353259	-0.007513070615	0.000373113215	0.000123454204	0.001754882544	-0.005802464972	0.000349347375	0.000095559806	0.001153745594	-0.005179598742	0.000321914617	0.000046998858	0.000307118357	-0.004195296644	0.000282798363	-0.000008066586	-0.000345187142	-0.003065877520	0.000179020935	-0.000035227597	-0.000492278347	-0.001479405872
5000.000000000000	9.999861382270	4.773718598164	-1.752540408073	0.008166727618	0.007991859623	0.496386321156	-0.681884446075	0.006837242305	0.002359066577	0.059013527140	-0.248899548700	0.002983848347	0.000104202080	-0.000547869711	-0.094947994047	0.001624050275	-0.000193283890	-0.003419601403	-0.040574992809	0.000895119425	-0.000095296590	-0.000590220995	-0.019635085757	0.000594353500	0.000027693554	0.001371473101	-0.011161534452	0.000433682459	0.000093517829	0.002056968235	-0.007513943903	0.000366392715	0.000120918389	0.001777850797	-0.005807447985	0.000350481822	0.000093590116	0.001154976686	-0.005176235285	0.000320905605	0.000047395204	0.000307763671	-0.004195214625	0.000282626140	-0.000006405945	-0.000344847577	-0.003066654982	0.000178693001	-0.000042681450	-0.000490421989	-0.001479255068
5000.000000000000	10.000085842803	4.772927574786	-1.752304275374	0.008165562947	0.007989664101	0.496548182327	-0.681896981819	0.006818349971	0.002366044827	0.059053264737	-0.248959635974	0.002984585982	0.000098241230	-0.000523998087	-0.094991746371	0.001637401287	-0.000194325372	-0.003413122638	-0.040582968937	0.000895011503	-0.000095612290	-0.000590350657	-0.019642731631	0.000592684004	0.000027138218	0.001373344463	-0.011167438527	0.000436872379	0.000093370473	0.002063698233	-0.007516871149	0.000359713103	0.000112794123	0.001764432460	-0.005810963830	0.000353216849	0.000098099975	0.001157464136	-0.005179100237	0.000320896736	0.000048598349	0.000310051269	-0.004197782041	0.000281741888	-0.000006173969	-0.000342454758	-0.003066985279	0.000172135386	-0.000037850614	-0.000491897256	-0.001479877041
5000.000000000000	9.999505185285	4.772779340898	-1.752078191324	0.008187161235	0.008015019247	0.496580627936	-0.681853738899	0.006821537783	0.002375897828	0.059069703024	-0.248933265939	0.002989005151	0.000117741574	-0.000526517088	-0.094977644418	0.001641522401	-0.000210939897	-0.003411670479	-0.040572077651	0.000886756876	-0.000092984721	-0.000585076692	-0.019637922909	0.000593643390	0.000031818614	0.001375661774	-0.011169055866	0.000432907566	0.000095043569	0.002059056085	-0.007511529353	0.000376022503	0.000109862288	0.001778381218	-0.005796301622	0.000353377269	0.000099921149	0.001157002417	-0.005178076495	0.000323158797	0.000045805748	0.000309884448	-0.004196210844	0.000282823993	-0.000008884851	-0.000343351346	-0.003068636374	0.000180713502	-0.000035211555	-0.000491068392	-0.001479505593
5000.000000000000	10.000248436582	4.773888978266	-1.752084244786	0.008184879617	0.007968711980	0.496695397082	-0.681863166062	0.006825635276	0.002372970811	0.059121495484	-0.248976780047	0.002981121509	0.000106191265	-0.000521106584	-0.094996950396	0.001619933547	-0.000204248763	-0.003407635523	-0.040575759688	0.000895155212	-0.000095890615	-0.000584845751	-0.019636523330	0.000595131396	0.000023351306	0.001374826469	-0.011164381129	0.000430217750	0.000093620211	0.002065294412	-0.007515633946	0.000367883499	0.000120081981	0.001772316911	-0.005808220730	0.000348287168	0.000095262001	0.001157782271	-0.005179206900	0.000322508022	0.000048108919	0.000310903119	-0.004195995810	0.000282883546	-0.000006512343	-0.000341481333	-0.003067679029	0.000179144237	-0.000038789793	-0.000490815781	-0.001480485412
5000.000000000000	10.000583917319	4.772802204185	-1.751700803399	0.008178556394	0.008001832462	0.496801459067	-0.681837217721	0.006828402473	0.002369610754	0.059153531130	-0.248979197566	0.002983303616	0.000111037212	-0.000515427218	-0.095004008638	0.001634963391	-0.000201399334	-0.003397532476	-0.040585990742	0.000896424586	-0.000089529841	-0.000584510099	-0.019645590387	0.000595534741	0.000021844428	0.001379168042	-0.011165097299	0.000435816275	0.000092290549	0.002065059082	-0.007522316468	0.000365665273	0.000118653174	0.001767856223	-0.005797538261	0.000351248951	0.000090851883	0.001161643560	-0.005180700204	0.000322136144	0.000049307751	0.000312029002	-0.004195442638	0.000281374757	-0.000007034257	-0.000340284876	-0.003068508702	0.000178470737	-0.000044271432	-0.000490626749	-0.001480994692
5000.000000000000	9.998505765043	4.774756863731	-1.751701986737	0.008177851754	0.008000373387	0.496896160385	-0.681779582331	0.006841270668	0.002376831630	0.059203191601	-0.248985448160	0.002989738707	0.000105600514	-0.000486839959	-0.094997130587	0.001639958644	-0.000210441836	-0.003386033441	-0.040589322050	0.000900669877	-0.000091768745	-0.000576118390	-0.019638738814	0.000597024996	0.000024562994	0.001382695944	-0.011166436448	0.000433956675	0.000091982819	0.002064078012	-0.007515423238	0.000361348385	0.000114473980	0.001780311523	-0.005793181882	0.000352762086	0.000102240460	0.001161620645	-0.005176396468	0.000322178768	0.000050694440	0.000314623168	-0.004194233342	0.000281644336	-0.000006675191	-0.000340230152	-0.003066685338	0.000182916759	-0.000043033871	-0.000489129853	-0.001480830964
5000.000000000000	10.001998634053	4.775768350540	-1.751829996236	0.008173993020	0.007973032572	0.497030256295	-0.681912453390	0.006827551150	0.002387461757	0.059195907684	-0.249091275215	0.002987637649	0.000103162912	-0.000504837275	-0.095051835009	0.001639835535	-0.000187819221	-0.003410897927	-0.040597950334	0.000893216014	-0.000094283514	-0.000593384733	-0.019656895335	0.000593698934	0.000023335472	0.001370830971	-0.011169305092	0.000434411048	0.000100833352	0.002062685433	-0.007521576044	0.000366047591	0.000123217381	0.001765375240	-0.005803675534	0.000351570623	0.000099700322	0.001160173747	-0.005175680529	0.000323860701	0.000048366870	0.000311308822	-0.004195964302	0.000282717728	-0.000005629345	-0.000341666726	-0.003069752788	0.000177298969	-0.000040233701	-0.000491857233	-0.001481388820
5000.000000000000	9.999744172194	4.772920190083	-1.751332730166	0.008168202076	0.007997054308	0.497054882978	-0.681798462760	0.006821628551	0.002367760640	0.059241566772	-0.249033708977	0.002984348863	0.000104984379	-0.000498682971	-0.095028042603	0.001641876672	-0.000180995347	-0.003397150814	-0.040598228561	0.000890394265	-0.000090646871	-0.000578738942	-0.019641551393	0.000595235027	0.000029580164	0.001376279246	-0.011170166167	0.000430402942	0.000098353050	0.002066728726	-0.007510215207	0.000358042237	0.000112462039	0.001779758695	-0.005791109544	0.000350909108	0.000095490580	0.001160296725	-0.005175692570	0.000322288214	0.000050899900	0.000312377753	-0.004195854164	0.000284129811	-0.000004927189	-0.000339009981	-0.003068532704	0.000172792557	-0.000040187216	-0.000490354678	-0.001481620580
5000.000000000000	10.001774361269	4.778126581165	-1.751409172775	0.008173790228	0.008000889701	0.497167645738	-0.681804627645	0.006818242626	0.002389539112	0.059269976710	-0.249067567017	0.002985817933	0.000110599285	-0.000494066627	-0.095042523739	0.001642790189	-0.000196479683	-0.003396086584	-0.040598498503	0.000893241836	-0.000092695019	-0.000582648722	-0.019645989814	0.000592798295	0.000025954553	0.001381998303	-0.011170424735	0.000429158416	0.000094695016	0.002071249170	-0.007516120494	0.000362614085	0.000117296107	0.001776788382	-0.005795128958	0.000350526689	0.000092131445	0.001161521574	-0.005177981007	0.000322453299	0.000045388599	0.000313778116	-0.004196443797	0.000282009223	-0.000005418234	-0.000339630947	-0.003067782037	0.000186081700	-0.000038985199	-0.000491036147	-0.001481262382
5000.000000000000	9.999011425602	4.776605051317	-1.751388523837	0.008172594276	0.007995112788	0.497025734963	-0.681766939776	0.006828013890	0.002369377256	0.059218466490	-0.249020341070	0.002993628925	0.000104332100	-0.000503004322	-0.095000439076	0.001624765248	-0.000201380313	-0.003402162504	-0.040576591635	0.000893551076	-0.000090549629	-0.000578669069	-0.019634264216	0.000587538109	0.000027260675	0.001382429204	-0.011161770117	0.000437776600	0.000094025491	0.002064953650	-0.007516800919	0.000369398692	0.000121096844	0.001782149918	-0.005796078603	0.000346899620	0.000101495026	0.001160131647	-0.005176431241	0.000323366207	0.000046796583	0.000311163563	-0.004194791854	0.000283754539	-0.000006241455	-0.000342834322	-0.003066652638	0.000177971889	-0.000042791129	-0.000491296140	-0.001480046330
5000.000000000000	9.998910157122	4.772113414843	-1.750834771091	0.008172006309	0.007990192225	0.497209900156	-0.681751835030	0.006842477786	0.002375901328	0.059285343374	-0.249068886157	0.002983637587	0.000108780100	-0.000488831188	-0.095041683622	0.001637902060	-0.000183320625	-0.003393176046	-0.040592547978	0.000894130181	-0.000095214651	-0.000576364990	-0.019641919881	0.000594829974	0.000023402984	0.001383981569	-0.011165065586	0.000435822780	0.000096347403	0.002066384997	-0.007516414133	0.000361515116	0.000122410215	0.001773765102	-0.005794677086	0.000354456751	0.000095446763	0.001160398206	-0.005178483889	0.000324611506	0.000046786836	0.000311137635	-0.004196496374	0.000281513301	-0.000005663856	-0.000339941213	-0.003068023497	0.000179840213	-0.000046501672	-0.000490391828	-0.001480261980
5000.000000000000	9.999743710833	4.771669149510	-1.750593271798	0.008154755710	0.007995795931	0.497313555533	-0.681749938818	0.006838845585	0.002379661962	0.059321987156	-0.249101558205	0.002983437679	0.000105040614	-0.000474326169	-0.095050140412	0.001638162189	-0.000207738648	-0.003390192880	-0.040602397828	0.000898419206	-0.000091056623	-0.000571540042	-0.019640937000	0.000593384918	0.000026687050	0.001380832500	-0.011170859779	0.000435144356	0.000096633467	0.002068649644	-0.007513659067	0.000367071713	0.000124099692	0.001779013728	-0.005801976195	0.000349361885	0.000100941169	0.001164118264	-0.005174988598	0.000322410927	0.000049276078	0.000314475807	-0.004195332194	0.000282409247	-0.000006151358	-0.000339185308	-0.003068070180	0.000176575800	-0.000039712036	-0.000490632720	-0.001480600796
5000.000000000000	9.998654826756	4.772589886829	-1.750368014596	0.008169222911	0.008005473788	0.497411560182	-0.681654863809	0.006833295662	0.002392582830	0.059367939697	-0.249063942834	0.002988769977	0.000107079700	-0.000452189582	-0.095038387948	0.001619604258	-0.000194655052	-0.003365540673	-0.040595535225	0.000898147624	-0.000088725062	-0.000556070644	-0.019637845322	0.000595894763	0.000029092857	0.001389756943	-0.011163179290	0.000433346190	0.000096816498	0.002071519584	-0.007517038188	0.000366345448	0.000127497354	0.001785063200	-0.005804342689	0.000351994742	0.000096079265	0.001165887783	-0.005178825554	0.000323160164	0.000049054152	0.000316831570	-0.004193356113	0.000282961903	-0.000006255283	-0.000336298162	-0.003069071818	0.000182672490	-0.000044133445	-0.000488761804	-0.001480963856
5000.000000000000	10.002863529755	4.773037787726	-1.750188961280	0.008163325826	0.007998825450	0.497690572736	-0.681769965600	0.006828701040	0.002396138016	0.059444084602	-0.249183004989	0.002986566706	0.000112026800	-0.000443371380	-0.095117012172	0.001638587265	-0.000194240902	-0.003382353140	-0.040619754234	0.000897697159	-0.000096302410	-0.000574483968	-0.019661112720	0.000590150187	0.000025934928	0.001378085323	-0.011169460437	0.000434203865	0.000092582834	0.002063015507	-0.007519299426	0.000366043764	0.000122029650	0.001795912883	-0.005794660384	0.000355549985	0.000093445719	0.001165378244	-0.005175246775	0.000322132452	0.000046251206	0.000316918729	-0.004197574554	0.000283466459	-0.000005454461	-0.000337020226	-0.003070620301	0.000185244026	-0.000038997621	-0.000489834963	-0.001482701501
5000.000000000000	9.999594002062	4.770649491693	-1.749891628004	0.008171951169	0.008002583864	0.497628575325	-0.681648620096	0.006834400667	0.002387888894	0.059438762038	-0.249142375418	0.002989534522	0.000110853331	-0.000442342403	-0.095069180883	0.001637518250	-0.000195380214	-0.003379208857	-0.040605833447	0.000899815588	-0.000094083276	-0.000562247494	-0.019644925259	0.000592411563	0.000022313107	0.001390230581	-0.011166659398	0.000435728833	0.000093048149	0.002074970569	-0.007515574640	0.000365422055	0.000115104203	0.001773293004	-0.005787375657	0.000352697711	0.000099777621	0.001165883490	-0.005177412896	0.000320627813	0.000049694707	0.000318041585	-0.004194096997	0.000282199292	-0.000006732665	-0.000336679080	-0.003068970683	0.000176421602	-0.000040641606	-0.000488737559	-0.001481784122
5000.000000000000	9.999508979306	4.770847766112	-1.749825196443	0.008170839745	0.007999178093	0.497653272388	-0.681667635109	0.006824990981	0.002382540115	0.059444472893	-0.249150553767	0.002983052988	0.000108928848	-0.000450672732	-0.095082280370	0.001634353233	-0.000195801102	-0.003376007615	-0.040596130043	0.000894729882	-0.000093759209	-0.000565433219	-0.019638710625	0.000596924628	0.000025275880	0.001392124362	-0.011164568507	0.000436006760	0.000093840139	0.002069579933	-0.007514134763	0.000370057971	0.000113002373	0.001771040267	-0.005800518054	0.000354046137	0.000090243158	0.001164909288	-0.005176148053	0.000318956377	0.000048149588	0.000317121983	-0.004195623113	0.000282467833	-0.000006088797	-0.000337795629	-0.003068862876	0.000185426371	-0.000042318680	-0.000488489865	-0.001481329155
5000.000000000000	10.000821971990	4.770982017716	-1.749352045343	0.008160113311	0.008003463032	0.497855840017	-0.681638871206	0.006833384043	0.002394149242	0.059528799108	-0.249168601910	0.002982551686	0.000107462212	-0.000421173105	-0.095096271045	0.001647655580	-0.000197137046	-0.003368595295	-0.040613550692	0.000892838914	-0.000090738699	-0.000556491602	-0.019644035023	0.000591704397	0.000027314278	0.001387787591	-0.011172407950	0.000439785564	0.000096965025	0.002069125682	-0.007516429787	0.000365435112	0.000125686186	0.001785448152	-0.005799824710	0.000349726250	0.000100588151	0.001169564996	-0.005176707275	0.000320973876	0.000046080289	0.000320697413	-0.004194491982	0.000283087956	-0.000007398099	-0.000335001137	-0.003070020736	0.000179279703	-0.000037628834	-0.000488040486	-0.001482734934
5000.000000000000	9.999063257556	4.771832746661	-1.749319225151	0.008184581772	0.008011929256	0.497827519299	-0.681589247836	0.006837037574	0.002384581527	0.059513105897	-0.249147206421	0.002989381817	0.000109620394	-0.000427703357	-0.095082048633	0.001638356042	-0.000190297111	-0.003366648178	-0.040598172133	0.000897260489	-0.000088707354	-0.000555555117	-0.019644920471	0.000595182945	0.000024525120	0.001393983617	-0.011167693176	0.000435638731	0.000097169218	0.002077255347	-0.007514449288	0.000365509214	0.000112356044	0.001772578221	-0.005802776163	0.000356818884	0.000092030387	0.001167627660	-0.005174944263	0.000323324144	0.000044950398	0.000318736785	-0.004196835801	0.000282007439	-0.000005264812	-0.000335943517	-0.003068212408	0.000178563425	-0.000045090435	-0.000487793550	-0.001480260480
5000.000000000000	9.998592864785	4.770432435211	-1.749038036172	0.008152457418	0.008010249071	0.497909105909	-0.681567786480	0.006821010035	0.002381093975	0.059537672476	-0.249158193018	0.002991800552	0.000112731545	-0.000422774487	-0.095088469732	0.001646793003	-0.000200104896	-0.003356618936	-0.040609360625	0.000888301768	-0.000097593088	-0.000555777163	-0.019644230824	0.000590081751	0.000027104544	0.001398472531	-0.011173486195	0.000432194565	0.000094569109	0.002074414737	-0.007513893824	0.000370045917	0.000117574124	0.001785041459	-0.005797751271	0.000356388823	0.000101153576	0.001169210381	-0.005173684605	0.000320710648	0.000049393753	0.000319536867	-0.004195806291	0.000282526105	-0.000005303626	-0.000335011529	-0.003068391203	0.000179693552	-0.000035334749	-0.000487556767	-0.001482591020
5000.000000000000	10.001034012187	4.768819687328	-1.748644110503	0.008172826264	0.008011462469	0.498142684589	-0.681619195921	0.006830076727	0.002404918974	0.059608748775	-0.249228617115	0.002995467093	0.000107255816	-0.000409612235	-0.095145837993	0.001641737900	-0.000198879443	-0.003368515879	-0.040610128224	0.000898690111	-0.000084962338	-0.000554298796	-0.019656978400	0.000593037768	0.000030134499	0.001397033160	-0.011172825943	0.000428716019	0.000095610457	0.002072757483	-0.007515158075	0.000368892846	0.000123244108	0.001786183568	-0.005797621403	0.000355314059	0.000101273909	0.001171900866	-0.005176449936	0.000322412121	0.000046869248	0.000321750634	-0.004194609750	0.000284261372	-0.000006335396	-0.000333461420	-0.003070913058	0.000177197301	-0.000039497469	-0.000487676807	-0.001483441625
5000.000000000000	9.999404712423	4.770129210983	-1.748677168780	0.008162613105	0.008008502050	0.498169645359	-0.681589100786	0.006833421465	0.002397699081	0.059631893637	-0.249235294435	0.002982274391	0.000103402628	-0.000403074635	-0.095139577656	0.001650274550	-0.000192810260	-0.003355477366	-0.040618573887	0.000897915382	-0.000091804649	-0.000549562451	-0.019652247414	0.000591732444	0.000026290861	0.001399550292	-0.011165788187	0.000435003673	0.000094762082	0.002072811448	-0.007514457609	0.000371617438	0.000117508375	0.001786560698	-0.005808353791	0.000349951794	0.000099134370	0.001172311143	-0.005175163623	0.000319624952	0.000048023355	0.000321164075	-0.004197091254	0.000281989845	-0.000006019929	-0.000334882134	-0.003069938667	0.000176919953	-0.000046602447	-0.000488686222	-0.001482684461
5000.000000000000	9.999881157312	4.769765996199	-1.748455561733	0.008157674876	0.008007436148	0.498317403524	-0.681577786321	0.006841390436	0.002385320943	0.059665821603	-0.249277902586	0.002985996537	0.000113309676	-0.000392935499	-0.095162399006	0.001627425061	-0.000194793096	-0.003351316100	-0.040626249653	0.000889396400	-0.000087999980	-0.000550284781	-0.019658666562	0.000593955587	0.000025134231	0.001396254885	-0.011175398075	0.000429016971	0.000096626156	0.002076161893	-0.007520905705	0.000365827430	0.000118154479	0.001794292001	-0.005785476771	0.000358433535	0.000099761333	0.001173138140	-0.005174729499	0.000320842735	0.000049362036	0.000324116594	-0.004195141619	0.000282802320	-0.000006281348	-0.000333191340	-0.003071432245	0.000178919452	-0.000034806188	-0.000487311069	-0.001483186109
5000.000000000000	9.999282317256	4.766608754466	-1.748205890871	0.008155667499	0.008007887664	0.498387867262	-0.681564998000	0.006836947088	0.002394740970	0.059686456151	-0.249279301669	0.002988525352	0.000118439408	-0.000375389608	-0.095150200790	0.001635516133	-0.000185793038	-0.003354792634	-0.040619433132	0.000898167501	-0.000091070202	-0.000550743427	-0.019657628620	0.000590271348	0.000028417372	0.001396511779	-0.011170708980	0.000431157835	0.000098827109	0.002078459562	-0.007512400221	0.000366984140	0.000117593804	0.001796397173	-0.005803320441	0.000351284763	0.000090293983	0.001172577053	-0.005175605364	0.000321533257	0.000047666161	0.000321679021	-0.004195877688	0.000282586051	-0.000005806476	-0.000332945421	-0.003071137028	0.000179026811	-0.000041331838	-0.000486797804	-0.001483075607
5000.000000000000	10.001514663978	4.765533194264	-1.747759559157	0.008168449590	0.007997121107	0.498566285533	-0.681548342715	0.006824515813	0.002404929890	0.059771592981	-0.249325810526	0.002992714159	0.000115232913	-0.000364907281	-0.095192576286	0.001651143990	-0.000210078251	-0.003353987286	-0.040640919916	0.000893677206	-0.000092045107	-0.000545503846	-0.019660833676	0.000589536271	0.000026693284	0.001398200150	-0.011170162417	0.000432982789	0.000097150102	0.002078948418	-0.007510956423	0.000368602589	0.000114886925	0.001795397268	-0.005793031633	0.000351126469	0.000096591802	0.001177801834	-0.005174471942	0.000321701378	0.000046272909	0.000325897414	-0.004195509652	0.000282615117	-0.000006544446	-0.000331020428	-0.003072330489	0.000175389009	-0.000037721947	-0.000487394513	-0.001483683619
5000.000000000000	9.998280393782	4.765444337473	-1.747559170079	0.008148840745	0.008013158357	0.498447441370	-0.681439931994	0.006815710145	0.002393093304	0.059736575938	-0.249251185739	0.002986675784	0.000109230798	-0.000359538786	-0.095141614910	0.001628132185	-0.000188056146	-0.003342711727	-0.040610334518	0.000899004351	-0.000088131840	-0.000537309908	-0.019647384289	0.000590064842	0.000026771436	0.001408606373	-0.011172429746	0.000434193885	0.000098825934	0.002085165680	-0.007510307446	0.000371802233	0.000112178564	0.001783023107	-0.005794394472	0.000350693749	0.000098216366	0.001176863583	-0.005173628098	0.000322828329	0.000046932022	0.000325280040	-0.004195841867	0.000282080708	-0.000004873711	-0.000330621780	-0.003068810358	0.000170675125	-0.000035741974	-0.000486458410	-0.001482572711
5000.000000000000	9.999590167887	4.765136572117	-1.747441624450	0.008171418411	0.008010486516	0.498628724214	-0.681505018370	0.006836673267	0.002390502119	0.059790432601	-0.249316518601	0.002989812096	0.000110791529	-0.000367608289	-0.095172420775	0.001622962684	-0.000173254318	-0.003347032005	-0.040629698142	0.000893681942	-0.000090641729	-0.000540723353	-0.019656582796	0.000591928671	0.000030070365	0.001404404935	-0.011171499092	0.000433732281	0.000095401157	0.002080254945	-0.007514516725	0.000367157456	0.000121338777	0.001791303577	-0.005792529216	0.000353423467	0.000097633143	0.001179808466	-0.005171972479	0.000321415844	0.000048296604	0.000324038788	-0.004194583106	0.000283135556	-0.000006587258	-0.000331054326	-0.003071577296	0.000174932246	-0.000044448244	-0.000486307041	-0.001483280689
5000.000000000000	10.000797894507	4.765353976717	-1.747363017502	0.008156329133	0.008007353369	0.498723083021	-0.681543789610	0.006840168419	0.002392894341	0.059788266587	-0.249366553701	0.002989606838	0.000115999743	-0.000373822946	-0.095199913187	0.001641502702	-0.000186311435	-0.003351957988	-0.040632907543	0.000899173656	-0.000094001683	-0.000547947255	-0.019660346135	0.000592572314	0.000028043688	0.001395867699	-0.011180401127	0.000434295191	0.000094477460	0.002069790399	-0.007515424256	0.000370603100	0.000125349537	0.001791395016	-0.005791283681	0.000352191094	0.000102869597	0.001173413533	-0.005176444518	0.000323839331	0.000047475388	0.000324648352	-0.004194198269	0.000284409379	-0.000006020962	-0.000331665654	-0.003072038093	0.000182383172	-0.000037638703	-0.000487468415	-0.001482987711
5000.000000000000	9.999499918714	4.766116355726	-1.747180234426	0.008167920742	0.008028405452	0.498739816541	-0.681454146415	0.006828010445	0.002415931595	0.059820678665	-0.249331389073	0.002992886029	0.000118557952	-0.000354002064	-0.095174306352	0.001651033297	-0.000196108886	-0.003337900719	-0.040633506093	0.000895248352	-0.000086738535	-0.000540249917	-0.019653082603	0.000592567419	0.000029421766	0.001403529798	-0.011172398854	0.000433849671	0.000095515863	0.002080483811	-0.007517968944	0.000365530737	0.000116951375	0.001788398679	-0.005795113931	0.000358143554	0.000097380125	0.001172363864	-0.005173326213	0.000321448961	0.000048734700	0.000325969636	-0.004194522690	0.000283646700	-0.000005604804	-0.000331975715	-0.003070983346	0.000182996205	-0.000041988069	-0.000486664882	-0.001482005522
5000.000000000000	9.999423812917	4.769206869455	-1.747159616671	0.008164119512	0.008017449276	0.498879899346	-0.681434508033	0.006830639792	0.002399232556	0.059867581525	-0.249371091825	0.002990779464	0.000110336516	-0.000357209048	-0.095207864760	0.001631154191	-0.000193745045	-0.003335629089	-0.040628368945	0.000896584197	-0.000088732597	-0.000535446276	-0.019657340825	0.000595970480	0.000024468022	0.001400089331	-0.011176132906	0.000430325645	0.000099341884	0.002079664338	-0.007514241666	0.000364219831	0.000117998971	0.001789221821	-0.005793297602	0.000344751429	0.000099155295	0.001176351865	-0.005175569544	0.000322679462	0.000046101289	0.000325006767	-0.004196681013	0.000282283456	-0.000005543104	-0.000331451150	-0.003070085778	0.000181146179	-0.000043860978	-0.000486650478	-0.001483549021
5000.000000000000	10.001106151615	4.768294353222	-1.746855588049	0.008154838957	0.008009799253	0.499039909726	-0.681452139450	0.006842768174	0.002405218715	0.059928799052	-0.249396739147	0.002988487694	0.000106053583	-0.000334761091	-0.095236081965	0.001631037589	-0.000194999834	-0.003334284157	-0.040647855349	0.000892191681	-0.000088504401	-0.000533409842	-0.019664935154	0.000587440695	0.000026203286	0.001405334121	-0.011175642816	0.000438363361	0.000095425793	0.002077296962	-0.007518096956	0.000369913133	0.000127548512	0.001788798791	-0.005789402687	0.000350143248	0.000095921740	0.001176919881	-0.005174034461	0.000321249492	0.000050413485	0.000327353121	-0.004196068530	0.000281730550	-0.000003909517	-0.000328061747	-0.003071017784	0.000174699860	-0.000040193414	-0.000486584624	-0.001483891606
5000.000000000000	10.001622211415	4.764507318871	-1.746417458774	0.008168391192	0.008034043500	0.499144022038	-0.681446218119	0.006833279505	0.002406465931	0.059969188274	-0.249434200137	0.002996726656	0.000116868624	-0.000330380898	-0.095246792842	0.001647978651	-0.000191710103	-0.003333967936	-0.040649606934	0.000896197527	-0.000094253446	-0.000534304958	-0.019664707247	0.000592760134	0.000027416000	0.001406315762	-0.011175853679	0.000439129690	0.000100039566	0.002077924767	-0.007518227225	0.000369971577	0.000114298515	0.001781318237	-0.005788521040	0.000349838447	0.000105642292	0.001178035978	-0.005174873691	0.000320597097	0.000047599682	0.000328995200	-0.004196582977	0.000284170267	-0.000004319171	-0.000328555237	-0.003072875702	0.000173224588	-0.000039842844	-0.000485638045	-0.001484029251
5000.000000000000	9.999583401381	4.763723220449	-1.746266531667	0.008165759573	0.008022797852	0.499093917004	-0.681385982118	0.006837909136	0.002393430871	0.059961504423	-0.249394542661	0.002990865579	0.000111304352	-0.000333712326	-0.095219106358	0.001625849982	-0.000190740599	-0.003329870059	-0.040638167022	0.000897884279	-0.000088751394	-0.000525964805	-0.019657186398	0.000596435810	0.000026024201	0.001411027912	-0.011175933158	0.000433053165	0.000097331204	0.002085116540	-0.007517621261	0.000361993576	0.000121594971	0.001792953394	-0.005786883855	0.000350793509	0.000100352690	0.001180044961	-0.005168912651	0.000319943909	0.000046873869	0.000327882090	-0.004195517196	0.000282801807	-0.000004689383	-0.000328838035	-0.003069886164	0.000185212284	-0.000045563325	-0.000486142696	-0.001483829197
5000.000000000000	9.998987059899	4.764754314992	-1.745965845079	0.008151916811	0.008009686414	0.499224869089	-0.681307631932	0.006833929990	0.002412084521	0.060017760252	-0.249394714165	0.002993439250	0.000111770970	-0.000304606752	-0.095221996327	0.001642892536	-0.000190686733	-0.003323031009	-0.040634390657	0.000894472778	-0.000091598039	-0.000520034757	-0.019654582958	0.000596560270	0.000028651503	0.001413063725	-0.011177787856	0.000436073995	0.000094819231	0.002084867365	-0.007513281889	0.000367131998	0.000121642312	0.001794542761	-0.005799513371	0.000345965755	0.000101097846	0.001181244222	-0.005175072794	0.000323924045	0.000049985269	0.000332203717	-0.004193976654	0.000283530028	-0.000005831643	-0.000325661205	-0.003071315247	0.000178952012	-0.000042794922	-0.000485604926	-0.001483877348
5000.000000000000	10.000158960862	4.762462945376	-1.745732731335	0.008140485836	0.008020046340	0.499285281936	-0.681328769257	0.006837064590	0.002400529843	0.060008438255	-0.249432474812	0.002995140919	0.000115919159	-0.000324751709	-0.095250113263	0.001625376209	-0.000208510447	-0.003318995066	-0.040636116064	0.000891499333	-0.000086279740	-0.000530721412	-0.019658059975	0.000587940406	0.000027464297	0.001413226311	-0.011172562070	0.000433086148	0.000097430786	0.002082797947	-0.007515434707	0.000365096002	0.000116870429	0.001802461017	-0.005805145622	0.000354787702	0.000097193604	0.001179977804	-0.005172534985	0.000323597649	0.000047800025	0.000327696322	-0.004194920623	0.000283253669	-0.000004334909	-0.000327331456	-0.003071520227	0.000172905410	-0.000036158288	-0.000484502020	-0.001484082254
5000.000000000000	9.998328398521	4.764714012083	-1.745660401635	0.008148557827	0.008024977633	0.499381498681	-0.681280535351	0.006834250695	0.002404530359	0.060048722221	-0.249407812747	0.002996119081	0.000105963439	-0.000299139210	-0.095226244232	0.001637509746	-0.000195141620	-0.003319552733	-0.040636312179	0.000892644809	-0.000089616005	-0.000518041534	-0.019657609357	0.000590979883	0.000030654910	0.001416844934	-0.011175054591	0.000427999032	0.000094478555	0.002086111152	-0.007511609544	0.000373785084	0.000120996962	0.001802873809	-0.005788064256	0.000350544114	0.000100191381	0.001182564652	-0.005172893954	0.000323636709	0.000048594249	0.000331253460	-0.004193777786	0.000283751712	-0.000005217937	-0.000326158979	-0.003069743857	0.000177242284	-0.000040140868	-0.000484854081	-0.001483478991
5000.000000000000	10.001994001233	4.765527754021	-1.745497632184	0.008179117979	0.008017742087	0.499640010788	-0.681362342575	0.006841645589	0.002411235228	0.060128528378	-0.249522298036	0.002987327564	0.000116164584	-0.000276455052	-0.095294158178	0.001619372238	-0.000195823978	-0.003312262811	-0.040668643949	0.000901672839	-0.000093001483	-0.000520369046	-0.019673755288	0.000592732263	0.000031594216	0.001415347604	-0.011179667160	0.000431223506	0.000090983936	0.002087487785	-0.007520853409	0.000363732837	0.000119199419	0.001794664143	-0.005778258901	0.000350085499	0.000096467928	0.001179228858	-0.005174208045	0.000324410450	0.000049058845	0.000332484062	-0.004196185729	0.000282619439	-0.000003192153	-0.000324675866	-0.003074225901	0.000177171527	-0.000035654439	-0.000485250791	-0.001485988880
5000.000000000000	9.999229081463	4.765237315674	-1.745394658721	0.008158098642	0.008037893348	0.499546276726	-0.681263378750	0.006841093676	0.002415582849	0.060113715522	-0.249462124049	0.002997959526	0.000108536943	-0.000288441038	-0.095250157504	0.001642686898	-0.000188380143	-0.003299388861	-0.040638944100	0.000895867821	-0.000089759056	-0.000510000711	-0.019658954755	0.000590759553	0.000026210318	0.001417831838	-0.011178245169	0.000432410864	0.000096932463	0.002090001996	-0.007511226535	0.000360579722	0.000125531177	0.001803828349	-0.005775258580	0.000355859685	0.000102012525	0.001181326224	-0.005168941500	0.000320860884	0.000049763291	0.000332394149	-0.004194367233	0.000282789988	-0.000006062484	-0.000325509867	-0.003070411208	0.000178023797	-0.000039638862	-0.000484217520	-0.001484545786
5000.000000000000	9.999430813779	4.766244793006	-1.745324409548	0.008171002429	0.008015598186	0.499660295035	-0.681268421584	0.006844481491	0.002410727197	0.060153547199	-0.249506282957	0.002993740592	0.000108988669	-0.000280356189	-0.095278895683	0.001640693772	-0.000190102436	-0.003310107913	-0.040649621096	0.000895571487	-0.000090049516	-0.000519292756	-0.019660170737	0.000589990592	0.000029387827	0.001422227753	-0.011179810891	0.000433711356	0.000096492555	0.002085207527	-0.007510891102	0.000363872576	0.000116010112	0.001808706758	-0.005789685941	0.000351849696	0.000093351478	0.001181140649	-0.005171035137	0.000322948384	0.000050104923	0.000332467086	-0.004196172372	0.000284076464	-0.000006753062	-0.000326917439	-0.003072277704	0.000174336688	-0.000047201905	-0.000484655900	-0.001484795843
5000.000000000000	10.001958777946	4.762681432655	-1.744829797459	0.008162945130	0.008013503731	0.499903928517	-0.681311207804	0.006830850378	0.002416396994	0.060224622375	-0.249580422864	0.003001929615	0.000110165683	-0.000262075347	-0.095328822350	0.001646186524	-0.000190737395	-0.003313331654	-0.040679494914	0.000897833652	-0.000091054172	-0.000526817895	-0.019672858952	0.000595877322	0.000026305535	0.001415284611	-0.011181221554	0.000432440067	0.000100641817	0.002086344814	-0.007511915313	0.000372092747	0.000123804314	0.001806061483	-0.005797678845	0.000351844067	0.000100635317	0.001183913405	-0.005171295510	0.000319602372	0.000050023795	0.000335112768	-0.004196028541	0.000283358848	-0.000005402340	-0.000323872232	-0.003074416232	0.000179598519	-0.000044146528	-0.000484087189	-0.001485812750
5000.000000000000	10.001616389364	4.760077406062	-1.744447409503	0.008164092170	0.008029251019	0.499970758943	-0.681277213097	0.006829145474	0.002410741087	0.060261240536	-0.249585009402	0.002999843980	0.000112994138	-0.000254774674	-0.095329941405	0.001639198425	-0.000188949919	-0.003308386931	-0.040673683760	0.000892405858	-0.000087747743	-0.000520501106	-0.019671092809	0.000591901527	0.000029759833	0.001416125589	-0.011179534935	0.000434167099	0.000092964676	0.002084108420	-0.007517443591	0.000374324992	0.000114536240	0.001803637825	-0.005784985003	0.000357798096	0.000092765520	0.001185323922	-0.005168484393	0.000320715188	0.000052082771	0.000335653774	-0.004196577045	0.000284198524	-0.000004890211	-0.000324165092	-0.003073798049	0.000184508082	-0.000041121432	-0.000484240405	-0.001485799088
5000.000000000000	9.997096076712	4.758168380727	-1.744150377928	0.008166045658	0.008018549287	0.499766016068	-0.681107058005	0.006848206784	0.002413695495	0.060195553695	-0.249438227490	0.002993373058	0.000114991250	-0.000258745688	-0.095235607235	0.001639117826	-0.000187153222	-0.003286346659	-0.040618839463	0.000894372930	-0.000087732445	-0.000502415059	-0.019643451230	0.000591029908	0.000027762766	0.001425528778	-0.011170997456	0.000428916106	0.000099614135	0.002097435409	-0.007510625033	0.000364321444	0.000121697318	0.001807964282	-0.005789180351	0.000351690614	0.000100667775	0.001186310561	-0.005168578377	0.000324703814	0.000048948573	0.000335176216	-0.004192637236	0.000282495203	-0.000005928572	-0.000324791156	-0.003069434399	0.000183413113	-0.000044331036	-0.000483169276	-0.001483575556
5000.000000000000	9.997000422194	4.761622329686	-1.744294652789	0.008170316124	0.008027339323	0.499883660750	-0.681118874953	0.006833425345	0.002409920169	0.060223149224	-0.249481374078	0.002982563731	0.000120893662	-0.000253443494	-0.095258119016	0.001652601313	-0.000208667353	-0.003292542776	-0.040628900397	0.000896179034	-0.000082916433	-0.000495203808	-0.019656064743	0.000592277578	0.000024133809	0.001428723927	-0.011166966827	0.000437609402	0.000095749487	0.002091155764	-0.007513606394	0.000364790539	0.000117441828	0.001791449478	-0.005799682711	0.000344946235	0.000098823977	0.001184560893	-0.005169073353	0.000321309954	0.000049485299	0.000333643140	-0.004192904990	0.000283107408	-0.000005188720	-0.000325582041	-0.003069690270	0.000178348402	-0.000042217606	-0.000484045166	-0.001483698259
5000.000000000000	10.000735923170	4.759983217989	-1.743894668239	0.008135867961	0.008029405322	0.500138260107	-0.681181870501	0.006835740373	0.002424490816	0.060303883110	-0.249582531592	0.002984782466	0.000112330680	-0.000244839702	-0.095327397549	0.001635148314	-0.000187465035	-0.003296374526	-0.040664900286	0.000895995228	-0.000089626131	-0.000503779319	-0.019670006735	0.000593777054	0.000023504400	0.001421669027	-0.011178575997	0.000435235011	0.000095649259	0.002091810295	-0.007515619441	0.000358901642	0.000114688094	0.001785111939	-0.005776692605	0.000346566308	0.000103516349	0.001187653599	-0.005173331119	0.000320040384	0.000048438082	0.000336212365	-0.004195178366	0.000282950066	-0.000004220055	-0.000324281322	-0.003072450041	0.000183740910	-0.000041164272	-0.000483032951	-0.001485103962
5000.000000000000	9.998915756996	4.758683284669	-1.743616025166	0.008148998190	0.008031744799	0.500164516436	-0.681115915488	0.006838921855	0.002425239970	0.060328303849	-0.249541362383	0.002976984284	0.000123124668	-0.000232196487	-0.095318305537	0.001649127187	-0.000199142146	-0.003285212632	-0.040638698394	0.000893980786	-0.000082887298	-0.000500025468	-0.019658169335	0.000591863455	0.000033567698	0.001420903021	-0.011178826571	0.000433899907	0.000100183700	0.002092877001	-0.007514096933	0.000365337451	0.000121893933	0.001795877083	-0.005795865543	0.000354456737	0.000097113046	0.001188110682	-0.005171562528	0.000320591213	0.000051495242	0.000337321415	-0.004193828972	0.000282661643	-0.000005126349	-0.000323812029	-0.003071645720	0.000177756214	-0.000038457952	-0.000484278812	-0.001484933163
5000.000000000000	10.001988167930	4.757504804521	-1.743416217283	0.008141614408	0.008014474651	0.500379228808	-0.681202060769	0.006847026077	0.002425317938	0.060391063814	-0.249660253467	0.002993817261	0.000117805711	-0.000222884665	-0.095365613957	0.001639364861	-0.000205874538	-0.003300359066	-0.040681414024	0.000898697721	-0.000088382017	-0.000505607208	-0.019675580738	0.000593580283	0.000026604979	0.001418250858	-0.011179894542	0.000430679617	0.000097098573	0.002092057180	-0.007519992371	0.000369336645	0.000117262560	0.001806450957	-0.005794685479	0.000352085909	0.000099389311	0.001189706256	-0.005170604461	0.000322833076	0.000050753075	0.000337865331	-0.004193911034	0.000283107855	-0.000005567966	-0.000322392607	-0.003073381249	0.000184994564	-0.000044797463	-0.000484549496	-0.001485655093
5000.000000000000	10.000563179605	4.753524873156	-1.742907919633	0.008152045880	0.008021620822	0.500391050009	-0.681111055450	0.006832599279	0.002420604553	0.060412091935	-0.249626184480	0.002990253301	0.000116933687	-0.000223558619	-0.095357956545	0.001632457276	-0.000202134065	-0.003287922946	-0.040665081219	0.000891532833	-0.000085159419	-0.000502508858	-0.019669072750	0.000592469483	0.000032196932	0.001426130795	-0.011178762754	0.000429606324	0.000096273867	0.002095533161	-0.007518382898	0.000360375885	0.000113302930	0.001800744615	-0.005790344188	0.000358768451	0.000098503739	0.001188786579	-0.005170522549	0.000322696159	0.000049529005	0.000336367930	-0.004193666522	0.000282905033	-0.000003300865	-0.000322836566	-0.003074067058	0.000172651947	-0.000036049400	-0.000484188416	-0.001485475694
5000.000000000000	9.999573302751	4.757329954606	-1.742978854612	0.008150169928	0.008027417223	0.500434976120	-0.681073090717	0.006836447921	0.002430048266	0.060415532474	-0.249600502113	0.002994761033	0.000119942964	-0.000211636262	-0.095336534071	0.001656202574	-0.000189457416	-0.003277720358	-0.040658243903	0.000895465839	-0.000088852127	-0.000496930064	-0.019667604942	0.000592881304	0.000029438212	0.001428413701	-0.011175860540	0.000431901579	0.000091884945	0.002095702065	-0.007511049903	0.000362047656	0.000121043300	0.001807395350	-0.005775965933	0.000355755450	0.000100302030	0.001190964090	-0.005173236212	0.000321260934	0.000047630082	0.000337183231	-0.004193783700	0.000284025052	-0.000004462584	-0.000322055586	-0.003072474041	0.000185637630	-0.000041649934	-0.000484172586	-0.001485518379
5000.000000000000	10.002040428814	4.758260297924	-1.742758081637	0.008151024366	0.008020639304	0.500686086193	-0.681124350469	0.006838102036	0.002411656725	0.060506448552	-0.249685405088	0.002995587638	0.000123614948	-0.000180119561	-0.095392886433	0.001655038868	-0.000194666843	-0.003281635092	-0.040680360277	0.000900006914	-0.000086169782	-0.000496954318	-0.019681229785	0.000592344252	0.000030392643	0.001430779752	-0.011179750074	0.000434216357	0.000096480951	0.002096159720	-0.007515917070	0.000365234846	0.000113660944	0.001798754012	-0.005782168080	0.000350703392	0.000096576247	0.001192672332	-0.005169927219	0.000319674331	0.000050885244	0.000338827058	-0.004194601653	0.000282006076	-0.000004080226	-0.000319516946	-0.003074300374	0.000181113732	-0.000038923927	-0.000481933344	-0.001487470959
5000.000000000000	10.000615246786	4.752929934825	-1.742381660116	0.008154471059	0.008026333513	0.500645457111	-0.681084344143	0.006831102725	0.002422204707	0.060491377988	-0.249660029586	0.002993967770	0.000125989099	-0.000201789089	-0.095383310877	0.001635333796	-0.000205288301	-0.003288290940	-0.040676188849	0.000891166953	-0.000089536818	-0.000494036799	-0.019672480025	0.000591858786	0.000028489034	0.001428522721	-0.011183135005	0.000436348281	0.000097754043	0.002099549426	-0.007512628343	0.000364319650	0.000121631891	0.001802870781	-0.005799661162	0.000353848369	0.000101407205	0.001192498768	-0.005171424761	0.000319729918	0.000050093598	0.000339740328	-0.004193768243	0.000282252381	-0.000004321232	-0.000320892642	-0.003073129446	0.000186175492	-0.000035924233	-0.000483655705	-0.001485890566
5000.000000000000	9.999927040287	4.754234332596	-1.742131428323	0.008131641740	0.008033156392	0.500758536214	-0.681000570922	0.006827569360	0.002416596297	0.060551561204	-0.249656202703	0.002992610208	0.000124702199	-0.000184070385	-0.095378072698	0.001629795267	-0.000185409559	-0.003273347318	-0.040678547034	0.000892411242	-0.000091577984	-0.000486565626	-0.019671707092	0.000592754576	0.000030411738	0.001437624591	-0.011176692141	0.000437227005	0.000094019813	0.002103863825	-0.007507968720	0.000374118868	0.000123731693	0.001796472080	-0.005793708567	0.000352241588	0.000101273100	0.001194008772	-0.005170535430	0.000319827446	0.000049723633	0.000342566828	-0.004195697642	0.000282100575	-0.000002225352	-0.000320421302	-0.003073596708	0.000172599175	-0.000044362037	-0.000481603928	-0.001485666767
5000.000000000000	10.000240929582	4.761693196888	-1.742523412811	0.008136544851	0.008031991235	0.500792966925	-0.680987366120	0.006828218957	0.002408414007	0.060560360124	-0.249672985256	0.002997003174	0.000114102359	-0.000185443337	-0.095378699431	0.001637390216	-0.000191159427	-0.003274953937	-0.040670806802	0.000896414214	-0.000083277269	-0.000485163750	-0.019668688393	0.000589758417	0.000029549309	0.001434702692	-0.011184145917	0.000433127183	0.000103250572	0.002097460566	-0.007517351403	0.000356587074	0.000126942471	0.001802602640	-0.005788137737	0.000351821491	0.000100808444	0.001192467092	-0.005168900029	0.000322429792	0.000049333888	0.000340944152	-0.004192442042	0.000283217384	-0.000004101167	-0.000320716966	-0.003071903408	0.000178430510	-0.000037451503	-0.000482067580	-0.001485860673
5000.000000000000	9.997939206250	4.757643285269	-1.742067820609	0.008137355782	0.008033125156	0.500832446123	-0.680942810110	0.006843210476	0.002424845130	0.060582835058	-0.249654563414	0.003001475983	0.000121134648	-0.000180351118	-0.095357755233	0.001635511190	-0.000203847535	-0.003268909816	-0.040664332913	0.000898529933	-0.000088008329	-0.000485738778	-0.019667716406	0.000582013328	0.000029632916	0.001438675247	-0.011177381807	0.000436301878	0.000099267592	0.002106794210	-0.007508999156	0.000374597095	0.000127156041	0.001820103668	-0.005781623434	0.000347100974	0.000101917791	0.001194038121	-0.005163361748	0.000323973077	0.000048853645	0.000343305291	-0.004192435716	0.000283553457	-0.000005882423	-0.000318987143	-0.003072121113	0.000172103831	-0.000040849837	-0.000480950654	-0.001485760701
5000.000000000000	10.000169098684	4.756229407448	-1.741868640193	0.008149132514	0.008036566976	0.500994488809	-0.680975635060	0.006828123345	0.002421127896	0.060609880760	-0.249729031539	0.002994424172	0.000119565711	-0.000182545067	-0.095404699080	0.001633029113	-0.000188519518	-0.003270369247	-0.040677480507	0.000896429328	-0.000090015252	-0.000488133768	-0.019673002361	0.000594108083	0.000027574591	0.001437228379	-0.011182342997	0.000434821201	0.000097656332	0.002100089725	-0.007515454002	0.000360329532	0.000121661855	0.001791898225	-0.005784059015	0.000354706064	0.000089804548	0.001193238474	-0.005168765145	0.000323460414	0.000048214733	0.000341906022	-0.004193457181	0.000280592854	-0.000004168568	-0.000320072944	-0.003074843857	0.000178482982	-0.000039428025	-0.000482666065	-0.001485717255
5000.000000000000	9.999947910626	4.753035292896	-1.741387677617	0.008136921824	0.008030508247	0.501042943699	-0.680929853636	0.006844114104	0.002422141262	0.060644935910	-0.249709883290	0.003002709769	0.000110947112	-0.000147392518	-0.095396043105	0.001645749398	-0.000202882646	-0.003261334563	-0.040666677502	0.000897503844	-0.000090725061	-0.000480434461	-0.019670771991	0.000591839504	0.000027075612	0.001437293362	-0.011178445279	0.000437274293	0.000096566403	0.002101690649	-0.007508565325	0.000371272699	0.000125536150	0.001813146552	-0.005774085752	0.000350078474	0.000105369926	0.001192234693	-0.005169584800	0.000322963247	0.000050973060	0.000342006291	-0.004192027507	0.000282695268	-0.000004951829	-0.000318642577	-0.003073494173	0.000175273964	-0.000035361650	-0.000481861412	-0.001485926604
