5000.000000000000	14.997067457893	5.713096140557	-1.878732353856	0.006431242376	0.007261143750	0.719195152302	-0.814705247261	0.005830006788	0.003225616268	0.153114484266	-0.353174702334	0.003455409493	0.000870459831	0.024975262131	-0.179691440848	0.002468596540	-0.000099154982	-0.008891058523	-0.092921613561	0.001507456228	-0.000350768257	-0.012156743482	-0.048358349128	0.001006847404	-0.000357587652	-0.009462947306	-0.026852853676	0.000664965998	-0.000285888658	-0.006326865104	-0.015414972213	0.000436400958	-0.000202416566	-0.003613996145	-0.009354107176	0.000334562153	-0.000124015216	-0.001972079160	-0.007014979751	0.000271632267	-0.000060436227	-0.000887546840	-0.005436454322	0.000251640701	-0.000026918955	-0.000406245173	-0.004394114315	0.000189005405	-0.000019404159	-0.000266856282	-0.002647461464
5000.000000000000	14.998967607062	5.738412180598	-1.882958363948	0.006426365952	0.007265795821	0.718476700102	-0.816151222175	0.005858989122	0.003241283551	0.152485428164	-0.353182434944	0.003465430222	0.000863308843	0.024845290299	-0.179567770796	0.002458246566	-0.000127755868	-0.008920702957	-0.092923762705	0.001507626588	-0.000352068839	-0.012197341822	-0.048334385491	0.001015782073	-0.000357363824	-0.009481471794	-0.026840720335	0.000666032326	-0.000287262512	-0.006332463129	-0.015406192270	0.000432717823	-0.000199887839	-0.003612929161	-0.009354770080	0.000332845168	-0.000123798611	-0.001970275260	-0.007015976082	0.000274260176	-0.000060443309	-0.000884095662	-0.005441050257	0.000248097012	-0.000027572221	-0.000405867001	-0.004398724731	0.000180536212	-0.000017623191	-0.000267157491	-0.002651966253
5000.000000000000	14.998632651252	5.745163714703	-1.883977051031	0.006406056297	0.007264790375	0.717930626153	-0.816603022021	0.005847229814	0.003215443997	0.152100355669	-0.353116924763	0.003450883791	0.000864930705	0.024730641788	-0.179453488855	0.002443926957	-0.000067457046	-0.008940042734	-0.092873616715	0.001495556771	-0.000349171615	-0.012217153343	-0.048308076273	0.001012793678	-0.000354908815	-0.009484269416	-0.026821509585	0.000667736704	-0.000287253204	-0.006332491149	-0.015394727836	0.000434531181	-0.000200572917	-0.003613478803	-0.009346682706	0.000332391972	-0.000123088179	-0.001967068417	-0.007013284334	0.000272708245	-0.000062292255	-0.000882243403	-0.005439789302	0.000249298124	-0.000026030426	-0.000405518404	-0.004400085723	0.000188203498	-0.000021012097	-0.000266609347	-0.002652610884
5000.000000000000	14.991642565256	5.745152178898	-1.884324274744	0.006397919039	0.007256483677	0.717260920954	-0.816755923527	0.005853983736	0.003186166761	0.151694720725	-0.352989301816	0.003451318503	0.000860895569	0.024597254421	-0.179292264148	0.002495939293	-0.000133510622	-0.008976019300	-0.092769947131	0.001498939916	-0.000357509931	-0.012225265735	-0.048246523861	0.001006236764	-0.000358773923	-0.009492193931	-0.026786577998	0.000661606261	-0.000286940444	-0.006329381310	-0.015369639173	0.000432616055	-0.000200754819	-0.003611227712	-0.009332013445	0.000331396925	-0.000121981679	-0.001962528441	-0.007003030185	0.000270903831	-0.000060605878	-0.000879557784	-0.005436097786	0.000247761673	-0.000025731727	-0.000404855823	-0.004397336724	0.000186477612	-0.000023844375	-0.000267427568	-0.002652518381
5000.000000000000	14.997888316359	5.743839539093	-1.884422417151	0.006416316517	0.007256462071	0.717212853110	-0.817109752938	0.005839909234	0.003194888636	0.151603047869	-0.353007982973	0.003438814991	0.000861000185	0.024614809473	-0.179307698427	0.002432565533	-0.000111621908	-0.008949724766	-0.092811705067	0.001509098809	-0.000350893573	-0.012232057466	-0.048274372946	0.001006767848	-0.000355874916	-0.009500213975	-0.026801638696	0.000657979988	-0.000285565644	-0.006340302430	-0.015381639673	0.000430610956	-0.000203741250	-0.003616694394	-0.009336614544	0.000332552004	-0.000121605536	-0.001965445840	-0.007005762022	0.000272835927	-0.000060922253	-0.000882959890	-0.005436140581	0.000248815185	-0.000028345388	-0.000404030672	-0.004400163964	0.000191524524	-0.000017459396	-0.000268254784	-0.002652695161
5000.000000000000	14.996301789566	5.742784042037	-1.884762978719	0.006437559221	0.007251285903	0.716885590674	-0.817324367572	0.005832921332	0.003219038171	0.151366942807	-0.352971095170	0.003451434517	0.000855469325	0.024553181065	-0.179249039772	0.002451946695	-0.000101607410	-0.008978704707	-0.092773110625	0.001500113452	-0.000354886894	-0.012250084749	-0.048263749034	0.001007605236	-0.000351213653	-0.009510949673	-0.026787378281	0.000665400995	-0.000290298274	-0.006344600411	-0.015374521788	0.000431721599	-0.000202525887	-0.003621091529	-0.009330666776	0.000333551825	-0.000121150996	-0.001969289571	-0.007004627095	0.000271969678	-0.000062711807	-0.000887664927	-0.005430635885	0.000248364276	-0.000027581920	-0.000406351306	-0.004395992129	0.000184720540	-0.000015567146	-0.000269883220	-0.002651672824
5000.000000000000	14.998305157500	5.741467769052	-1.884705752127	0.006442742718	0.007243433955	0.716734870197	-0.817514812119	0.005835817013	0.003193149659	0.151252903813	-0.352926302678	0.003440311737	0.000860933289	0.024553808865	-0.179201019152	0.002461378012	-0.000103874915	-0.008958588964	-0.092777412625	0.001497550825	-0.000353387664	-0.012254389130	-0.048272479994	0.001004686523	-0.000356777687	-0.009510338165	-0.026790427273	0.000664125628	-0.000286447240	-0.006348078481	-0.015378907078	0.000433096420	-0.000200831384	-0.003624482744	-0.009329028375	0.000331456482	-0.000123170358	-0.001968818510	-0.007003162105	0.000271600973	-0.000060105505	-0.000887209299	-0.005432359330	0.000248773907	-0.000027079587	-0.000406291263	-0.004396273896	0.000183248369	-0.000016008486	-0.000269538855	-0.002650476371
5000.000000000000	14.998828516116	5.740123382361	-1.884802570419	0.006417923781	0.007259673892	0.716535201679	-0.817653614500	0.005834427148	0.003186164744	0.151118368086	-0.352892909369	0.003446311635	0.000851229369	0.024528301830	-0.179157456358	0.002467401816	-0.000102285768	-0.008965963264	-0.092768178089	0.001497421824	-0.000352913065	-0.012250706054	-0.048266127633	0.001006772061	-0.000360742306	-0.009520023772	-0.026793056625	0.000666642733	-0.000289491027	-0.006349381847	-0.015376274935	0.000431360504	-0.000200465553	-0.003626078398	-0.009325667071	0.000331803406	-0.000124984224	-0.001971056243	-0.007001328589	0.000273277482	-0.000063468974	-0.000886784880	-0.005430036687	0.000249673155	-0.000026967842	-0.000406954616	-0.004397753373	0.000189114852	-0.000020339465	-0.000270458828	-0.002650112843
5000.000000000000	14.998480218860	5.738706441471	-1.884895068350	0.006437415344	0.007235785942	0.716356315328	-0.817800987154	0.005839118056	0.003186395595	0.150975412879	-0.352859338083	0.003436151955	0.000856919398	0.024517627136	-0.179107144782	0.002469878652	-0.000091793926	-0.008988087685	-0.092740703624	0.001507771817	-0.000356322924	-0.012260528314	-0.048262265535	0.001008978694	-0.000360372015	-0.009519969794	-0.026784075191	0.000662368448	-0.000291533724	-0.006350666155	-0.015374551725	0.000431204917	-0.000201987908	-0.003629455858	-0.009325901124	0.000331744776	-0.000122963380	-0.001971925780	-0.007003881242	0.000271976228	-0.000060516885	-0.000890394137	-0.005430424655	0.000249027085	-0.000027725209	-0.000407573889	-0.004394767865	0.000187824428	-0.000022434112	-0.000271348830	-0.002649364570
5000.000000000000	14.997996556410	5.732321394584	-1.884370188550	0.006431427167	0.007245299076	0.716238510743	-0.817830866861	0.005837407258	0.003169732583	0.150933361072	-0.352798416597	0.003448263158	0.000856802514	0.024527584220	-0.179082038561	0.002464274745	-0.000106501203	-0.008948476895	-0.092743587625	0.001502471005	-0.000344760089	-0.012246176719	-0.048256162516	0.001006952181	-0.000359703646	-0.009511988734	-0.026786820403	0.000661409807	-0.000292737741	-0.006344745781	-0.015377745900	0.000429020977	-0.000203088691	-0.003626218868	-0.009325548384	0.000329938629	-0.000121534796	-0.001970752961	-0.007002299713	0.000272018424	-0.000060871288	-0.000886273888	-0.005429053264	0.000250154656	-0.000026938725	-0.000404433528	-0.004396886271	0.000189342773	-0.000023619921	-0.000270005816	-0.002651005368
5000.000000000000	14.996805697521	5.736624358225	-1.884938370536	0.006435616781	0.007250649350	0.716072732966	-0.817997560338	0.005837547459	0.003178870994	0.150787698091	-0.352774825055	0.003435282129	0.000853119782	0.024485726018	-0.179052903357	0.002470762413	-0.000108033599	-0.008972462467	-0.092710116586	0.001488784287	-0.000355806507	-0.012257321669	-0.048257129100	0.001010973145	-0.000355052841	-0.009516225101	-0.026781364517	0.000667279092	-0.000294626881	-0.006349752102	-0.015377172358	0.000430388601	-0.000204399508	-0.003631749724	-0.009321918257	0.000330616453	-0.000125150159	-0.001969911032	-0.007000702211	0.000270988355	-0.000063601162	-0.000889130209	-0.005428786120	0.000249767882	-0.000025322928	-0.000407597432	-0.004394157911	0.000186456685	-0.000016890257	-0.000272014277	-0.002650388012
5000.000000000000	14.997716179872	5.736327947563	-1.885008033630	0.006439763755	0.007244988113	0.716026108730	-0.818104897216	0.005840185119	0.003177145120	0.150764146822	-0.352743292570	0.003433500347	0.000841742995	0.024512867362	-0.179039137568	0.002461252167	-0.000104273883	-0.008913800527	-0.092697571752	0.001502369809	-0.000345960330	-0.012251835123	-0.048263172835	0.001008542219	-0.000356370396	-0.009513025888	-0.026784716698	0.000660587578	-0.000288431359	-0.006351654523	-0.015380287541	0.000430769006	-0.000200684950	-0.003632026635	-0.009320821985	0.000331534491	-0.000123413823	-0.001972990975	-0.006999572646	0.000271112896	-0.000061599274	-0.000889652991	-0.005429350780	0.000248446294	-0.000026556756	-0.000407379178	-0.004396020142	0.000190625487	-0.000018104112	-0.000270461027	-0.002649358741
5000.000000000000	14.998694353866	5.732472544048	-1.884897294731	0.006437181220	0.007249541865	0.715966042704	-0.818233526782	0.005835514428	0.003182617291	0.150687459472	-0.352736847855	0.003439571556	0.000844668291	0.024519963592	-0.179027313582	0.002478815642	-0.000112953778	-0.008959790450	-0.092665736370	0.001505487072	-0.000342740421	-0.012254579310	-0.048275489885	0.001013528827	-0.000356043093	-0.009514300954	-0.026789791497	0.000669553317	-0.000294023246	-0.006356997999	-0.015384777054	0.000433354000	-0.000202744163	-0.003638924339	-0.009321903381	0.000331525379	-0.000123435437	-0.001973336729	-0.007004532849	0.000271687786	-0.000061359293	-0.000893326017	-0.005427836557	0.000247991317	-0.000027380355	-0.000408018813	-0.004396885461	0.000186961587	-0.000014976587	-0.000272192316	-0.002649235418
5000.000000000000	14.999426358703	5.734310422840	-1.884986604214	0.006438672289	0.007245352960	0.715911088472	-0.818295160853	0.005838456623	0.003180752010	0.150644519420	-0.352692633218	0.003445182423	0.000865382221	0.024570521573	-0.179020905143	0.002467953327	-0.000103085812	-0.008973423675	-0.092649400544	0.001496314746	-0.000334198657	-0.012249364696	-0.048286478647	0.001007966598	-0.000352422722	-0.009517801892	-0.026790355247	0.000660928330	-0.000290708781	-0.006352068036	-0.015388652240	0.000433632809	-0.000203429201	-0.003636873166	-0.009324058046	0.000330654004	-0.000122501599	-0.001975328187	-0.007003015579	0.000272177650	-0.000061140077	-0.000892298257	-0.005426400604	0.000249581825	-0.000026110574	-0.000405974154	-0.004395042832	0.000180911512	-0.000018425652	-0.000271629497	-0.002649542192
5000.000000000000	14.998637451256	5.734984235915	-1.885010773290	0.006442260833	0.007247836045	0.715868251876	-0.818365580449	0.005836844994	0.003165489758	0.150606100836	-0.352644817945	0.003431821159	0.000847456836	0.024565706333	-0.178988965690	0.002475018402	-0.000069660241	-0.008976691840	-0.092684864953	0.001499058719	-0.000358974631	-0.012236053272	-0.048278918705	0.001003921538	-0.000353699473	-0.009512092702	-0.026787461162	0.000662662955	-0.000289034111	-0.006350261854	-0.015392378978	0.000430548518	-0.000202629073	-0.003636558147	-0.009324215080	0.000333296378	-0.000121551562	-0.001971597140	-0.007002016063	0.000270142513	-0.000061759291	-0.000891518352	-0.005424687464	0.000248384962	-0.000027644725	-0.000405769652	-0.004397311269	0.000181127720	-0.000023677467	-0.000271074802	-0.002648513172
5000.000000000000	14.999414051400	5.738344806265	-1.885248849501	0.006441986770	0.007248734273	0.715811779105	-0.818428901479	0.005842422034	0.003169211582	0.150564556232	-0.352623674691	0.003432964979	0.000859839624	0.024575058163	-0.178967127657	0.002475156744	-0.000095931916	-0.008932363505	-0.092688057003	0.001488260339	-0.000356280742	-0.012235389562	-0.048279343009	0.001006106704	-0.000351799643	-0.009512985417	-0.026794555255	0.000662666434	-0.000289708507	-0.006352162050	-0.015391839096	0.000430910731	-0.000199942651	-0.003638185572	-0.009325548779	0.000333946931	-0.000122189870	-0.001974866510	-0.007001126073	0.000272913556	-0.000062683992	-0.000892627579	-0.005424638683	0.000249184174	-0.000027254630	-0.000405739400	-0.004395089943	0.000180364764	-0.000019785565	-0.000271612734	-0.002648870485
5000.000000000000	14.997575291201	5.739005998223	-1.885265867449	0.006434425913	0.007256915674	0.715748289589	-0.818465142101	0.005832149563	0.003166202267	0.150569325940	-0.352592348809	0.003429920221	0.000865004705	0.024600785974	-0.178931141360	0.002475735758	-0.000090276766	-0.008913539506	-0.092673313643	0.001493752135	-0.000343730202	-0.012232748868	-0.048275468792	0.001007629760	-0.000363078843	-0.009503815360	-0.026803076562	0.000662402399	-0.000281938842	-0.006350282938	-0.015393585144	0.000430619543	-0.000203433123	-0.003635215140	-0.009326735451	0.000333071285	-0.000123814685	-0.001974702900	-0.007002707208	0.000270311287	-0.000062895046	-0.000890608033	-0.005427261804	0.000248814928	-0.000027683540	-0.000407015119	-0.004394435240	0.000182300222	-0.000017541861	-0.000269532174	-0.002648767169
5000.000000000000	14.998083225919	5.737506502869	-1.885193805140	0.006448604958	0.007235609817	0.715720070648	-0.818550127580	0.005852311446	0.003157855801	0.150543057489	-0.352584025292	0.003427315663	0.000863535467	0.024621766496	-0.178917698867	0.002453909480	-0.000080513181	-0.008917303137	-0.092691699210	0.001507213401	-0.000350375149	-0.012218835461	-0.048276113311	0.001008316226	-0.000358433532	-0.009498684466	-0.026814772814	0.000665700120	-0.000293412126	-0.006354203663	-0.015396411266	0.000430439932	-0.000201494863	-0.003638542739	-0.009327775897	0.000329082921	-0.000124269576	-0.001976402020	-0.007000344089	0.000270507336	-0.000062751620	-0.000891422899	-0.005426892287	0.000250647111	-0.000028057936	-0.000407760412	-0.004392807873	0.000187473936	-0.000023713938	-0.000268841690	-0.002648469390
5000.000000000000	14.999225527167	5.737623040374	-1.885016736211	0.006444606585	0.007238069048	0.715828592801	-0.818580403407	0.005849206600	0.003168278850	0.150599205944	-0.352556240251	0.003430923000	0.000848443202	0.024669034078	-0.178918770912	0.002472350560	-0.000089610882	-0.008880548847	-0.092729324448	0.001494929972	-0.000342410042	-0.012205369315	-0.048297969169	0.001003509047	-0.000353506916	-0.009491204611	-0.026823518044	0.000665104550	-0.000291305443	-0.006348546228	-0.015402201033	0.000432585351	-0.000202434654	-0.003635041752	-0.009332558781	0.000331353153	-0.000122710988	-0.001973771233	-0.007003607879	0.000271347508	-0.000061588423	-0.000890236586	-0.005429130745	0.000248502867	-0.000028119457	-0.000405148814	-0.004393542627	0.000187187247	-0.000016122876	-0.000267410641	-0.002647351552
5000.000000000000	15.000883333548	5.736934056397	-1.884954826417	0.006431177430	0.007229195202	0.715780585203	-0.818668787531	0.005834006122	0.003144518864	0.150562196372	-0.352554986496	0.003438973894	0.000850385797	0.024677967216	-0.178902802094	0.002467886986	-0.000082939993	-0.008878482928	-0.092724993039	0.001491832440	-0.000337631746	-0.012207818307	-0.048303435557	0.001010579999	-0.000353032568	-0.009491494761	-0.026824818492	0.000657144561	-0.000285089296	-0.006352293448	-0.015407103215	0.000429770645	-0.000204267936	-0.003639993289	-0.009334040387	0.000331331889	-0.000120680518	-0.001977935193	-0.007002160319	0.000272469199	-0.000062834461	-0.000891097512	-0.005426558184	0.000249372922	-0.000025958033	-0.000407587362	-0.004394374839	0.000182802220	-0.000025006596	-0.000268293824	-0.002648440139
5000.000000000000	15.000000969836	5.735395333582	-1.884701039010	0.006444111019	0.007243041499	0.715728917647	-0.818656555278	0.005844210283	0.003156697614	0.150510583564	-0.352509777848	0.003430467599	0.000862750544	0.024683572755	-0.178854830576	0.002484047390	-0.000092653895	-0.008877126639	-0.092716201031	0.001508757075	-0.000348216900	-0.012197180093	-0.048287059968	0.001008918271	-0.000356332555	-0.009484661630	-0.026825314482	0.000658877018	-0.000288626144	-0.006347700590	-0.015405819661	0.000432244759	-0.000203313153	-0.003638983067	-0.009335578528	0.000332239267	-0.000121014354	-0.001976340760	-0.007001070833	0.000269108758	-0.000064782441	-0.000890684436	-0.005425939725	0.000248507469	-0.000027676458	-0.000407587739	-0.004392801468	0.000187907282	-0.000025576417	-0.000267122884	-0.002647435182
5000.000000000000	14.998557753872	5.735495968648	-1.884598611839	0.006453283889	0.007250505302	0.715671670317	-0.818647366795	0.005826278637	0.003161324919	0.150492718472	-0.352463466548	0.003428541674	0.000855579251	0.024687818352	-0.178819807458	0.002481733799	-0.000092661815	-0.008870687877	-0.092706651236	0.001503618308	-0.000365119853	-0.012179331336	-0.048279629168	0.001005822234	-0.000358368212	-0.009482909330	-0.026824472994	0.000666789533	-0.000287605274	-0.006343344339	-0.015407059137	0.000433127842	-0.000205609380	-0.003634483067	-0.009336155306	0.000332309184	-0.000120664280	-0.001976243248	-0.007003204155	0.000271599528	-0.000060219246	-0.000890900821	-0.005424905304	0.000248264358	-0.000028263380	-0.000404070042	-0.004393080693	0.000192251441	-0.000019866633	-0.000267179637	-0.002648434630
5000.000000000000	14.999406650177	5.735473980947	-1.884397646926	0.006438658498	0.007245653303	0.715729172298	-0.818661502133	0.005846245430	0.003145913610	0.150527799814	-0.352430829972	0.003416628177	0.000862295721	0.024739714566	-0.178820165842	0.002458964339	-0.000074469937	-0.008842643170	-0.092724093015	0.001531584536	-0.000349079821	-0.012168798205	-0.048298187444	0.001010766985	-0.000354922660	-0.009472728642	-0.026835531423	0.000663690724	-0.000293960123	-0.006338031361	-0.015412637349	0.000432761113	-0.000204464311	-0.003634190189	-0.009340166656	0.000331175280	-0.000123046727	-0.001974720111	-0.007005377913	0.000272947790	-0.000061519255	-0.000886341294	-0.005424563047	0.000248607275	-0.000026207608	-0.000404453690	-0.004393001540	0.000190361985	-0.000018346812	-0.000266012963	-0.002646637813
5000.000000000000	14.998498283089	5.735028481582	-1.884142445653	0.006431304516	0.007247892167	0.715768243308	-0.818649211054	0.005837369619	0.003153515911	0.150545375067	-0.352383860520	0.003427451076	0.000866569044	0.024772465415	-0.178803289998	0.002468684230	-0.000070446866	-0.008810795962	-0.092733962295	0.001526218287	-0.000352311774	-0.012142650636	-0.048301094970	0.001007490952	-0.000356042755	-0.009460830593	-0.026832987385	0.000663517887	-0.000283890254	-0.006337576810	-0.015417358681	0.000433609554	-0.000203392382	-0.003634589926	-0.009341348016	0.000332765054	-0.000122010144	-0.001973328559	-0.007007750485	0.000272003920	-0.000060487354	-0.000887352091	-0.005429041579	0.000248192801	-0.000026428191	-0.000402755890	-0.004394647134	0.000180904489	-0.000019923009	-0.000266098516	-0.002646047119
5000.000000000000	14.999676649764	5.733483861102	-1.883922456045	0.006451366859	0.007252855577	0.715822062239	-0.818715324697	0.005848805573	0.003149673494	0.150565029419	-0.352382456032	0.003418735552	0.000859680429	0.024814140465	-0.178803397518	0.002457851212	-0.000091503448	-0.008785084763	-0.092744457857	0.001504814602	-0.000357667323	-0.012140414133	-0.048317227944	0.001009124815	-0.000359953628	-0.009457915288	-0.026844010447	0.000671587604	-0.000289615543	-0.006333550676	-0.015422753959	0.000433066447	-0.000203027222	-0.003633260199	-0.009343794777	0.000328013643	-0.000123699712	-0.001976390635	-0.007007363886	0.000273206138	-0.000063407384	-0.000887371033	-0.005428146523	0.000246721209	-0.000027487608	-0.000402670032	-0.004390701085	0.000181247483	-0.000018695814	-0.000263897000	-0.002647325980
5000.000000000000	14.998407930555	5.731432880573	-1.883725354411	0.006457116898	0.007234127747	0.715835067343	-0.818716974740	0.005834328450	0.003142998144	0.150571259472	-0.352358059225	0.003427616141	0.000858149951	0.024844718221	-0.178791773946	0.002464739371	-0.000071244424	-0.008778511884	-0.092755496656	0.001490585911	-0.000347954547	-0.012126961286	-0.048299159487	0.001009221734	-0.000354295816	-0.009455591237	-0.026842152198	0.000663624498	-0.000288957010	-0.006332905407	-0.015427126724	0.000433250955	-0.000202994449	-0.003633801927	-0.009345957750	0.000331798005	-0.000121782236	-0.001973461591	-0.007008412770	0.000270576857	-0.000062982908	-0.000886931077	-0.005426516976	0.000248023181	-0.000027400482	-0.000402423486	-0.004392081596	0.000183544978	-0.000013984384	-0.000263685118	-0.002646874023
5000.000000000000	14.998015325751	5.729683550376	-1.883461099784	0.006450854758	0.007236096272	0.715874572323	-0.818741748813	0.005840399823	0.003152867875	0.150586947203	-0.352348893193	0.003423590235	0.000865139985	0.024872992040	-0.178801390241	0.002464575437	-0.000060673602	-0.008758571890	-0.092770338306	0.001528917651	-0.000347789652	-0.012110408700	-0.048330204163	0.001009873686	-0.000357872577	-0.009448762102	-0.026858666287	0.000666947621	-0.000288540354	-0.006331091042	-0.015433286891	0.000432886933	-0.000201894592	-0.003635468240	-0.009348112224	0.000333500253	-0.000124067827	-0.001979110528	-0.007008917958	0.000269940459	-0.000063362968	-0.000887477644	-0.005426503821	0.000245039381	-0.000024948995	-0.000400487224	-0.004391738116	0.000185422456	-0.000025983987	-0.000262314528	-0.002646566435
5000.000000000000	14.999339294911	5.730177199845	-1.883475272683	0.006441154637	0.007258988179	0.715960690704	-0.818819548407	0.005838894787	0.003142326432	0.150606425470	-0.352345851885	0.003420958216	0.000857694015	0.024907056293	-0.178811615358	0.002461766052	-0.000086996303	-0.008727783550	-0.092776636256	0.001507976508	-0.000350020966	-0.012130515422	-0.048328840613	0.001011917434	-0.000352429707	-0.009448711639	-0.026868915817	0.000671342156	-0.000285940048	-0.006335551590	-0.015437633243	0.000435744223	-0.000201680253	-0.003638649652	-0.009352909251	0.000332117210	-0.000124532756	-0.001980221098	-0.007008910707	0.000270695754	-0.000063355262	-0.000891112407	-0.005428584829	0.000249421622	-0.000027916951	-0.000403377032	-0.004392122201	0.000189536277	-0.000019023344	-0.000264956243	-0.002646344595
5000.000000000000	14.999410157778	5.730130419099	-1.883130677565	0.006446697651	0.007245526815	0.716067951106	-0.818801947056	0.005850960159	0.003154427904	0.150659819332	-0.352310135748	0.003406743130	0.000868343946	0.024983293458	-0.178805289356	0.002466684719	-0.000083474113	-0.008701346089	-0.092795263450	0.001502709666	-0.000352333418	-0.012087218390	-0.048341465992	0.001012932088	-0.000357098145	-0.009438868012	-0.026876179573	0.000663048620	-0.000284942572	-0.006329164725	-0.015445825011	0.000432068772	-0.000205189047	-0.003634928417	-0.009351418100	0.000329346456	-0.000123409941	-0.001977432114	-0.007010482597	0.000271553056	-0.000063004956	-0.000888352320	-0.005426908999	0.000249357826	-0.000024894301	-0.000399214218	-0.004391647701	0.000188082994	-0.000021921038	-0.000263038233	-0.002647078746
5000.000000000000	14.999167234085	5.730522609385	-1.883036615729	0.006448707984	0.007245902983	0.716085655460	-0.818823850684	0.005839607460	0.003143397788	0.150660213219	-0.352288901636	0.003414818376	0.000863261022	0.025003446632	-0.178796311780	0.002491027865	-0.000080962626	-0.008679004081	-0.092802457854	0.001500262971	-0.000354274548	-0.012096182115	-0.048356197509	0.001015918468	-0.000353205509	-0.009434999463	-0.026880025455	0.000665275418	-0.000288653583	-0.006330559788	-0.015454060286	0.000433247435	-0.000204273493	-0.003640330803	-0.009356026672	0.000330342146	-0.000123609007	-0.001977485481	-0.007011434971	0.000271732783	-0.000063701523	-0.000889235989	-0.005425194708	0.000248627916	-0.000026677219	-0.000402322404	-0.004392953467	0.000179752444	-0.000021715171	-0.000263043345	-0.002645190562
5000.000000000000	15.000169761124	5.727455846005	-1.882499287324	0.006434903928	0.007259037437	0.716172017069	-0.818801699018	0.005837627565	0.003142886327	0.150712777078	-0.352275076918	0.003410065408	0.000864679676	0.025059304969	-0.178793054661	0.002467882982	-0.000061485972	-0.008646566443	-0.092824572891	0.001509125564	-0.000347336611	-0.012074351486	-0.048370212278	0.001011223151	-0.000358814062	-0.009423345261	-0.026891412863	0.000666817640	-0.000280886486	-0.006329022861	-0.015458756233	0.000432690388	-0.000204128164	-0.003638120805	-0.009359341429	0.000332774936	-0.000122334920	-0.001978587474	-0.007014027619	0.000271529811	-0.000061719004	-0.000888704390	-0.005425617499	0.000249821518	-0.000025718292	-0.000399513724	-0.004392187295	0.000190532251	-0.000022987078	-0.000261009299	-0.002645250278
5000.000000000000	14.999371498706	5.725018490020	-1.882217252334	0.006455158820	0.007232559026	0.716213215190	-0.818810397470	0.005842967940	0.003158495342	0.150746883148	-0.352251518289	0.003415370815	0.000869647002	0.025069886649	-0.178785845367	0.002458016670	-0.000060622161	-0.008636571718	-0.092818692715	0.001513166635	-0.000345746743	-0.012055049447	-0.048364118181	0.001015974470	-0.000356255363	-0.009414466678	-0.026891503897	0.000669933274	-0.000282713315	-0.006323684874	-0.015463013010	0.000435459861	-0.000202853949	-0.003638252359	-0.009360563658	0.000331463370	-0.000124951628	-0.001976689740	-0.007013759894	0.000272428875	-0.000064236321	-0.000887128077	-0.005424785423	0.000246894728	-0.000026822154	-0.000400166639	-0.004392264381	0.000179637828	-0.000021459620	-0.000261173476	-0.002645329394
5000.000000000000	14.999826601605	5.725438890810	-1.881926516437	0.006463742553	0.007250957193	0.716326288416	-0.818774863472	0.005841927044	0.003151756807	0.150795442158	-0.352214954320	0.003410765722	0.000880958539	0.025127940874	-0.178777199907	0.002455551176	-0.000047031442	-0.008603351319	-0.092833837012	0.001512846128	-0.000353569633	-0.012032211721	-0.048389280057	0.001001163191	-0.000363712615	-0.009411590929	-0.026905096626	0.000665605579	-0.000284471746	-0.006317828000	-0.015467515281	0.000431968230	-0.000205065283	-0.003635664836	-0.009363289773	0.000332132089	-0.000124351806	-0.001975584261	-0.007016901284	0.000270945130	-0.000062864550	-0.000887020701	-0.005426504421	0.000248921884	-0.000026019913	-0.000395758820	-0.004390690155	0.000189861157	-0.000019560682	-0.000259330187	-0.002645134575
5000.000000000000	14.997806910391	5.726004282380	-1.881674150084	0.006447573055	0.007252954925	0.716396237000	-0.818720852011	0.005841992552	0.003159805972	0.150834688368	-0.352161298026	0.003410662127	0.000869769232	0.025185405828	-0.178761871966	0.002470640757	-0.000067356530	-0.008564980849	-0.092836515546	0.001506429332	-0.000337984910	-0.012011654573	-0.048385595543	0.001011304092	-0.000358891136	-0.009394187900	-0.026903514604	0.000667526593	-0.000287557665	-0.006313774812	-0.015473857212	0.000438240268	-0.000201482676	-0.003631729943	-0.009367144827	0.000332633844	-0.000124772260	-0.001973371629	-0.007015280182	0.000270381215	-0.000061460670	-0.000884225305	-0.005427731778	0.000249285918	-0.000027090457	-0.000391867673	-0.004389244852	0.000186861556	-0.000024226901	-0.000259137690	-0.002645008759
5000.000000000000	14.999809936337	5.723589224147	-1.881366066547	0.006466466057	0.007247725274	0.716501514562	-0.818761234476	0.005840741674	0.003152537634	0.150890956000	-0.352186417181	0.003406257264	0.000877359627	0.025231397009	-0.178782417389	0.002472871712	-0.000055778141	-0.008543456125	-0.092859951338	0.001502427444	-0.000338586234	-0.012017663663	-0.048407579023	0.001015122698	-0.000344121151	-0.009388644370	-0.026923295472	0.000664470305	-0.000288305043	-0.006316319710	-0.015479996619	0.000432711788	-0.000202717584	-0.003635535875	-0.009369121420	0.000333989842	-0.000124547340	-0.001976978064	-0.007018037725	0.000271506799	-0.000061740152	-0.000886157255	-0.005427196825	0.000248128369	-0.000026194727	-0.000394209328	-0.004390604962	0.000179196942	-0.000019789728	-0.000256932954	-0.002644450603
5000.000000000000	14.999085437233	5.722548667659	-1.881017674643	0.006451559665	0.007245522253	0.716546479029	-0.818724435511	0.005844760539	0.003154188852	0.150914027689	-0.352131747164	0.003404049579	0.000865900614	0.025274982483	-0.178759036680	0.002480264168	-0.000081964818	-0.008515589587	-0.092875322569	0.001512824805	-0.000345185990	-0.012010503305	-0.048397169109	0.001012036993	-0.000356974084	-0.009386322392	-0.026923666730	0.000671336313	-0.000285137770	-0.006310529587	-0.015484617778	0.000437172629	-0.000202739956	-0.003634015112	-0.009374022594	0.000332929860	-0.000122677233	-0.001977711803	-0.007017914384	0.000270853789	-0.000063977199	-0.000884459549	-0.005426514389	0.000248383258	-0.000026553180	-0.000393109322	-0.004389618206	0.000190092045	-0.000025325806	-0.000255851746	-0.002644312945
5000.000000000000	14.999469529659	5.723652449584	-1.880875552790	0.006459479107	0.007260574517	0.716656065097	-0.818731621502	0.005842381822	0.003144132343	0.150958880084	-0.352120793560	0.003400618375	0.000862918545	0.025319664946	-0.178755744526	0.002466799454	-0.000071340157	-0.008476310614	-0.092884375656	0.001509699843	-0.000350273318	-0.012006001690	-0.048410375762	0.001018988760	-0.000356378970	-0.009378525309	-0.026935482066	0.000672056697	-0.000292498307	-0.006312563180	-0.015490493318	0.000434749701	-0.000203126642	-0.003632833859	-0.009376399395	0.000332050828	-0.000122704052	-0.001974980656	-0.007020199611	0.000271753718	-0.000061598807	-0.000883337492	-0.005424976857	0.000247974759	-0.000026811416	-0.000391216220	-0.004387700416	0.000185379434	-0.000022856607	-0.000255631888	-0.002643130898
5000.000000000000	15.000176234556	5.722363495251	-1.880503622134	0.006448177936	0.007270730775	0.716759788759	-0.818708644599	0.005832144389	0.003134685873	0.151023976419	-0.352081585840	0.003397976116	0.000869513656	0.025379648755	-0.178760934745	0.002448664753	-0.000069039611	-0.008449363879	-0.092893406078	0.001513083556	-0.000342245613	-0.011990711366	-0.048430464589	0.001013303411	-0.000343766792	-0.009366666690	-0.026944331430	0.000666951239	-0.000287638780	-0.006305024793	-0.015497729191	0.000436277025	-0.000204193281	-0.003632775187	-0.009380438613	0.000332644015	-0.000123543865	-0.001974972911	-0.007021248166	0.000271627626	-0.000061993242	-0.000882504763	-0.005427325202	0.000248820150	-0.000027506339	-0.000389284811	-0.004387857893	0.000183198723	-0.000022106402	-0.000255556927	-0.002643154393
5000.000000000000	14.999359954648	5.717632541035	-1.879823433474	0.006453752794	0.007268410074	0.716823188139	-0.818647653367	0.005841576804	0.003139262176	0.151062976784	-0.352064680575	0.003415091129	0.000864759756	0.025424876622	-0.178740942928	0.002476731263	-0.000053111410	-0.008428326109	-0.092900943178	0.001514444542	-0.000334913156	-0.011971376950	-0.048429492546	0.001015218408	-0.000363316030	-0.009360292658	-0.026949152989	0.000670909378	-0.000281635269	-0.006298800212	-0.015503556132	0.000434931666	-0.000202129958	-0.003630454540	-0.009381589056	0.000333882281	-0.000123696615	-0.001974266852	-0.007022736720	0.000270937277	-0.000059600433	-0.000880958039	-0.005427986838	0.000251158398	-0.000024220022	-0.000389451649	-0.004390240674	0.000191056332	-0.000022492911	-0.000253282866	-0.002642613756
5000.000000000000	14.999386649219	5.716091939160	-1.879585184759	0.006456145487	0.007247176200	0.716916178527	-0.818678836106	0.005846243338	0.003158795504	0.151102405639	-0.352046308122	0.003396951974	0.000859500415	0.025466812363	-0.178739349471	0.002474831537	-0.000049465095	-0.008404824320	-0.092919813116	0.001509228799	-0.000338126054	-0.011973106985	-0.048440896476	0.001003816049	-0.000355227092	-0.009353680539	-0.026958939741	0.000667256186	-0.000285199256	-0.006302149556	-0.015509441447	0.000436685568	-0.000204088612	-0.003628964991	-0.009384818569	0.000334015501	-0.000121374156	-0.001973052662	-0.007022715063	0.000271578857	-0.000061875570	-0.000883685480	-0.005427810165	0.000247924699	-0.000024069870	-0.000391197677	-0.004389203639	0.000179486222	-0.000014191759	-0.000251764978	-0.002643778286
5000.000000000000	14.999042758348	5.712431293085	-1.879129935176	0.006443643745	0.007272311351	0.717006403667	-0.818661256211	0.005830224209	0.003146501812	0.151139960708	-0.352022530278	0.003396330834	0.000874760987	0.025510538489	-0.178734625651	0.002466685866	-0.000069498864	-0.008382709777	-0.092927314777	0.001515416787	-0.000335919323	-0.011953971949	-0.048440796019	0.001032210151	-0.000355467846	-0.009345586083	-0.026966897780	0.000664879121	-0.000285180332	-0.006297453787	-0.015512193810	0.000437422307	-0.000201689957	-0.003630678216	-0.009389763500	0.000334731927	-0.000122955192	-0.001975038753	-0.007025251775	0.000273202404	-0.000061548398	-0.000882308738	-0.005426134829	0.000249638404	-0.000028210524	-0.000389248400	-0.004388372791	0.000189685775	-0.000018085674	-0.000250721523	-0.002641546737
5000.000000000000	15.000246719897	5.710986624705	-1.878879113930	0.006446988332	0.007268474905	0.717055726159	-0.818690825249	0.005827517903	0.003132415682	0.151159673064	-0.352026335334	0.003399413685	0.000873604183	0.025540956889	-0.178752983975	0.002480177085	-0.000076571041	-0.008365974806	-0.092944900127	0.001519391232	-0.000339684062	-0.011945881049	-0.048473594560	0.001014759873	-0.000366256869	-0.009349959659	-0.026982777520	0.000667871438	-0.000284321722	-0.006301659207	-0.015520257969	0.000436089575	-0.000200505399	-0.003633105555	-0.009391138294	0.000332507270	-0.000124277811	-0.001977623883	-0.007026599432	0.000272969982	-0.000061297250	-0.000885608278	-0.005427286882	0.000249511501	-0.000024350058	-0.000391366072	-0.004389741357	0.000182197621	-0.000019582670	-0.000253796433	-0.002642130029
5000.000000000000	14.999803071188	5.710578765984	-1.878459067741	0.006452065978	0.007249624029	0.717149482540	-0.818628670512	0.005833413321	0.003154019135	0.151234082061	-0.351985761352	0.003401844831	0.000877812684	0.025592809543	-0.178728415339	0.002460578423	-0.000064191641	-0.008331901614	-0.092949651248	0.001506805210	-0.000338897743	-0.011925474611	-0.048469829846	0.001014888947	-0.000352299534	-0.009334382191	-0.026981115306	0.000672047652	-0.000281849138	-0.006292255895	-0.015525921749	0.000436208502	-0.000201129059	-0.003629896413	-0.009394825810	0.000333460064	-0.000124919518	-0.001975448848	-0.007026180392	0.000271947055	-0.000061645210	-0.000881534117	-0.005427522028	0.000247788311	-0.000025470897	-0.000391627815	-0.004388328082	0.000186210060	-0.000011243614	-0.000249301207	-0.002640367006
5000.000000000000	14.998229160183	5.710583185529	-1.878298508878	0.006446640318	0.007257786741	0.717256396842	-0.818613580481	0.005839276509	0.003135479316	0.151282462937	-0.351971054428	0.003412860154	0.000874388917	0.025639930742	-0.178733249298	0.002457698129	-0.000052514733	-0.008296143508	-0.092961489954	0.001512055681	-0.000333442660	-0.011898239728	-0.048480544621	0.001008193263	-0.000353644560	-0.009322945853	-0.026988582844	0.000669093683	-0.000281728002	-0.006286259422	-0.015534307726	0.000438637406	-0.000205419486	-0.003628604275	-0.009396326173	0.000335434089	-0.000122121689	-0.001975668711	-0.007029071290	0.000271348512	-0.000062339758	-0.000881150544	-0.005427287477	0.000248312192	-0.000027765787	-0.000388525383	-0.004387187269	0.000186098684	-0.000011142993	-0.000251250482	-0.002640816649
5000.000000000000	15.000862533979	5.709617414029	-1.877834982231	0.006450585448	0.007247067104	0.717427159962	-0.818582429340	0.005847340628	0.003173662170	0.151362959766	-0.351951025075	0.003406351583	0.000874604263	0.025723674690	-0.178753886805	0.002468777939	-0.000046083234	-0.008271768630	-0.092976749208	0.001509424378	-0.000342056639	-0.011892736079	-0.048499687364	0.001022937232	-0.000362953675	-0.009306918949	-0.026992658441	0.000669270882	-0.000283724985	-0.006286677116	-0.015547996330	0.000437555576	-0.000200318952	-0.003628892934	-0.009403605642	0.000333260143	-0.000123048835	-0.001974162114	-0.007032367847	0.000273586543	-0.000062400489	-0.000880619777	-0.005426657966	0.000248713986	-0.000027080824	-0.000387277754	-0.004387073593	0.000187897320	-0.000025380467	-0.000251299118	-0.002643268887
5000.000000000000	14.999615691767	5.706826923682	-1.877437137933	0.006447123222	0.007257573289	0.717455779541	-0.818582918806	0.005860445961	0.003152675889	0.151365223512	-0.351915850959	0.003402816960	0.000881564334	0.025739585445	-0.178740211415	0.002483200878	-0.000064446050	-0.008244237262	-0.092983853303	0.001518174710	-0.000344215886	-0.011891863495	-0.048492738089	0.001016229342	-0.000371129062	-0.009306456505	-0.027000205662	0.000670049878	-0.000289318276	-0.006283916076	-0.015546280007	0.000437563269	-0.000203723919	-0.003630359523	-0.009402795594	0.000335053526	-0.000121828567	-0.001974208434	-0.007030680030	0.000271199443	-0.000061765147	-0.000881569628	-0.005429098517	0.000249345457	-0.000026038074	-0.000386260438	-0.004388020635	0.000181295946	-0.000020252717	-0.000251421732	-0.002639977941
5000.000000000000	15.000335361301	5.705923668132	-1.877083907353	0.006450574324	0.007266451110	0.717564457550	-0.818550016867	0.005843818836	0.003159166101	0.151426201850	-0.351889479404	0.003393746584	0.000866749514	0.025796467925	-0.178729447897	0.002480900427	-0.000071890259	-0.008215931628	-0.092984991799	0.001514349163	-0.000341392767	-0.011875570126	-0.048516682273	0.001005855987	-0.000363897618	-0.009290312115	-0.027021162290	0.000671189281	-0.000289325048	-0.006279511812	-0.015551151045	0.000435787676	-0.000204962541	-0.003627404099	-0.009407961893	0.000332045179	-0.000123310511	-0.001972191513	-0.007033160641	0.000270811466	-0.000061650974	-0.000880200926	-0.005427205880	0.000248266043	-0.000025054589	-0.000383019216	-0.004387373293	0.000187507716	-0.000022146549	-0.000250047504	-0.002641633622
5000.000000000000	14.998714222336	5.707052918805	-1.876847330579	0.006453437882	0.007249498027	0.717633249000	-0.818473876647	0.005830216114	0.003150685555	0.151471899038	-0.351861817052	0.003397133375	0.000881447813	0.025842073537	-0.178722993840	0.002466796816	-0.000046201800	-0.008197589915	-0.092996440520	0.001508652130	-0.000339725800	-0.011854530070	-0.048513065137	0.001028295627	-0.000355860558	-0.009281897750	-0.027020879576	0.000669532822	-0.000288617601	-0.006272670647	-0.015559010768	0.000439964676	-0.000201944111	-0.003625990022	-0.009410359005	0.000335696617	-0.000122802921	-0.001971511473	-0.007034717311	0.000272096808	-0.000061630946	-0.000877938055	-0.005428602380	0.000248920510	-0.000026203164	-0.000384677697	-0.004388443570	0.000189055986	-0.000024295214	-0.000248086964	-0.002642127237
5000.000000000000	15.000355311861	5.703925266201	-1.876297511279	0.006460046300	0.007263142423	0.717815725922	-0.818459611889	0.005856893702	0.003151256081	0.151561247862	-0.351834347067	0.003391361393	0.000877799355	0.025921776207	-0.178739120689	0.002491647744	-0.000061471332	-0.008147528024	-0.093016324069	0.001514197280	-0.000341280255	-0.011829083725	-0.048547720096	0.001009696934	-0.000364641156	-0.009268809164	-0.027040184756	0.000670800213	-0.000288966303	-0.006270293232	-0.015568930149	0.000436557473	-0.000203565024	-0.003624163628	-0.009416792167	0.000335550264	-0.000125076713	-0.001968435853	-0.007039064941	0.000270222115	-0.000060930768	-0.000875348274	-0.005430129118	0.000249636228	-0.000026586327	-0.000382195569	-0.004386913664	0.000192414996	-0.000019881520	-0.000248334917	-0.002642261717
5000.000000000000	14.999114097776	5.706270367432	-1.876301462802	0.006463076551	0.007277476820	0.717912108106	-0.818424888038	0.005829581627	0.003151155782	0.151601606513	-0.351833340932	0.003398513719	0.000889228230	0.025953890523	-0.178735445653	0.002496352305	-0.000050210158	-0.008134026523	-0.093025935813	0.001515599860	-0.000339655931	-0.011826953099	-0.048548917187	0.001029374386	-0.000354678762	-0.009269226679	-0.027041526474	0.000667368072	-0.000288850543	-0.006266269687	-0.015575625120	0.000439729302	-0.000204311622	-0.003624550742	-0.009418080431	0.000331492568	-0.000127022586	-0.001968636336	-0.007039741126	0.000273735157	-0.000061425481	-0.000878738597	-0.005429727415	0.000248300645	-0.000027820072	-0.000379962418	-0.004387048219	0.000187076894	-0.000022769673	-0.000247469382	-0.002641349634
5000.000000000000	15.001060465721	5.703536863119	-1.875741288871	0.006454089327	0.007261291341	0.718070384713	-0.818424512011	0.005851919092	0.003147447010	0.151676183082	-0.351803134496	0.003400518250	0.000880729702	0.026030118340	-0.178749734022	0.002464720853	-0.000046726107	-0.008099279029	-0.093054385143	0.001512024469	-0.000339535997	-0.011807124022	-0.048566041062	0.001008190807	-0.000350017900	-0.009246943125	-0.027046934056	0.000676224611	-0.000286992753	-0.006264035528	-0.015578778088	0.000437447853	-0.000202600429	-0.003623919236	-0.009420830575	0.000333251819	-0.000124298788	-0.001970527187	-0.007041647490	0.000270404759	-0.000062824070	-0.000876807043	-0.005431253507	0.000248079684	-0.000025115284	-0.000380084810	-0.004386128933	0.000183992342	-0.000026365847	-0.000246906694	-0.002639703736
5000.000000000000	14.998408985458	5.695985004166	-1.874978466606	0.006450465516	0.007267674522	0.718070135809	-0.818361429513	0.005845238026	0.003160723083	0.151705012006	-0.351770645773	0.003396053609	0.000877592054	0.026045299879	-0.178735846838	0.002453415223	-0.000051345152	-0.008076222462	-0.093042879914	0.001511233458	-0.000336027603	-0.011799376020	-0.048560672328	0.001018398545	-0.000343597676	-0.009255359203	-0.027035685367	0.000666020373	-0.000282948006	-0.006261507948	-0.015584357754	0.000436993842	-0.000201449623	-0.003624213219	-0.009424293819	0.000331276976	-0.000125186373	-0.001969612854	-0.007041706918	0.000273327324	-0.000060964215	-0.000877441936	-0.005429324588	0.000247126252	-0.000025834800	-0.000379538139	-0.004386735565	0.000180611369	-0.000014397620	-0.000247032012	-0.002642709351
5000.000000000000	15.001271105236	5.693253396694	-1.874410720582	0.006445298448	0.007273526959	0.718287663640	-0.818354519158	0.005829973319	0.003134335230	0.151794745158	-0.351782757733	0.003396649039	0.000881664691	0.026128318906	-0.178747788677	0.002465603493	-0.000049300703	-0.008035100972	-0.093079678964	0.001512478622	-0.000339255926	-0.011773350210	-0.048584967628	0.001032095294	-0.000335918360	-0.009239885327	-0.027069224085	0.000664770952	-0.000281294463	-0.006256613594	-0.015595438298	0.000438153069	-0.000203638332	-0.003619896627	-0.009431895698	0.000333752304	-0.000121856392	-0.001969700008	-0.007045804535	0.000272985707	-0.000062020539	-0.000876933419	-0.005431691588	0.000248407494	-0.000027352022	-0.000378450267	-0.004387303827	0.000183477576	-0.000013534489	-0.000245415869	-0.002644580528
5000.000000000000	15.000381073723	5.691779986957	-1.874055983411	0.006448368088	0.007274808514	0.718349604219	-0.818306218019	0.005842530993	0.003147100132	0.151843255635	-0.351736139603	0.003398610652	0.000881554046	0.026167084817	-0.178721179704	0.002482451606	-0.000059014641	-0.008006649061	-0.093070576438	0.001509720469	-0.000335059429	-0.011764038299	-0.048582253079	0.001027311060	-0.000345955146	-0.009239811658	-0.027053014430	0.000670074761	-0.000289225808	-0.006254289421	-0.015598468410	0.000438943309	-0.000202825060	-0.003621692588	-0.009431426271	0.000333821852	-0.000122692963	-0.001968896122	-0.007045093172	0.000273347010	-0.000060643156	-0.000874574717	-0.005431965172	0.000247231907	-0.000026325004	-0.000378959487	-0.004386055766	0.000189458142	-0.000014768265	-0.000243280242	-0.002641897960
5000.000000000000	14.998934762461	5.690636617951	-1.873740018972	0.006438845796	0.007271432129	0.718398912982	-0.818275817145	0.005838446232	0.003164362082	0.151870826627	-0.351697920879	0.003389032389	0.000882854718	0.026218302504	-0.178715175679	0.002483341008	-0.000051220033	-0.007991106982	-0.093082084952	0.001514220998	-0.000336277247	-0.011745247636	-0.048599573352	0.001023216710	-0.000368860957	-0.009233336361	-0.027070631851	0.000672225177	-0.000282998825	-0.006250514592	-0.015601878518	0.000436988316	-0.000202212815	-0.003620084997	-0.009435891438	0.000337212819	-0.000121663418	-0.001968326690	-0.007048046795	0.000271030648	-0.000060659658	-0.000875141023	-0.005431782302	0.000248549316	-0.000026549910	-0.000377626515	-0.004386549988	0.000180626675	-0.000020778666	-0.000243682981	-0.002641545720
5000.000000000000	15.000242690312	5.689651303584	-1.873239294808	0.006448253486	0.007258016861	0.718567488213	-0.818266546149	0.005833574253	0.003144784506	0.151941506222	-0.351690485247	0.003385233916	0.000889366241	0.026282301590	-0.178725263276	0.002469360918	-0.000036580747	-0.007953380887	-0.093104886540	0.001512914077	-0.000336812073	-0.011736189911	-0.048616317303	0.001011697355	-0.000342570519	-0.009222663570	-0.027078411295	0.000672168774	-0.000287680469	-0.006244865634	-0.015610705960	0.000436753982	-0.000201157414	-0.003618237355	-0.009441831097	0.000333613861	-0.000123628435	-0.001967659969	-0.007050081244	0.000271690091	-0.000062590613	-0.000872933655	-0.005433384452	0.000248870751	-0.000026059059	-0.000375160869	-0.004385952154	0.000184274991	-0.000022408685	-0.000240776598	-0.002642871567
5000.000000000000	15.000683592324	5.687620095435	-1.872806420104	0.006453527012	0.007275133408	0.718680415231	-0.818231766722	0.005837703459	0.003143179744	0.152012452218	-0.351681326477	0.003383486675	0.000886772022	0.026314310763	-0.178732039056	0.002467365741	-0.000036189886	-0.007929256665	-0.093114462450	0.001514398438	-0.000335672441	-0.011719348373	-0.048622484784	0.001018661829	-0.000352085636	-0.009201067856	-0.027104976203	0.000672915766	-0.000280344760	-0.006243499930	-0.015612501915	0.000440735035	-0.000202335908	-0.003617056412	-0.009443123176	0.000336152444	-0.000123942936	-0.001967064268	-0.007050181437	0.000273830888	-0.000061228940	-0.000875000013	-0.005431743949	0.000248655434	-0.000026917850	-0.000375253848	-0.004387628008	0.000183708366	-0.000026116040	-0.000242195195	-0.002641137265
5000.000000000000	15.000357656800	5.682847890702	-1.872124429398	0.006454007729	0.007275845110	0.718784641953	-0.818153811172	0.005821349174	0.003142511624	0.152075025461	-0.351639899275	0.003391757456	0.000884793828	0.026368840657	-0.178730517635	0.002456068457	-0.000023495066	-0.007886207676	-0.093130580865	0.001508909370	-0.000329431063	-0.011698364743	-0.048631167506	0.001017350209	-0.000352065511	-0.009202370956	-0.027101152261	0.000676088319	-0.000278320440	-0.006231531318	-0.015624776417	0.000438583509	-0.000206078091	-0.003613610315	-0.009449012325	0.000332585737	-0.000124409068	-0.001966879054	-0.007053021954	0.000271480742	-0.000061241440	-0.000872331527	-0.005432691488	0.000247425367	-0.000028031116	-0.000374715793	-0.004388715200	0.000183584303	-0.000014442413	-0.000240931074	-0.002643426111
5000.000000000000	15.000768044353	5.682679031972	-1.871761353158	0.006454423719	0.007274833908	0.718903678821	-0.818126880276	0.005830397723	0.003159120404	0.152125042096	-0.351618192437	0.003398571961	0.000882626117	0.026435233086	-0.178705628226	0.002471288932	-0.000054579313	-0.007863875945	-0.093137983480	0.001515419773	-0.000332315283	-0.011682087659	-0.048641956779	0.001022759686	-0.000350172219	-0.009196806826	-0.027111102763	0.000674563812	-0.000280339873	-0.006236244109	-0.015632533289	0.000439325546	-0.000202441808	-0.003611964834	-0.009450408614	0.000335447309	-0.000123883881	-0.001965509668	-0.007055061539	0.000273140404	-0.000060096480	-0.000870741955	-0.005434787165	0.000247961954	-0.000026042458	-0.000372652377	-0.004386346237	0.000187459755	-0.000020010255	-0.000237457660	-0.002641421830
5000.000000000000	15.000176602992	5.680172936649	-1.871302977422	0.006449439941	0.007277880487	0.718981280000	-0.818059860995	0.005843330689	0.003138702145	0.152197633191	-0.351583511174	0.003384954908	0.000893183510	0.026481486887	-0.178698904296	0.002461313953	-0.000055974532	-0.007822624256	-0.093139197386	0.001510568787	-0.000337883066	-0.011668256128	-0.048644090449	0.001024284280	-0.000347984066	-0.009168419826	-0.027128572533	0.000669823463	-0.000280805109	-0.006224856950	-0.015637078921	0.000439775465	-0.000205919093	-0.003609572264	-0.009454410468	0.000337098084	-0.000125778487	-0.001962842537	-0.007054464473	0.000270805177	-0.000061523138	-0.000871015643	-0.005436175575	0.000249900662	-0.000025720858	-0.000371657493	-0.004386549234	0.000180201933	-0.000014384906	-0.000239045034	-0.002642764335
5000.000000000000	15.000344383017	5.679405159952	-1.871084900984	0.006455197861	0.007268525870	0.719054321315	-0.818109334417	0.005834913633	0.003156176743	0.152214874815	-0.351593720200	0.003396011780	0.000883052695	0.026519512954	-0.178718716961	0.002470943924	-0.000054103434	-0.007813194075	-0.093164196272	0.001521511711	-0.000338993385	-0.011665331463	-0.048657435738	0.001019102329	-0.000345136357	-0.009172434922	-0.027123755736	0.000673871382	-0.000284661474	-0.006227175036	-0.015641525136	0.000441835438	-0.000202161914	-0.003610639858	-0.009458502466	0.000333694089	-0.000122178748	-0.001967214873	-0.007056539491	0.000271199257	-0.000060805799	-0.000871869347	-0.005433352126	0.000249257274	-0.000026374494	-0.000374711262	-0.004389059691	0.000190132511	-0.000018577686	-0.000238439143	-0.002642046169
5000.000000000000	15.000571172087	5.677118552978	-1.870670249854	0.006444123346	0.007285304636	0.719198502089	-0.818071471504	0.005833776909	0.003143568035	0.152287055544	-0.351566104216	0.003388510692	0.000885536834	0.026571458448	-0.178712903897	0.002476566275	-0.000044971316	-0.007775674383	-0.093179114326	0.001514526259	-0.000337900041	-0.011636197345	-0.048670598698	0.001018445011	-0.000340390434	-0.009156883091	-0.027141505457	0.000672018174	-0.000280652492	-0.006217801998	-0.015648339224	0.000440087957	-0.000204973761	-0.003608616263	-0.009460794534	0.000331935431	-0.000122843177	-0.001964035379	-0.007058411156	0.000272187052	-0.000062609625	-0.000869423181	-0.005435397794	0.000248916312	-0.000023957609	-0.000370653978	-0.004386198285	0.000183318130	-0.000017776688	-0.000236282260	-0.002641874549
5000.000000000000	15.001557237474	5.676023766839	-1.870288684913	0.006467198366	0.007266822194	0.719322302778	-0.818095092453	0.005836423309	0.003141069656	0.152369953437	-0.351545375873	0.003385734123	0.000890787241	0.026633561213	-0.178714733803	0.002458640192	-0.000022882220	-0.007737481743	-0.093196780576	0.001514025211	-0.000329958261	-0.011623810306	-0.048678589090	0.001016880083	-0.000343267909	-0.009142798842	-0.027150120553	0.000677450674	-0.000281269057	-0.006220277064	-0.015651816501	0.000440676814	-0.000202078470	-0.003607536396	-0.009465543048	0.000334507533	-0.000123381365	-0.001963663741	-0.007059188187	0.000272676228	-0.000062214632	-0.000868374477	-0.005437775167	0.000247718129	-0.000026838669	-0.000370489356	-0.004387261791	0.000183139156	-0.000020603244	-0.000235449026	-0.002642227772
5000.000000000000	15.000644906859	5.673751659968	-1.869928443419	0.006462106043	0.007275208520	0.719379446073	-0.818037887954	0.005833505224	0.003148994247	0.152389422622	-0.351533296365	0.003384144594	0.000890489828	0.026658715143	-0.178702262183	0.002459435333	-0.000020735285	-0.007730968623	-0.093200387021	0.001512764851	-0.000335576422	-0.011607984774	-0.048682623666	0.001010844050	-0.000351535773	-0.009146705934	-0.027117593589	0.000673548004	-0.000291516339	-0.006218147585	-0.015656711526	0.000440290116	-0.000201041855	-0.003609099805	-0.009467656631	0.000336293499	-0.000125950944	-0.001964743496	-0.007061404748	0.000273460637	-0.000061002763	-0.000869684374	-0.005438443983	0.000248454085	-0.000026633505	-0.000371414845	-0.004386353183	0.000186918982	-0.000014455076	-0.000235710542	-0.002640199838
5000.000000000000	15.002139647512	5.671419799962	-1.869378180297	0.006445466193	0.007286478827	0.719521765780	-0.818008303504	0.005854624308	0.003148312054	0.152464746674	-0.351503681954	0.003387758262	0.000883323156	0.026734351135	-0.178710243041	0.002478493628	-0.000040391794	-0.007689918621	-0.093226210317	0.001521488511	-0.000326369181	-0.011596865997	-0.048696884828	0.001018030044	-0.000340906010	-0.009120624399	-0.027169086294	0.000675540385	-0.000283727142	-0.006206480681	-0.015667174359	0.000439872027	-0.000201673399	-0.003606985326	-0.009472659117	0.000336391564	-0.000122864659	-0.001962701376	-0.007062873572	0.000271249269	-0.000060019896	-0.000868066066	-0.005438203951	0.000248102572	-0.000025042230	-0.000367931698	-0.004386623992	0.000186105755	-0.000011920980	-0.000233288112	-0.002642342092
5000.000000000000	15.001663467720	5.671071224395	-1.869079229601	0.006462722587	0.007278465521	0.719620007931	-0.817955070360	0.005825013884	0.003152061505	0.152501048564	-0.351477218473	0.003394378014	0.000898011252	0.026775668401	-0.178710048521	0.002475704111	-0.000020099226	-0.007657622922	-0.093212542210	0.001511718286	-0.000332979645	-0.011580772762	-0.048707690179	0.001023559032	-0.000349619230	-0.009139194418	-0.027154528177	0.000667467891	-0.000284627673	-0.006205370487	-0.015671497353	0.000441269097	-0.000201239480	-0.003605568623	-0.009474244402	0.000335304587	-0.000122886720	-0.001960471023	-0.007065913607	0.000273980079	-0.000061069211	-0.000866095849	-0.005436319982	0.000248030885	-0.000024683857	-0.000367447985	-0.004385637960	0.000181232657	-0.000020086421	-0.000233161161	-0.002643125027
5000.000000000000	15.000845065016	5.669270247598	-1.868817472764	0.006450400320	0.007272860257	0.719703425706	-0.817941993092	0.005822087062	0.003155489774	0.152547353839	-0.351471848271	0.003388740690	0.000889714119	0.026807995643	-0.178695377163	0.002469448563	-0.000035713006	-0.007635716875	-0.093233383894	0.001519896235	-0.000327580660	-0.011566636532	-0.048711573979	0.001034676311	-0.000342679809	-0.009124273445	-0.027161304685	0.000681066558	-0.000287476954	-0.006207368153	-0.015680386090	0.000440396256	-0.000199346898	-0.003604467713	-0.009477814218	0.000335067835	-0.000122586331	-0.001961267739	-0.007066052925	0.000272443191	-0.000060739204	-0.000867133226	-0.005438112323	0.000248910646	-0.000025880289	-0.000368629068	-0.004386013774	0.000183896487	-0.000015491439	-0.000232708799	-0.002642074049
5000.000000000000	15.001553481820	5.668489448311	-1.868551375384	0.006472808050	0.007283308462	0.719860379158	-0.817924389447	0.005835897407	0.003140502907	0.152645937350	-0.351444863416	0.003378631975	0.000901677321	0.026884582567	-0.178708430684	0.002470890998	-0.000024790275	-0.007593082392	-0.093251602474	0.001515714956	-0.000331885639	-0.011549745864	-0.048729505760	0.001024034306	-0.000342650195	-0.009117317237	-0.027175085694	0.000679595804	-0.000286106186	-0.006204181886	-0.015681710595	0.000440110634	-0.000200817547	-0.003602216202	-0.009481215963	0.000337263515	-0.000124657138	-0.001962075170	-0.007067025692	0.000271389136	-0.000061905907	-0.000866700346	-0.005438055687	0.000248953286	-0.000025318320	-0.000367076393	-0.004387672009	0.000189995577	-0.000021135738	-0.000231755521	-0.002641206434
5000.000000000000	15.001398492730	5.663575550387	-1.867794357361	0.006466277456	0.007288952228	0.720001112490	-0.817874489133	0.005835286448	0.003143847311	0.152721823466	-0.351415279375	0.003385219822	0.000884889748	0.026938794717	-0.178691021012	0.002473019659	-0.000053243880	-0.007554239032	-0.093267696412	0.001518444310	-0.000329213686	-0.011530221875	-0.048732977549	0.001020293576	-0.000341581569	-0.009088044515	-0.027179288700	0.000676594689	-0.000282561847	-0.006195247907	-0.015687970871	0.000442209509	-0.000201457563	-0.003600172840	-0.009488837421	0.000336734901	-0.000124457047	-0.001960081162	-0.007069055959	0.000273066061	-0.000060267513	-0.000862901373	-0.005439488494	0.000248748624	-0.000025505973	-0.000364073098	-0.004386572606	0.000191424945	-0.000014882930	-0.000230920480	-0.002641084225
5000.000000000000	15.003937744071	5.661877909311	-1.867264746435	0.006464782008	0.007287289828	0.720148084706	-0.817835810922	0.005845742694	0.003154139545	0.152805654426	-0.351395636435	0.003396768525	0.000898107787	0.027017869490	-0.178699298755	0.002485884933	-0.000029972329	-0.007522742979	-0.093289095299	0.001522282317	-0.000331831495	-0.011507902177	-0.048756996108	0.001024523936	-0.000337408668	-0.009073794779	-0.027198935310	0.000673536971	-0.000280157151	-0.006186758743	-0.015696393389	0.000439501528	-0.000199922755	-0.003599707996	-0.009493098009	0.000336553384	-0.000122934686	-0.001958768575	-0.007071402598	0.000271909717	-0.000062032649	-0.000862258010	-0.005440906818	0.000247877355	-0.000026432037	-0.000361505764	-0.004384911388	0.000182604073	-0.000015127425	-0.000228653448	-0.002642759462
5000.000000000000	15.002255280295	5.663086431754	-1.867154571800	0.006463314272	0.007271537327	0.720145666368	-0.817783028428	0.005837825643	0.003155651571	0.152805227896	-0.351348345817	0.003394175888	0.000895351136	0.027030335137	-0.178683927773	0.002468404275	-0.000034543481	-0.007507401813	-0.093285782782	0.001516755063	-0.000331901298	-0.011498611128	-0.048756372311	0.001014224883	-0.000348216420	-0.009074521990	-0.027202871668	0.000675921922	-0.000279135910	-0.006189407512	-0.015701777993	0.000441335840	-0.000199080418	-0.003598525263	-0.009493384419	0.000334318260	-0.000123359379	-0.001957300572	-0.007072036273	0.000272282336	-0.000060522361	-0.000862445454	-0.005440989937	0.000246600684	-0.000024890814	-0.000362786603	-0.004386858958	0.000180771543	-0.000022082499	-0.000227650136	-0.002642495557
5000.000000000000	14.999225591337	5.663279001061	-1.866894676952	0.006441259651	0.007287197559	0.720251563886	-0.817705757368	0.005836181698	0.003158091010	0.152861427068	-0.351316596197	0.003385268945	0.000890472868	0.027090770761	-0.178666095015	0.002486995529	-0.000025181693	-0.007466346505	-0.093284307301	0.001515869487	-0.000327998936	-0.011479461717	-0.048760180376	0.001017729474	-0.000340049482	-0.009060352149	-0.027208995655	0.000668314442	-0.000283243050	-0.006177181846	-0.015701326030	0.000442702923	-0.000202567494	-0.003593235595	-0.009496810028	0.000333045170	-0.000124749696	-0.001956648959	-0.007071983751	0.000270964432	-0.000060946507	-0.000860036442	-0.005441498459	0.000247885661	-0.000025491933	-0.000361647945	-0.004384738592	0.000181639832	-0.000011021958	-0.000227119420	-0.002640500449
5000.000000000000	15.003774088462	5.663427475351	-1.866588085514	0.006445424586	0.007293705270	0.720453978282	-0.817751503770	0.005838486590	0.003164387468	0.152954651023	-0.351346536715	0.003383012349	0.000893556921	0.027162955237	-0.178701267325	0.002472312516	-0.000047709932	-0.007446866055	-0.093331129165	0.001519195381	-0.000328240581	-0.011466537103	-0.048786176593	0.001019397867	-0.000343820420	-0.009066796077	-0.027222696383	0.000671211979	-0.000288877071	-0.006182698044	-0.015717466668	0.000442709865	-0.000200021954	-0.003596100813	-0.009503716235	0.000336686217	-0.000123709740	-0.001958039506	-0.007075717852	0.000273070415	-0.000061767343	-0.000862014018	-0.005442957327	0.000248668357	-0.000026149612	-0.000362040001	-0.004385218462	0.000185212658	-0.000018545879	-0.000225605154	-0.002638583391
5000.000000000000	15.000460996235	5.662589235746	-1.866261989930	0.006448496829	0.007286042587	0.720521017522	-0.817671315035	0.005838513303	0.003169854735	0.152991470893	-0.351303045665	0.003381895324	0.000891339168	0.027203497919	-0.178682791306	0.002463100770	-0.000014671821	-0.007416736571	-0.093314299636	0.001515701117	-0.000328172389	-0.011448361211	-0.048787516294	0.001019801329	-0.000332576014	-0.009062851851	-0.027226567942	0.000685762429	-0.000268203201	-0.006175811186	-0.015717666635	0.000442094663	-0.000201749463	-0.003591714046	-0.009504036766	0.000333643542	-0.000123801537	-0.001955102622	-0.007075553161	0.000273073268	-0.000061225714	-0.000860278265	-0.005442839897	0.000247460785	-0.000023656617	-0.000359626655	-0.004386287115	0.000178480998	-0.000014804273	-0.000225152339	-0.002639976486
5000.000000000000	15.002956766401	5.662662215822	-1.865765472318	0.006458723623	0.007284685186	0.720756463346	-0.817598019952	0.005839127870	0.003175456401	0.153117816540	-0.351273509392	0.003392013469	0.000889811516	0.027286711485	-0.178699848758	0.002462371798	-0.000047280312	-0.007352471099	-0.093345525620	0.001518848089	-0.000329754339	-0.011428302269	-0.048809434940	0.001021643031	-0.000335507985	-0.009040463849	-0.027225878973	0.000684987954	-0.000283342124	-0.006167830045	-0.015734438823	0.000441643556	-0.000199047918	-0.003591599503	-0.009510277010	0.000337863324	-0.000122924399	-0.001951749093	-0.007079441666	0.000272879272	-0.000062545703	-0.000859010089	-0.005444159834	0.000247427728	-0.000023843706	-0.000357560139	-0.004386444135	0.000186769312	-0.000017294520	-0.000224000704	-0.002640206139
5000.000000000000	15.000619216795	5.665703281190	-1.865883480276	0.006430398393	0.007301326756	0.720754753866	-0.817576962019	0.005834009101	0.003143431105	0.153091335332	-0.351250221573	0.003378898787	0.000889356807	0.027312994866	-0.178701186155	0.002464990600	-0.000029841821	-0.007352007614	-0.093318412191	0.001524944025	-0.000327699214	-0.011417244357	-0.048810606956	0.001027822153	-0.000347194758	-0.009053939311	-0.027236348561	0.000685316611	-0.000281612335	-0.006164426341	-0.015737450583	0.000443517878	-0.000201496918	-0.003591721192	-0.009511554025	0.000336801708	-0.000122071072	-0.001953789906	-0.007082326044	0.000273535633	-0.000060331130	-0.000860911711	-0.005443204697	0.000248827164	-0.000026462179	-0.000358781557	-0.004386203809	0.000184177696	-0.000010652185	-0.000225882093	-0.002638665173
5000.000000000000	15.003708428942	5.663837756704	-1.865486668297	0.006456135768	0.007293810326	0.720903503142	-0.817600154290	0.005841331917	0.003151548451	0.153162024649	-0.351245278964	0.003372908578	0.000886820917	0.027362522634	-0.178713452394	0.002470984187	-0.000036671082	-0.007311177273	-0.093356493975	0.001524026335	-0.000332381055	-0.011407269343	-0.048824572575	0.001030197826	-0.000334782764	-0.009024459798	-0.027252788620	0.000676506383	-0.000281946844	-0.006164675063	-0.015748244460	0.000442280550	-0.000200421478	-0.003592258168	-0.009513594085	0.000335287054	-0.000121319321	-0.001954170605	-0.007083450492	0.000274172084	-0.000060430856	-0.000861286494	-0.005444674361	0.000248207372	-0.000024707669	-0.000358099997	-0.004386869978	0.000189873680	-0.000019512325	-0.000224565593	-0.002639907240
5000.000000000000	15.001724201960	5.660935504714	-1.864862312011	0.006479717051	0.007288381689	0.720987750414	-0.817478129459	0.005838526928	0.003145218017	0.153232934598	-0.351194101364	0.003381738811	0.000886238605	0.027415774468	-0.178660951659	0.002460283686	-0.000021640774	-0.007276873613	-0.093357769775	0.001517729159	-0.000328340828	-0.011376592686	-0.048824311001	0.001021268232	-0.000335328432	-0.009014762323	-0.027250475361	0.000683752134	-0.000288201956	-0.006152262902	-0.015748990891	0.000443568598	-0.000202153778	-0.003585412776	-0.009520712811	0.000336826470	-0.000122960856	-0.001950886904	-0.007084464646	0.000272715055	-0.000062995965	-0.000855600417	-0.005445293363	0.000248738707	-0.000026150577	-0.000354646815	-0.004384446713	0.000182730021	-0.000017418080	-0.000221053527	-0.002639180470
5000.000000000000	15.000588487451	5.657681721186	-1.864540621652	0.006449896188	0.007279902639	0.721003788717	-0.817492546044	0.005837856211	0.003151724974	0.153242992386	-0.351176318495	0.003381227037	0.000889245376	0.027446407233	-0.178662485340	0.002465051478	-0.000029650096	-0.007269051999	-0.093366243197	0.001522216215	-0.000328155657	-0.011371300954	-0.048824187622	0.001026861140	-0.000342191422	-0.009010845764	-0.027262928147	0.000668716696	-0.000276173046	-0.006157610499	-0.015742251874	0.000441564769	-0.000198919201	-0.003585803567	-0.009522923226	0.000333903481	-0.000122645064	-0.001951577919	-0.007084853221	0.000273418517	-0.000063025725	-0.000858351114	-0.005445938636	0.000248407888	-0.000026520717	-0.000355784510	-0.004384590639	0.000189763034	-0.000016873030	-0.000221692219	-0.002640065341
5000.000000000000	15.001952433000	5.652924862596	-1.863865818618	0.006460944022	0.007301911637	0.721180216767	-0.817448213067	0.005839098352	0.003145855651	0.153342448424	-0.351155732206	0.003385171878	0.000893653086	0.027515341069	-0.178676073190	0.002471161547	-0.000020329409	-0.007237942328	-0.093388827612	0.001522473723	-0.000325025454	-0.011358264306	-0.048843853270	0.001029934596	-0.000336006665	-0.008998433904	-0.027279600490	0.000677785674	-0.000290268085	-0.006150953244	-0.015752582991	0.000443687693	-0.000199100306	-0.003586739440	-0.009528663148	0.000333084975	-0.000122293549	-0.001951479983	-0.007084918967	0.000272857171	-0.000061937150	-0.000856168426	-0.005446527566	0.000247832062	-0.000024839074	-0.000355097949	-0.004384148134	0.000179833643	-0.000021663726	-0.000221342720	-0.002639856641
5000.000000000000	15.001285257949	5.652903505242	-1.863642472855	0.006453237328	0.007283281770	0.721296946740	-0.817421939318	0.005836961976	0.003169098688	0.153391772839	-0.351150471689	0.003375500748	0.000896710503	0.027550333146	-0.178654116335	0.002506995608	-0.000033751301	-0.007206599129	-0.093403031622	0.001519334771	-0.000325036468	-0.011343786038	-0.048854481540	0.001022929534	-0.000344035153	-0.008994139974	-0.027287354077	0.000677193067	-0.000272502202	-0.006147185717	-0.015761468437	0.000441406939	-0.000198669045	-0.003585828058	-0.009531952602	0.000336467132	-0.000120670650	-0.001951077985	-0.007087057679	0.000273014961	-0.000060478823	-0.000856156531	-0.005446882068	0.000247866978	-0.000025040306	-0.000353652791	-0.004384413764	0.000182933206	-0.000015729402	-0.000220552612	-0.002640259285
5000.000000000000	15.001410794363	5.652765372764	-1.863287336302	0.006450497478	0.007286195138	0.721401157294	-0.817380171457	0.005830897015	0.003151908739	0.153457831929	-0.351111530812	0.003376911776	0.000913294778	0.027613066630	-0.178662416435	0.002465318822	-0.000028387254	-0.007160621930	-0.093411121295	0.001512611494	-0.000323837328	-0.011323645343	-0.048868099771	0.001017630062	-0.000341627275	-0.008981481781	-0.027296165296	0.000689453769	-0.000285560622	-0.006134914391	-0.015773487298	0.000440181248	-0.000199966744	-0.003581014844	-0.009536880877	0.000334424051	-0.000124186142	-0.001949918286	-0.007090043320	0.000274613911	-0.000060418542	-0.000853588459	-0.005448503834	0.000249160204	-0.000024867698	-0.000353205981	-0.004385747114	0.000191399895	-0.000017838904	-0.000218819189	-0.002640301515
5000.000000000000	15.002864639976	5.649233340678	-1.862796641914	0.006457793654	0.007309317122	0.721505132779	-0.817387208834	0.005856884641	0.003162547797	0.153515671376	-0.351099786794	0.003377800552	0.000895223149	0.027667116600	-0.178655828848	0.002485697214	-0.000004227167	-0.007148998512	-0.093423571926	0.001519302617	-0.000322969198	-0.011308739878	-0.048878742564	0.001026503661	-0.000341958398	-0.008995688451	-0.027288403738	0.000682869219	-0.000266321098	-0.006139423405	-0.015772305904	0.000442784724	-0.000199739265	-0.003583917159	-0.009540475471	0.000335479593	-0.000129060547	-0.001949887926	-0.007090154518	0.000273068216	-0.000061451377	-0.000853964504	-0.005449093909	0.000248482134	-0.000024430466	-0.000352185224	-0.004385409641	0.000183724559	-0.000015666840	-0.000218497186	-0.002639624629
5000.000000000000	15.001732655145	5.649380921330	-1.862533834633	0.006444013296	0.007286132155	0.721571930416	-0.817302270675	0.005840483005	0.003158536796	0.153545696987	-0.351070676130	0.003384721763	0.000906509762	0.027694002804	-0.178640787063	0.002463908586	-0.000019028379	-0.007131551508	-0.093418569314	0.001522128974	-0.000324307176	-0.011291285762	-0.048879883143	0.001024664929	-0.000335796859	-0.008978391678	-0.027295970964	0.000680486127	-0.000280180573	-0.006130031990	-0.015780439122	0.000444038244	-0.000199566233	-0.003577134784	-0.009541103508	0.000338333839	-0.000121969522	-0.001947903187	-0.007092022593	0.000272455456	-0.000059607522	-0.000852090479	-0.005449587250	0.000247988913	-0.000023425240	-0.000352408235	-0.004384931166	0.000184978075	-0.000023336385	-0.000217803053	-0.002640346077
5000.000000000000	15.000651850798	5.650137781297	-1.862273510194	0.006444000199	0.007289680987	0.721654189163	-0.817248955280	0.005838227244	0.003153147818	0.153591298872	-0.351016216720	0.003372786529	0.000903653713	0.027753268108	-0.178624312798	0.002481094947	-0.000024702014	-0.007084098375	-0.093441463142	0.001522575436	-0.000326844280	-0.011272316368	-0.048882826055	0.001023106047	-0.000333256035	-0.008947553108	-0.027303183661	0.000686804015	-0.000269123749	-0.006125061581	-0.015774341778	0.000443555102	-0.000202365376	-0.003572731659	-0.009545109442	0.000339447108	-0.000120276521	-0.001946065030	-0.007092646069	0.000274841452	-0.000060884030	-0.000849386607	-0.005449302283	0.000248585260	-0.000025132866	-0.000349988443	-0.004384856691	0.000178610277	-0.000014700999	-0.000217667238	-0.002639443531
5000.000000000000	15.001324267841	5.649414040089	-1.861978362407	0.006452805203	0.007302421199	0.721791507428	-0.817247097205	0.005839562765	0.003169146319	0.153663587799	-0.351022857929	0.003374001165	0.000907342004	0.027803928033	-0.178630796805	0.002479778843	-0.000019639261	-0.007049375164	-0.093461242080	0.001521594666	-0.000325043339	-0.011258172667	-0.048889639462	0.001017136782	-0.000342252552	-0.008944610167	-0.027333479533	0.000677067133	-0.000275382793	-0.006124959103	-0.015789138382	0.000442457227	-0.000200925536	-0.003572468029	-0.009547226897	0.000340178453	-0.000122540867	-0.001945450285	-0.007093656814	0.000273894698	-0.000062666568	-0.000848132975	-0.005450071972	0.000247490727	-0.000023851647	-0.000348890407	-0.004384809369	0.000185954842	-0.000014074726	-0.000216676899	-0.002639739198
5000.000000000000	14.999846344701	5.649437873591	-1.861752673221	0.006455336656	0.007291153841	0.721872560622	-0.817196623896	0.005840909201	0.003156071810	0.153709817743	-0.350980759586	0.003374807164	0.000895056533	0.027836614473	-0.178602999848	0.002489772964	-0.000011058758	-0.007024773633	-0.093453229215	0.001521143138	-0.000326911029	-0.011245688624	-0.048895641524	0.001028363122	-0.000338526500	-0.008941291058	-0.027321718386	0.000669567207	-0.000283077252	-0.006117279126	-0.015791170275	0.000444690976	-0.000203182024	-0.003572839947	-0.009549011772	0.000339512063	-0.000125051783	-0.001944701930	-0.007094474204	0.000273647304	-0.000062280604	-0.000848336639	-0.005450104721	0.000247804333	-0.000024544325	-0.000348290835	-0.004383179120	0.000188967423	-0.000021892328	-0.000215214323	-0.002640965393
5000.000000000000	14.999907751635	5.644645063113	-1.861074364665	0.006458371792	0.007295653210	0.722016841889	-0.817145276447	0.005838825087	0.003158225258	0.153802920262	-0.350961061482	0.003381734238	0.000900481518	0.027901302888	-0.178616892821	0.002495113791	-0.000014426565	-0.006981719810	-0.093474489783	0.001522699318	-0.000319931741	-0.011222851038	-0.048911409479	0.001030079371	-0.000333200819	-0.008940781366	-0.027326727949	0.000669980401	-0.000277127838	-0.006115217110	-0.015799886551	0.000444670173	-0.000197521368	-0.003569802192	-0.009555503340	0.000339342267	-0.000123906322	-0.001944571561	-0.007097802233	0.000273555882	-0.000059447050	-0.000849195929	-0.005452208878	0.000248501826	-0.000025276176	-0.000347073455	-0.004383307955	0.000180840545	-0.000015983262	-0.000214038798	-0.002639373720
5000.000000000000	15.001066304055	5.646412261029	-1.860993063781	0.006450286958	0.007289105907	0.722079829420	-0.817165986731	0.005832669404	0.003141029501	0.153821931284	-0.350954472941	0.003366392098	0.000900086756	0.027957114576	-0.178629704041	0.002463475549	-0.000023593039	-0.006958647869	-0.093471925962	0.001526245808	-0.000323922157	-0.011217697676	-0.048920787404	0.001031816089	-0.000332739097	-0.008936465433	-0.027346845331	0.000685869115	-0.000279466102	-0.006118032116	-0.015810015962	0.000441782575	-0.000196788346	-0.003574074697	-0.009558626516	0.000332409232	-0.000128731945	-0.001944986282	-0.007098676490	0.000273192107	-0.000062140026	-0.000849187027	-0.005451390894	0.000248063591	-0.000024733951	-0.000346116573	-0.004383410533	0.000184779517	-0.000012468351	-0.000215068483	-0.002638776341
5000.000000000000	14.999321958972	5.641302444838	-1.860352149497	0.006469307908	0.007283193905	0.722177705927	-0.817083612779	0.005827670185	0.003156284619	0.153882244339	-0.350899315263	0.003381671336	0.000904919181	0.027993758149	-0.178602071619	0.002504171500	-0.000001549299	-0.006949837729	-0.093491383605	0.001520065641	-0.000327935600	-0.011193616439	-0.048918494500	0.001026805116	-0.000340858730	-0.008927227622	-0.027348978530	0.000680521991	-0.000286947817	-0.006100403315	-0.015800855383	0.000449017132	-0.000198668995	-0.003565507561	-0.009561652356	0.000341417360	-0.000121518274	-0.001942335601	-0.007100442144	0.000275054029	-0.000061824040	-0.000845453418	-0.005452602360	0.000249288659	-0.000024801251	-0.000344634280	-0.004383616506	0.000191453581	-0.000017460205	-0.000212717264	-0.002638456490
5000.000000000000	15.001814705511	5.638662877550	-1.859924580919	0.006452418679	0.007294812587	0.722312387520	-0.817108718821	0.005840432214	0.003170191141	0.153942311104	-0.350904188331	0.003376311954	0.000897235828	0.028049838448	-0.178608859714	0.002487697217	-0.000005961106	-0.006914814872	-0.093501913405	0.001523755261	-0.000320969831	-0.011187237338	-0.048947616677	0.001029024321	-0.000335466003	-0.008914068811	-0.027365169577	0.000682425742	-0.000275370957	-0.006103282944	-0.015820842528	0.000443194176	-0.000201457103	-0.003565219417	-0.009566175907	0.000335931458	-0.000123217662	-0.001943800134	-0.007101483423	0.000273796525	-0.000063041710	-0.000847448269	-0.005452843664	0.000249142122	-0.000024197464	-0.000343271958	-0.004384982766	0.000189942553	-0.000017883601	-0.000211743622	-0.002638519163
5000.000000000000	14.998500729757	5.638815465783	-1.859672412545	0.006452291233	0.007291612938	0.722383974061	-0.817034847110	0.005839260254	0.003146668886	0.153993251021	-0.350870740180	0.003375693926	0.000902091130	0.028100010090	-0.178571208243	0.002473598421	-0.000026624965	-0.006878115168	-0.093500985817	0.001522633414	-0.000312917569	-0.011158243197	-0.048941538579	0.001032025805	-0.000338674766	-0.008898227600	-0.027381686704	0.000676576808	-0.000280625678	-0.006098011435	-0.015818621499	0.000447765008	-0.000200597092	-0.003560954194	-0.009569838492	0.000338305000	-0.000120945150	-0.001940408465	-0.007102500496	0.000274745695	-0.000062547574	-0.000842198694	-0.005453331977	0.000248220651	-0.000023609442	-0.000342291144	-0.004384887940	0.000182858613	-0.000017837997	-0.000209748257	-0.002638381599
5000.000000000000	15.002514275513	5.636658867333	-1.859277542399	0.006468485908	0.007297832299	0.722520185456	-0.817085000365	0.005833725211	0.003162297675	0.154032069893	-0.350875248699	0.003376902148	0.000897392720	0.028149900935	-0.178605342411	0.002495145541	-0.000002881479	-0.006856399820	-0.093544472685	0.001530618840	-0.000324017419	-0.011155330838	-0.048963062534	0.001023305405	-0.000336418202	-0.008902379095	-0.027381631648	0.000678456982	-0.000277453992	-0.006093996404	-0.015833408924	0.000445801095	-0.000199501088	-0.003566092517	-0.009574979705	0.000340568565	-0.000123174912	-0.001942261956	-0.007105507939	0.000272915195	-0.000059736766	-0.000846164571	-0.005453524307	0.000247836425	-0.000025425709	-0.000344146900	-0.004383888246	0.000184685025	-0.000012686868	-0.000211329016	-0.002638426723
5000.000000000000	14.999322954289	5.633906653921	-1.858921634068	0.006446597350	0.007291545062	0.722496579983	-0.817007252946	0.005836412273	0.003174616277	0.154043661410	-0.350823109826	0.003364084378	0.000903817754	0.028155742203	-0.178561161898	0.002477593360	-0.000006170589	-0.006830028752	-0.093507207864	0.001520575091	-0.000316693680	-0.011145062219	-0.048953211404	0.001022901418	-0.000336798971	-0.008889834139	-0.027380801355	0.000688404967	-0.000281710631	-0.006086163564	-0.015837451702	0.000442609226	-0.000199112724	-0.003560179430	-0.009575420752	0.000338621027	-0.000122676037	-0.001940028048	-0.007103691744	0.000274074586	-0.000060319653	-0.000842412159	-0.005455081916	0.000246719696	-0.000025392595	-0.000343740578	-0.004383343188	0.000180373866	-0.000010256046	-0.000210066657	-0.002638169729
5000.000000000000	15.000921874705	5.632381896745	-1.858526355856	0.006459092513	0.007307469708	0.722658648359	-0.817019708585	0.005842561036	0.003157905130	0.154129122793	-0.350809067349	0.003360758760	0.000903943129	0.028235178352	-0.178576517995	0.002473181620	0.000013216394	-0.006771571652	-0.093550678264	0.001531545072	-0.000321650788	-0.011123735997	-0.048972042202	0.001031227238	-0.000333024316	-0.008875703407	-0.027404905974	0.000668488206	-0.000279664460	-0.006098316214	-0.015835768858	0.000445716753	-0.000196940063	-0.003560525472	-0.009579325412	0.000341255283	-0.000121126578	-0.001938442898	-0.007106965359	0.000273508676	-0.000058771871	-0.000842949694	-0.005455031879	0.000246147429	-0.000024574602	-0.000342001760	-0.004383141444	0.000182380892	-0.000021967359	-0.000209669838	-0.002638375436
5000.000000000000	14.998993110651	5.631451132516	-1.858104017401	0.006452680851	0.007300146732	0.722785751398	-0.816920453223	0.005836728571	0.003151389331	0.154202893110	-0.350772826665	0.003367915642	0.000909536671	0.028293298482	-0.178545023970	0.002466610952	0.000001496380	-0.006728680070	-0.093556399195	0.001527029472	-0.000314846082	-0.011096494596	-0.048976810444	0.001034017138	-0.000337628723	-0.008852284747	-0.027402135444	0.000669894550	-0.000277800397	-0.006075071533	-0.015845858536	0.000440484304	-0.000203166420	-0.003554626796	-0.009582457565	0.000343468433	-0.000127742170	-0.001936052824	-0.007106656421	0.000274008520	-0.000061190555	-0.000839816402	-0.005455559858	0.000247142282	-0.000024938801	-0.000337870513	-0.004384409836	0.000180469936	-0.000016743230	-0.000208065267	-0.002638084096
5000.000000000000	15.001278621031	5.630254522972	-1.857732786584	0.006463373634	0.007305899458	0.722901398396	-0.816950998152	0.005837958137	0.003150478716	0.154239722124	-0.350762585931	0.003374890545	0.000910422291	0.028342004186	-0.178573145910	0.002485349936	0.000000966111	-0.006760486142	-0.093549203743	0.001527728372	-0.000318278328	-0.011094524956	-0.048994760202	0.001025781213	-0.000336471101	-0.008867884035	-0.027408580194	0.000678816206	-0.000261624136	-0.006085223313	-0.015854867559	0.000448518592	-0.000197267135	-0.003558447895	-0.009584296873	0.000339880382	-0.000124030150	-0.001937225888	-0.007109821501	0.000274436631	-0.000060201967	-0.000840824496	-0.005457132718	0.000247978800	-0.000023195227	-0.000338532087	-0.004383978681	0.000187829303	-0.000012142541	-0.000208836974	-0.002638146802
5000.000000000000	14.999514233336	5.628842858205	-1.857353776143	0.006456876115	0.007296496375	0.722960816551	-0.816864237303	0.005844664766	0.003169746154	0.154278572090	-0.350722196911	0.003367521806	0.000901102299	0.028395012487	-0.178552138154	0.002477202672	0.000004974678	-0.006687796509	-0.093564603162	0.001522061433	-0.000309940021	-0.011067071987	-0.048993789872	0.001027615910	-0.000333847505	-0.008837403800	-0.027417655285	0.000679589649	-0.000275301449	-0.006065073736	-0.015865711301	0.000449368928	-0.000198192841	-0.003552508008	-0.009589441241	0.000341119543	-0.000128821439	-0.001933734776	-0.007110292385	0.000274490696	-0.000061757770	-0.000838757062	-0.005457558706	0.000247411697	-0.000023434868	-0.000337587789	-0.004384635177	0.000176616975	-0.000014521905	-0.000206258872	-0.002637698504
5000.000000000000	14.999942186586	5.626530070125	-1.856968400802	0.006456849624	0.007290431724	0.723066564295	-0.816839934972	0.005829542030	0.003158842012	0.154329398443	-0.350710990457	0.003372326792	0.000905784670	0.028424733605	-0.178550522063	0.002486219325	-0.000012895109	-0.006665249633	-0.093573885541	0.001527320419	-0.000315871416	-0.011061785997	-0.049006160812	0.001035489335	-0.000337059759	-0.008829153793	-0.027430632529	0.000665176034	-0.000288564665	-0.006075574989	-0.015855882429	0.000448881727	-0.000200348690	-0.003554530020	-0.009591951148	0.000339001996	-0.000122791561	-0.001936699596	-0.007112816766	0.000274275985	-0.000059925503	-0.000840699918	-0.005457967459	0.000247199182	-0.000024697449	-0.000338177450	-0.004383822053	0.000181287537	-0.000015682654	-0.000205138103	-0.002637913259
5000.000000000000	15.000275686209	5.625870529279	-1.856704343302	0.006454227486	0.007303335952	0.723111048023	-0.816850754924	0.005850774873	0.003173297790	0.154353024729	-0.350694723203	0.003378732435	0.000912776168	0.028448116259	-0.178537447419	0.002465620051	-0.000004477739	-0.006657806523	-0.093579710877	0.001528362928	-0.000316820776	-0.011048703654	-0.049006632453	0.001030229984	-0.000334600067	-0.008834745771	-0.027430427911	0.000707254816	-0.000289594595	-0.006069427736	-0.015866190270	0.000445758357	-0.000198781977	-0.003555903088	-0.009593652299	0.000338845314	-0.000119410536	-0.001935169131	-0.007115406287	0.000274543044	-0.000060404217	-0.000839157589	-0.005457536795	0.000247131240	-0.000025931992	-0.000338682141	-0.004383518955	0.000179754417	-0.000016456252	-0.000206188225	-0.002637170028
