5000.000000000000	15.003195187335	5.600825954211	-1.850746836395	0.006450250962	0.007122220555	0.703504814659	-0.806002565920	0.005790959446	0.003036535350	0.147517637635	-0.346136059303	0.003356263625	0.000842904663	0.024716435684	-0.175550058921	0.002406274136	-0.000079175180	-0.008511105766	-0.091543739419	0.001493222583	-0.000337933570	-0.012259825998	-0.047748996246	0.000991263427	-0.000371078311	-0.009674364751	-0.026369927077	0.000655393178	-0.000283741084	-0.006524669392	-0.014970969265	0.000418266053	-0.000206952706	-0.003727387309	-0.008934692092	0.000313083380	-0.000121837679	-0.001973772946	-0.006607549373	0.000257094755	-0.000060732660	-0.000804487496	-0.005120853002	0.000237953363	-0.000023224880	-0.000285487247	-0.004182476670	0.000178577835	-0.000000826730	-0.000178242979	-0.002559956175
5000.000000000000	14.997489594398	5.620041043542	-1.856852658983	0.006470870249	0.007129658331	0.704636888809	-0.808630641771	0.005792413878	0.003047982298	0.147477016254	-0.346831734745	0.003349813238	0.000837924359	0.024766127331	-0.175803822985	0.002405894654	-0.000070088523	-0.008481608046	-0.091689426895	0.001494045668	-0.000338055969	-0.012257762288	-0.047833961100	0.000995242869	-0.000365525547	-0.009671460192	-0.026422400151	0.000654433369	-0.000290203576	-0.006514432070	-0.015012249726	0.000419639479	-0.000205763967	-0.003719687107	-0.008964167720	0.000315874900	-0.000121437299	-0.001969154100	-0.006638768172	0.000257288392	-0.000061213718	-0.000803119594	-0.005145873132	0.000239823970	-0.000024661467	-0.000286888140	-0.004204806417	0.000179684463	-0.000008874685	-0.000181484645	-0.002572556174
5000.000000000000	14.999344709925	5.629961388793	-1.859948431624	0.006467537525	0.007135264243	0.705453539493	-0.810064776397	0.005810778734	0.003055352259	0.147570945335	-0.347277618438	0.003351156729	0.000839819005	0.024806424895	-0.176021536717	0.002398385189	-0.000043223982	-0.008475308174	-0.091803202655	0.001485835133	-0.000357582600	-0.012258724841	-0.047898553247	0.000992271892	-0.000361148633	-0.009665487961	-0.026467990117	0.000649385905	-0.000296666765	-0.006514893396	-0.015040601120	0.000421169707	-0.000205767898	-0.003723272634	-0.008987267671	0.000317268941	-0.000120684731	-0.001966644315	-0.006654168057	0.000257744109	-0.000062173299	-0.000804375096	-0.005159799885	0.000239925731	-0.000024317061	-0.000288062656	-0.004215455485	0.000179909194	-0.000002930089	-0.000182891463	-0.002579001804
5000.000000000000	14.999550834574	5.637763711033	-1.862102801835	0.006477828234	0.007160256372	0.705929722069	-0.810990161417	0.005804565974	0.003057707063	0.147572159484	-0.347538106328	0.003359566829	0.000852135416	0.024833939194	-0.176131618068	0.002408116184	-0.000061612407	-0.008459806240	-0.091869943257	0.001507392796	-0.000348483833	-0.012256874726	-0.047943339285	0.000994201600	-0.000366707515	-0.009664325740	-0.026490032447	0.000654921923	-0.000292624750	-0.006513767544	-0.015057726483	0.000421231045	-0.000205357898	-0.003717934733	-0.009001226875	0.000316266465	-0.000119537487	-0.001967028909	-0.006666602915	0.000257810589	-0.000060475731	-0.000803339805	-0.005170367435	0.000238735268	-0.000023921124	-0.000290331017	-0.004223222332	0.000174816096	-0.000009238721	-0.000184573227	-0.002583103721
5000.000000000000	14.998934190644	5.643182977217	-1.863644518366	0.006474067408	0.007160988982	0.706201408449	-0.811644847918	0.005840501312	0.003061062510	0.147563486664	-0.347717400612	0.003366528642	0.000859634258	0.024829428161	-0.176190747992	0.002417940394	-0.000057322539	-0.008480850919	-0.091886389312	0.001499529114	-0.000345631061	-0.012254864102	-0.047963485094	0.000996093691	-0.000363052817	-0.009663926193	-0.026505843926	0.000658282599	-0.000291767226	-0.006512463458	-0.015071231306	0.000422234124	-0.000204807228	-0.003718503653	-0.009009569453	0.000313843366	-0.000122580506	-0.001968330520	-0.006674259716	0.000260224879	-0.000062121987	-0.000804657498	-0.005178191666	0.000239449037	-0.000023381698	-0.000291642042	-0.004228072252	0.000175084271	-0.000004945301	-0.000185974954	-0.002585010397
5000.000000000000	14.997946043060	5.649751539394	-1.865060065392	0.006475426576	0.007165388241	0.706473592837	-0.812184131577	0.005823000464	0.003039506945	0.147574758181	-0.347872249425	0.003366668107	0.000842585728	0.024866613073	-0.176249616778	0.002419542724	-0.000067083552	-0.008488892100	-0.091951164341	0.001481936777	-0.000339845342	-0.012257245563	-0.047989882252	0.000993843592	-0.000361535019	-0.009663693251	-0.026523280121	0.000654546079	-0.000300452290	-0.006510098383	-0.015084307076	0.000423244574	-0.000206542077	-0.003716754505	-0.009018103305	0.000320495947	-0.000118474525	-0.001966785266	-0.006683622096	0.000260118120	-0.000059507711	-0.000803775092	-0.005183668446	0.000240246450	-0.000022453730	-0.000291729265	-0.004233219809	0.000182729135	-0.000007615450	-0.000185698236	-0.002587362452
5000.000000000000	14.998813649883	5.654310637629	-1.866025932369	0.006493856296	0.007160108427	0.706743975350	-0.812635708529	0.005819639804	0.003045706143	0.147604071074	-0.347981335728	0.003370106728	0.000849801319	0.024909539294	-0.176332248039	0.002412020246	-0.000057580647	-0.008499548313	-0.091998133176	0.001487389514	-0.000341016299	-0.012251626953	-0.048011530439	0.000994513090	-0.000360494056	-0.009656693282	-0.026547496440	0.000648542447	-0.000292000245	-0.006506618198	-0.015098820522	0.000421536555	-0.000206784160	-0.003716592265	-0.009025043622	0.000314066844	-0.000122526536	-0.001964975836	-0.006690657196	0.000261740903	-0.000063411859	-0.000805717035	-0.005189680483	0.000241029854	-0.000023351437	-0.000293694137	-0.004237807885	0.000177421532	-0.000003075172	-0.000185698583	-0.002588994582
5000.000000000000	14.999717187867	5.661265340189	-1.867200034333	0.006514876484	0.007167025631	0.706850052632	-0.813060072042	0.005828992612	0.003054854159	0.147556392090	-0.348083510047	0.003362252289	0.000838433632	0.024903307834	-0.176348843963	0.002416972685	-0.000089980787	-0.008499698756	-0.091991071873	0.001500737928	-0.000341219464	-0.012256117134	-0.048026222350	0.000991706543	-0.000355137854	-0.009659248836	-0.026550434356	0.000658350639	-0.000297253623	-0.006509476739	-0.015102771460	0.000423224135	-0.000207492311	-0.003722625419	-0.009027810861	0.000314589521	-0.000121601665	-0.001967780542	-0.006696930917	0.000259023758	-0.000061833295	-0.000807890261	-0.005192812218	0.000241308957	-0.000023715415	-0.000296333436	-0.004240241069	0.000179569931	-0.000001296410	-0.000189189650	-0.002590182496
5000.000000000000	15.000055903666	5.670481200041	-1.868182313157	0.006498068712	0.007178690281	0.707019437415	-0.813291605428	0.005826409884	0.003058544301	0.147589420176	-0.348140854384	0.003361138802	0.000847666913	0.024943616376	-0.176393774742	0.002414179114	-0.000059316917	-0.008475152356	-0.092042008507	0.001494884363	-0.000344094686	-0.012240521721	-0.048043346004	0.000993811939	-0.000360485925	-0.009649754529	-0.026559052637	0.000659462792	-0.000297159236	-0.006504232292	-0.015111995562	0.000424181675	-0.000204595994	-0.003715927365	-0.009035899135	0.000317803241	-0.000119910728	-0.001967862924	-0.006699999740	0.000258970020	-0.000061896658	-0.000807495771	-0.005195861634	0.000241773700	-0.000024673846	-0.000293940390	-0.004242583743	0.000175004907	-0.000008685509	-0.000187923204	-0.002591455861
5000.000000000000	14.999355610662	5.673060382565	-1.868563283659	0.006496042813	0.007180230427	0.707172290884	-0.813487181316	0.005837858762	0.003046032259	0.147620811586	-0.348173815056	0.003360933872	0.000856101355	0.024968648562	-0.176381373029	0.002403026096	-0.000054201320	-0.008454772105	-0.092031525256	0.001510967397	-0.000363824660	-0.012222330902	-0.048067798733	0.000997147490	-0.000366699671	-0.009640622134	-0.026569617499	0.000653863975	-0.000294302486	-0.006495971225	-0.015119150489	0.000422649576	-0.000204466158	-0.003711506851	-0.009042474208	0.000316555980	-0.000119863570	-0.001963259195	-0.006707792095	0.000260485819	-0.000060366638	-0.000803601580	-0.005197678148	0.000241243559	-0.000022835949	-0.000290836748	-0.004244089174	0.000175352906	-0.000005754121	-0.000187192640	-0.002593324586
5000.000000000000	14.997768006755	5.674129973791	-1.869178208912	0.006492020369	0.007173878448	0.707267023378	-0.813784614949	0.005833038845	0.003048440321	0.147599665785	-0.348233216789	0.003355163047	0.000863905465	0.024977066090	-0.176424409306	0.002436150161	-0.000066520834	-0.008453627287	-0.092089925020	0.001492618712	-0.000338311623	-0.012219380850	-0.048074494835	0.000994633933	-0.000363040790	-0.009638006071	-0.026576084686	0.000656486608	-0.000293463318	-0.006498037320	-0.015125990609	0.000422776221	-0.000205103749	-0.003712228297	-0.009045907882	0.000315457675	-0.000118971911	-0.001964186842	-0.006706206585	0.000258025628	-0.000059819789	-0.000806823096	-0.005201420125	0.000240582340	-0.000022519619	-0.000293923491	-0.004247396323	0.000182309704	-0.000000696593	-0.000187805764	-0.002593850267
5000.000000000000	14.999277168629	5.674469983041	-1.869554221240	0.006516200093	0.007191452282	0.707413893035	-0.814063493522	0.005840102784	0.003044358268	0.147606096847	-0.348300125112	0.003363710773	0.000850062731	0.024989736009	-0.176464325856	0.002427392021	-0.000064950175	-0.008449668381	-0.092095736656	0.001501311241	-0.000359415487	-0.012221876489	-0.048088942285	0.000996478523	-0.000363931856	-0.009642405187	-0.026585332920	0.000662470255	-0.000290492852	-0.006503477270	-0.015132346611	0.000423921606	-0.000208504434	-0.003720349896	-0.009049358378	0.000318105719	-0.000122462043	-0.001968720962	-0.006711927508	0.000262590574	-0.000059331010	-0.000809095757	-0.005206404350	0.000241320941	-0.000024681454	-0.000296167674	-0.004247914385	0.000176304857	-0.000010319187	-0.000188864245	-0.002593697109
5000.000000000000	14.999838114743	5.677808062967	-1.870041017077	0.006510551512	0.007170581188	0.707512188972	-0.814271748769	0.005823799523	0.003056247126	0.147604772176	-0.348349698618	0.003358029986	0.000858751854	0.025005945302	-0.176483733265	0.002417974149	-0.000076771910	-0.008457332427	-0.092133805163	0.001514666571	-0.000357712579	-0.012223092325	-0.048100079143	0.000994465894	-0.000363044663	-0.009643392924	-0.026593315716	0.000656762967	-0.000288374106	-0.006503918103	-0.015141099333	0.000423891841	-0.000204019307	-0.003721579913	-0.009055232830	0.000317224884	-0.000118719643	-0.001968119469	-0.006713428882	0.000258674258	-0.000061083373	-0.000809301173	-0.005208005454	0.000241770341	-0.000024820148	-0.000296486403	-0.004250036310	0.000183488651	-0.000006354004	-0.000188849056	-0.002594769154
5000.000000000000	15.000445121627	5.680551425213	-1.870458840649	0.006519880244	0.007172814814	0.707610207962	-0.814449992109	0.005838965060	0.003053542829	0.147628731530	-0.348388261049	0.003345352062	0.000850805844	0.025036439514	-0.176492514022	0.002419917972	-0.000059362186	-0.008440699270	-0.092145322731	0.001492013653	-0.000356054007	-0.012230294922	-0.048097347529	0.000994176741	-0.000365661640	-0.009643147234	-0.026601079669	0.000650465207	-0.000289775385	-0.006502716483	-0.015145924773	0.000424738388	-0.000206514271	-0.003717714779	-0.009056879443	0.000315348514	-0.000119476463	-0.001968431792	-0.006716917967	0.000260610947	-0.000060846490	-0.000810609929	-0.005207924246	0.000242430026	-0.000024086523	-0.000297685228	-0.004250137113	0.000174989113	-0.000007625479	-0.000188773892	-0.002594550168
5000.000000000000	14.999051884682	5.682288646091	-1.870672862987	0.006491387469	0.007187900385	0.707683481581	-0.814536594306	0.005849088902	0.003042822125	0.147630920517	-0.348387158875	0.003363974397	0.000848309224	0.025056864088	-0.176505936683	0.002423401981	-0.000046342604	-0.008412994384	-0.092165265451	0.001525334747	-0.000358333782	-0.012211980474	-0.048116789019	0.000994230021	-0.000364963885	-0.009630810849	-0.026608670113	0.000654813952	-0.000299830591	-0.006491980221	-0.015152456291	0.000422345643	-0.000206986605	-0.003715835441	-0.009062103706	0.000316804218	-0.000123584428	-0.001965840187	-0.006719312562	0.000260788497	-0.000060674894	-0.000808625505	-0.005211677316	0.000241912338	-0.000023596560	-0.000297482192	-0.004252241465	0.000177245042	-0.000013195910	-0.000188924956	-0.002595319958
5000.000000000000	14.999507397535	5.682584441996	-1.870732361507	0.006505566979	0.007177903883	0.707868449035	-0.814673236115	0.005827910400	0.003058912752	0.147692483653	-0.348429227123	0.003360099955	0.000854736795	0.025098763650	-0.176531627176	0.002423062346	-0.000055565993	-0.008378770220	-0.092184745677	0.001509037605	-0.000343572795	-0.012197575674	-0.048129558564	0.000998090552	-0.000363875432	-0.009621647487	-0.026617866306	0.000659453956	-0.000294589256	-0.006490375269	-0.015159451338	0.000422089478	-0.000205323349	-0.003714959102	-0.009065338017	0.000316360984	-0.000122868394	-0.001965806580	-0.006722152746	0.000260231233	-0.000062539881	-0.000810431798	-0.005209648941	0.000241212635	-0.000023795569	-0.000295347645	-0.004253010954	0.000182848811	-0.000009557426	-0.000187651340	-0.002596321282
5000.000000000000	14.999490601425	5.685476117088	-1.871048302370	0.006513203821	0.007176824450	0.707966032042	-0.814803869764	0.005847493064	0.003062616371	0.147706218069	-0.348444910193	0.003348553248	0.000853461544	0.025148075655	-0.176551707235	0.002416630907	-0.000069729647	-0.008379789499	-0.092190095787	0.001509668151	-0.000321789398	-0.012197166748	-0.048139786793	0.000992611506	-0.000364328753	-0.009617550221	-0.026627453080	0.000651316830	-0.000293168844	-0.006488087969	-0.015164997985	0.000423142615	-0.000203222249	-0.003714044363	-0.009070483199	0.000317729935	-0.000122080327	-0.001965377211	-0.006724510830	0.000261942882	-0.000061619106	-0.000807461985	-0.005211122508	0.000241946080	-0.000024091128	-0.000294127371	-0.004252349528	0.000186409255	-0.000007721782	-0.000187735326	-0.002597198760
5000.000000000000	14.999267280504	5.688101412442	-1.871386513814	0.006504178591	0.007161910152	0.708061354929	-0.814932788728	0.005834857060	0.003046084884	0.147743185467	-0.348481000112	0.003357017715	0.000865886682	0.025161769328	-0.176556653785	0.002421197989	-0.000040709704	-0.008354578260	-0.092217879002	0.001500307850	-0.000342417040	-0.012196614477	-0.048142945448	0.000991668838	-0.000360875672	-0.009618682238	-0.026630819003	0.000653529429	-0.000288988125	-0.006489925422	-0.015169993969	0.000424271834	-0.000204312009	-0.003715051062	-0.009073299085	0.000318716001	-0.000118953338	-0.001967172364	-0.006725822172	0.000260390417	-0.000060276759	-0.000809582701	-0.005212759615	0.000239830345	-0.000023610098	-0.000294149545	-0.004253006101	0.000173866060	-0.000009026601	-0.000188210034	-0.002595678720
5000.000000000000	14.998227865900	5.687225325135	-1.871315366359	0.006520850466	0.007184692601	0.708187270266	-0.815006645568	0.005856168801	0.003047708259	0.147771533808	-0.348499906144	0.003351467399	0.000855752288	0.025197046674	-0.176577436487	0.002425513111	-0.000065000561	-0.008341650472	-0.092222256563	0.001510352386	-0.000345607175	-0.012158262080	-0.048161847554	0.000999813016	-0.000368696401	-0.009604180846	-0.026640382351	0.000657217655	-0.000294806749	-0.006483978700	-0.015177539394	0.000423761340	-0.000207590011	-0.003715391566	-0.009075790831	0.000318602523	-0.000120515090	-0.001966598016	-0.006730247611	0.000259645232	-0.000061754419	-0.000808877020	-0.005211431725	0.000241395991	-0.000022465419	-0.000294191613	-0.004257111866	0.000175257468	-0.000006454807	-0.000187594602	-0.002596649946
5000.000000000000	15.000828934351	5.689748328562	-1.871526996744	0.006518471101	0.007180629479	0.708376942836	-0.815144577780	0.005841362965	0.003038936640	0.147825356617	-0.348535166264	0.003349900987	0.000861117694	0.025250389519	-0.176607356791	0.002430365032	-0.000047135292	-0.008325975405	-0.092261527498	0.001500171810	-0.000361676232	-0.012139503873	-0.048188587734	0.001000232770	-0.000353518892	-0.009606669718	-0.026652611044	0.000656519585	-0.000289251386	-0.006488576866	-0.015189902638	0.000427468611	-0.000207439447	-0.003717568638	-0.009080118633	0.000316971354	-0.000121376806	-0.001964372122	-0.006733323453	0.000260912611	-0.000062408164	-0.000810912604	-0.005214961531	0.000240451881	-0.000023500150	-0.000294108082	-0.004256666666	0.000173722792	-0.000006943447	-0.000187072064	-0.002596751442
5000.000000000000	14.999834660284	5.689851878507	-1.871549093861	0.006507847905	0.007192735901	0.708416914180	-0.815217174530	0.005838092506	0.003059799333	0.147827482044	-0.348535158687	0.003356896326	0.000867762072	0.025261999269	-0.176608829359	0.002429124553	-0.000039249277	-0.008317010091	-0.092256460853	0.001513726600	-0.000339289273	-0.012149383325	-0.048177190675	0.000995297526	-0.000360613563	-0.009601281273	-0.026659213508	0.000654290491	-0.000293528367	-0.006485985083	-0.015189514782	0.000425935230	-0.000205188474	-0.003717640678	-0.009080890734	0.000319095098	-0.000122866353	-0.001966188258	-0.006734765119	0.000261039861	-0.000061926595	-0.000809153994	-0.005219339228	0.000241555880	-0.000022618901	-0.000295407111	-0.004256434977	0.000179040011	-0.000001095364	-0.000186632535	-0.002597395295
5000.000000000000	14.997847863263	5.691390494168	-1.871509285687	0.006518810126	0.007191803241	0.708581269616	-0.815231539336	0.005854245703	0.003044402483	0.147911823036	-0.348529586932	0.003344029652	0.000859273409	0.025330370623	-0.176615677390	0.002424273396	-0.000059694924	-0.008285743505	-0.092266883513	0.001507602382	-0.000353315913	-0.012133301091	-0.048196509838	0.000991887921	-0.000360051758	-0.009589637637	-0.026667818450	0.000660542484	-0.000291322074	-0.006480309780	-0.015197939032	0.000424960905	-0.000205835975	-0.003714010950	-0.009085624644	0.000318231597	-0.000121957645	-0.001962322970	-0.006736715615	0.000261109046	-0.000063192472	-0.000808269888	-0.005217355650	0.000241062896	-0.000024009114	-0.000293128576	-0.004259300692	0.000184768584	-0.000003687263	-0.000186167459	-0.002596241324
5000.000000000000	15.000836535969	5.693329428645	-1.871782854333	0.006530828828	0.007193429928	0.708727811787	-0.815422536500	0.005835657705	0.003055298481	0.147918193157	-0.348583064075	0.003353722579	0.000869623167	0.025356429159	-0.176655955515	0.002430681855	-0.000067209377	-0.008274359205	-0.092292755340	0.001509336383	-0.000348944961	-0.012133212703	-0.048201149658	0.001001028823	-0.000365535185	-0.009596052469	-0.026680944400	0.000654759055	-0.000286784234	-0.006485240329	-0.015208016084	0.000424862167	-0.000205223557	-0.003719027122	-0.009088637736	0.000318750503	-0.000120578887	-0.001968146417	-0.006742670048	0.000258574973	-0.000061663498	-0.000814541184	-0.005219411217	0.000243155731	-0.000025005696	-0.000295440153	-0.004259435752	0.000183507224	-0.000002123350	-0.000187628631	-0.002597752616
5000.000000000000	14.999982064031	5.696337096141	-1.871901555283	0.006507559563	0.007188693988	0.708810241085	-0.815432076894	0.005836384712	0.003049127936	0.147953540145	-0.348591801152	0.003341936457	0.000867732800	0.025380730321	-0.176660885121	0.002423357200	-0.000047904454	-0.008260861126	-0.092312633213	0.001508805758	-0.000346578565	-0.012119409841	-0.048210626637	0.000998809232	-0.000362140533	-0.009578120277	-0.026683153114	0.000653197145	-0.000289975889	-0.006475268317	-0.015213794123	0.000426938678	-0.000205427082	-0.003716168017	-0.009093268020	0.000318411366	-0.000120056423	-0.001967533795	-0.006743231707	0.000261308621	-0.000060188590	-0.000812857493	-0.005221571110	0.000242467935	-0.000026472620	-0.000295976189	-0.004261203819	0.000175172388	-0.000008220504	-0.000187103526	-0.002596076908
5000.000000000000	14.998761495077	5.698828210510	-1.872038873546	0.006525279490	0.007194931934	0.708921223507	-0.815477582869	0.005861297887	0.003046651167	0.148015062689	-0.348587429943	0.003358026682	0.000862982231	0.025423724031	-0.176668580850	0.002430361281	-0.000054218265	-0.008233825558	-0.092324613692	0.001499537855	-0.000348598715	-0.012121475614	-0.048213922482	0.000989912432	-0.000360964743	-0.009578920401	-0.026694691305	0.000652983882	-0.000291979032	-0.006470314795	-0.015216695497	0.000425894249	-0.000207241638	-0.003714210206	-0.009097886502	0.000316532259	-0.000119250644	-0.001967163954	-0.006744608438	0.000262014769	-0.000060279308	-0.000808853861	-0.005217295531	0.000240887064	-0.000023672474	-0.000292324559	-0.004259774432	0.000185332014	-0.000008065946	-0.000185633556	-0.002596343004
5000.000000000000	14.999975710238	5.698586949254	-1.872014435709	0.006508153703	0.007190822456	0.709048694768	-0.815570480945	0.005842615688	0.003057810149	0.148037582845	-0.348608935435	0.003342244607	0.000860069613	0.025448855562	-0.176696112230	0.002413044849	-0.000058651832	-0.008226606709	-0.092343036958	0.001516331885	-0.000349396310	-0.012128351030	-0.048215327629	0.001000666073	-0.000370955531	-0.009575432529	-0.026704097217	0.000651340491	-0.000290301371	-0.006477983288	-0.015226803838	0.000425984645	-0.000206529529	-0.003718021660	-0.009100486203	0.000319386813	-0.000123482798	-0.001970277883	-0.006746760259	0.000261869164	-0.000060653742	-0.000812555103	-0.005221235297	0.000241317179	-0.000023477634	-0.000290301910	-0.004260015722	0.000174554196	-0.000004989670	-0.000187266802	-0.002596023578
5000.000000000000	14.999600647332	5.700552074760	-1.872029476299	0.006527966084	0.007189976309	0.709191818767	-0.815587383476	0.005852944025	0.003054185241	0.148100603474	-0.348614813632	0.003347039509	0.000866965909	0.025500339782	-0.176703968843	0.002422622659	-0.000052658063	-0.008185514202	-0.092365582382	0.001500577493	-0.000351539501	-0.012104705435	-0.048243011819	0.001005171001	-0.000365327171	-0.009568783276	-0.026708986631	0.000658695629	-0.000289698005	-0.006472827446	-0.015234742484	0.000426446143	-0.000207102619	-0.003716089089	-0.009106785078	0.000318544315	-0.000121832480	-0.001969351343	-0.006750375458	0.000261359857	-0.000060163567	-0.000809976757	-0.005221627042	0.000243135992	-0.000023914075	-0.000293701401	-0.004260964409	0.000178586628	-0.000009850566	-0.000184562266	-0.002598124512
5000.000000000000	14.999206600791	5.699555934309	-1.871835467084	0.006530704145	0.007193883604	0.709288768768	-0.815621084233	0.005850151821	0.003042903804	0.148191219080	-0.348608985574	0.003339652789	0.000862928271	0.025544333840	-0.176689058136	0.002417467385	-0.000036944339	-0.008168809948	-0.092390893238	0.001517743163	-0.000342528156	-0.012095179823	-0.048243701906	0.001005497959	-0.000363867110	-0.009561558008	-0.026728055886	0.000657554842	-0.000295648709	-0.006474481152	-0.015235088118	0.000427786272	-0.000203776403	-0.003712853035	-0.009113056984	0.000317340958	-0.000121525325	-0.001968444002	-0.006748637735	0.000260995610	-0.000061632909	-0.000809606964	-0.005224482344	0.000241156186	-0.000023420899	-0.000293095161	-0.004259880147	0.000174399588	-0.000002045736	-0.000184154084	-0.002597724209
5000.000000000000	14.998766892512	5.702332915354	-1.871891349421	0.006525727916	0.007195376778	0.709450526198	-0.815651862898	0.005848657683	0.003055916705	0.148261829926	-0.348626436639	0.003350638892	0.000857811659	0.025590840094	-0.176691224561	0.002409812757	-0.000044489614	-0.008135614343	-0.092415506691	0.001511690584	-0.000336373608	-0.012070969955	-0.048259312201	0.001002419448	-0.000374974944	-0.009549594174	-0.026728093393	0.000661683526	-0.000298587404	-0.006466095386	-0.015244667999	0.000426036098	-0.000206999702	-0.003711979214	-0.009118926292	0.000319318551	-0.000122682728	-0.001967682781	-0.006750837488	0.000259008155	-0.000062264793	-0.000806321736	-0.005225498860	0.000240475083	-0.000026607368	-0.000291078553	-0.004259401452	0.000180493821	0.000000264760	-0.000183163716	-0.002598738846
5000.000000000000	15.000041688295	5.702912255497	-1.871808823405	0.006507182973	0.007188054026	0.709617037689	-0.815711799554	0.005850385802	0.003055826595	0.148361370342	-0.348659116731	0.003343560459	0.000862302941	0.025642642401	-0.176710541376	0.002421722503	-0.000049453390	-0.008109180917	-0.092460737405	0.001509073133	-0.000340079411	-0.012071493561	-0.048279283212	0.000998505472	-0.000364356475	-0.009543781829	-0.026749966364	0.000659036184	-0.000298904739	-0.006466664453	-0.015249737183	0.000427916842	-0.000202411624	-0.003709265698	-0.009123809241	0.000318796462	-0.000122236648	-0.001970972662	-0.006752620339	0.000261888350	-0.000060405878	-0.000804307583	-0.005229929761	0.000240482864	-0.000022525171	-0.000293822006	-0.004260365012	0.000183368430	-0.000010436531	-0.000180204951	-0.002600632751
5000.000000000000	15.000791812201	5.701503550657	-1.871610246331	0.006507271919	0.007199968526	0.709729396193	-0.815757854479	0.005831513595	0.003050120799	0.148392110629	-0.348668854001	0.003350180418	0.000863724135	0.025660276528	-0.176715670919	0.002411408775	-0.000050996187	-0.008094142295	-0.092456876704	0.001506325832	-0.000352462068	-0.012069860190	-0.048261219152	0.000994477301	-0.000359914294	-0.009542257016	-0.026760069479	0.000659709510	-0.000283688254	-0.006467581349	-0.015252080147	0.000425690799	-0.000205381340	-0.003711409176	-0.009128179040	0.000318130434	-0.000121494748	-0.001971833820	-0.006753204350	0.000262165517	-0.000061475189	-0.000806782885	-0.005229153994	0.000242106833	-0.000024603920	-0.000292020875	-0.004258224718	0.000177576896	-0.000001874523	-0.000180272576	-0.002599199924
5000.000000000000	14.998745662393	5.699218531984	-1.871482219671	0.006513017154	0.007183085755	0.709789201876	-0.815817726512	0.005851335633	0.003043845823	0.148400341398	-0.348673200028	0.003349865247	0.000877619699	0.025682787108	-0.176731522797	0.002430061317	-0.000041406453	-0.008090233911	-0.092462977858	0.001511805829	-0.000350111785	-0.012073518469	-0.048283583946	0.001001776395	-0.000353109091	-0.009543563099	-0.026760927039	0.000657683127	-0.000291583254	-0.006464894314	-0.015254544089	0.000425202928	-0.000207624866	-0.003713731968	-0.009127907973	0.000318442044	-0.000122333918	-0.001972411179	-0.006756144869	0.000261189444	-0.000061946797	-0.000807326623	-0.005229943679	0.000239596534	-0.000025949017	-0.000292930029	-0.004260335321	0.000177197968	-0.000009074692	-0.000181878250	-0.002600049027
5000.000000000000	15.000045285794	5.702822759785	-1.871498495051	0.006510247803	0.007204533343	0.709999250424	-0.815819727557	0.005842585693	0.003060331417	0.148514126713	-0.348694916173	0.003340323789	0.000863126738	0.025743437960	-0.176741828808	0.002419286530	-0.000060713029	-0.008056317934	-0.092499883644	0.001512991493	-0.000342457969	-0.012043305122	-0.048304408478	0.001019707404	-0.000366605074	-0.009530754085	-0.026781215693	0.000662107216	-0.000292398332	-0.006461033800	-0.015264493873	0.000427115775	-0.000207333486	-0.003711191994	-0.009136531948	0.000319567881	-0.000122010988	-0.001972939720	-0.006756711055	0.000259461206	-0.000064004607	-0.000807155262	-0.005229609579	0.000241621168	-0.000023621559	-0.000291925327	-0.004261774341	0.000178152899	-0.000002413281	-0.000179991946	-0.002600037396
5000.000000000000	15.000127121617	5.708180493154	-1.871674657254	0.006521574230	0.007201518502	0.710121108494	-0.815816912561	0.005848034104	0.003058580247	0.148572103841	-0.348678566850	0.003339783366	0.000865946163	0.025790909695	-0.176754467681	0.002434712319	-0.000033700316	-0.008030208448	-0.092516533288	0.001511373688	-0.000341817006	-0.012032273627	-0.048317305186	0.000993854056	-0.000356211413	-0.009522006114	-0.026795090245	0.000657564928	-0.000294123210	-0.006458702176	-0.015271334623	0.000429802621	-0.000206902132	-0.003709679347	-0.009137661418	0.000319741651	-0.000122790891	-0.001971132789	-0.006761557053	0.000261006131	-0.000060940729	-0.000805495360	-0.005233244324	0.000239176589	-0.000024383052	-0.000292163231	-0.004259544145	0.000183817365	-0.000000878924	-0.000179221132	-0.002598234652
5000.000000000000	15.002008609962	5.707592999329	-1.871455719603	0.006534453372	0.007206983406	0.710217388623	-0.815853393276	0.005859561687	0.003057045243	0.148610637322	-0.348705834110	0.003344162059	0.000859847534	0.025825130192	-0.176765099241	0.002430294384	-0.000047384056	-0.008009750930	-0.092527425344	0.001510275132	-0.000339603165	-0.012040101771	-0.048330811256	0.001010352734	-0.000368190673	-0.009515895131	-0.026797799100	0.000656622754	-0.000291016011	-0.006454766594	-0.015274600851	0.000425860564	-0.000203674889	-0.003708854820	-0.009143144789	0.000320903317	-0.000122971711	-0.001972316305	-0.006761608132	0.000261825967	-0.000061558294	-0.000807905847	-0.005230983041	0.000239047962	-0.000024002534	-0.000290611690	-0.004261468878	0.000180874549	-0.000001351350	-0.000179189027	-0.002597805048
5000.000000000000	15.000313000749	5.702119626407	-1.870861402163	0.006528040961	0.007191150610	0.710332022298	-0.815822611724	0.005853236908	0.003064294186	0.148639317718	-0.348673248142	0.003347980661	0.000850034098	0.025866650963	-0.176778259868	0.002414471675	-0.000045590542	-0.008004142210	-0.092504659626	0.001512572344	-0.000342987995	-0.012004771127	-0.048339552478	0.001005179128	-0.000351980187	-0.009503322484	-0.026780348518	0.000667849832	-0.000289747826	-0.006449714240	-0.015281418281	0.000428647762	-0.000209130940	-0.003709587001	-0.009140393990	0.000317663867	-0.000122318411	-0.001968365416	-0.006764782956	0.000262935034	-0.000060038002	-0.000804868831	-0.005230826106	0.000242514260	-0.000023510550	-0.000289800943	-0.004261084644	0.000181614317	0.000002344181	-0.000180072909	-0.002599394359
5000.000000000000	14.997292332944	5.699928056525	-1.870616217838	0.006515660885	0.007202822874	0.710500501318	-0.815829693374	0.005845905288	0.003035809016	0.148662754500	-0.348670359824	0.003336755024	0.000876067832	0.025923776753	-0.176796635033	0.002429583760	-0.000040678312	-0.007971470300	-0.092519206057	0.001516621716	-0.000333349283	-0.012002653682	-0.048359695684	0.001008345190	-0.000355249173	-0.009502666105	-0.026793554221	0.000655275941	-0.000282379600	-0.006443436048	-0.015291667248	0.000425968769	-0.000205372011	-0.003706768915	-0.009144880239	0.000320497933	-0.000121855335	-0.001965939702	-0.006767516927	0.000261142472	-0.000061383319	-0.000807966236	-0.005230818527	0.000241838480	-0.000022711482	-0.000286516939	-0.004263984094	0.000175161276	-0.000002166539	-0.000181648584	-0.002597707887
5000.000000000000	15.001692335084	5.696542804978	-1.870001212076	0.006506596726	0.007214566747	0.710744337152	-0.815874578418	0.005852180573	0.003045257369	0.148861487444	-0.348713724741	0.003342038069	0.000870057086	0.025997840348	-0.176790554655	0.002437147187	-0.000048210044	-0.007916159918	-0.092586940480	0.001513460231	-0.000335047447	-0.011963880636	-0.048372769692	0.000996247590	-0.000356289853	-0.009485958673	-0.026826564221	0.000657314746	-0.000295450881	-0.006442564463	-0.015300053546	0.000428726572	-0.000203317199	-0.003705150131	-0.009157615551	0.000318918524	-0.000120549144	-0.001969833568	-0.006769548295	0.000261704716	-0.000061327057	-0.000802831292	-0.005236446840	0.000241625425	-0.000024020999	-0.000291413446	-0.004262030672	0.000180817520	-0.000009515005	-0.000176515230	-0.002598151100
5000.000000000000	14.998448697260	5.693508806595	-1.869729734569	0.006523832465	0.007199972824	0.710803362832	-0.815860476811	0.005845587422	0.003067191121	0.148869305633	-0.348699485029	0.003356379338	0.000860703049	0.026009578345	-0.176806105019	0.002451607055	-0.000036163150	-0.007908195650	-0.092582527169	0.001509813619	-0.000339794958	-0.011965344853	-0.048385421267	0.000987589957	-0.000386340583	-0.009480403727	-0.026831244489	0.000655543191	-0.000293687731	-0.006441074510	-0.015303331868	0.000427167493	-0.000203192683	-0.003704401209	-0.009156166004	0.000319392639	-0.000121401151	-0.001966768757	-0.006771470592	0.000261289428	-0.000062241892	-0.000804165482	-0.005235349526	0.000242332204	-0.000024183550	-0.000287402610	-0.004263502830	0.000179858978	-0.000007822647	-0.000179540583	-0.002597717422
5000.000000000000	15.001736480799	5.693870061550	-1.869533907536	0.006514919467	0.007193412889	0.711015344774	-0.815936146177	0.005848921589	0.003043454258	0.148971008315	-0.348717538724	0.003350171219	0.000877789355	0.026075622339	-0.176831580320	0.002425378235	-0.000042702215	-0.007886673191	-0.092614989910	0.001519125303	-0.000335268206	-0.011963572654	-0.048398835571	0.001019632609	-0.000382605898	-0.009477709063	-0.026849849837	0.000656909489	-0.000294670251	-0.006442653903	-0.015314019462	0.000426162828	-0.000206666219	-0.003705837053	-0.009162279436	0.000320865696	-0.000119232720	-0.001971065304	-0.006774360847	0.000261645090	-0.000061327031	-0.000807188301	-0.005237288674	0.000239117636	-0.000022305236	-0.000287755211	-0.004261450007	0.000174412289	-0.000007790507	-0.000176173891	-0.002597262142
5000.000000000000	14.999931469612	5.691976235872	-1.869262883620	0.006502150887	0.007198932893	0.711136778164	-0.815899475814	0.005850515416	0.003050929936	0.148998558320	-0.348704011233	0.003347787946	0.000868348659	0.026119966083	-0.176853864628	0.002421953728	-0.000054013044	-0.007859246421	-0.092621519101	0.001513631165	-0.000332388769	-0.011942756405	-0.048416597318	0.001018028571	-0.000361768378	-0.009473224599	-0.026843316675	0.000659038642	-0.000284128769	-0.006436679982	-0.015318796341	0.000427453110	-0.000204905944	-0.003705444476	-0.009161863622	0.000321756892	-0.000121801319	-0.001967967815	-0.006773282291	0.000261007611	-0.000060305652	-0.000804324292	-0.005237631821	0.000243555008	-0.000024786546	-0.000286535212	-0.004260281838	0.000173916014	-0.000011377857	-0.000178189974	-0.002599048070
5000.000000000000	14.999388935867	5.689985761103	-1.869018353390	0.006512076962	0.007208947239	0.711270925229	-0.815929275170	0.005837287420	0.003040809503	0.149062839541	-0.348729232823	0.003340958873	0.000866972615	0.026164610610	-0.176874585267	0.002424821594	-0.000039031681	-0.007834822088	-0.092639314688	0.001513782844	-0.000336530613	-0.011943185374	-0.048422376267	0.001011886791	-0.000361155511	-0.009456289284	-0.026847387457	0.000656483938	-0.000277910228	-0.006431325191	-0.015322586495	0.000430170636	-0.000203072647	-0.003706445281	-0.009168377851	0.000320433855	-0.000123914819	-0.001969837938	-0.006777010274	0.000261446348	-0.000061915755	-0.000802722153	-0.005238371503	0.000243744599	-0.000024307936	-0.000287012709	-0.004263702936	0.000185773210	-0.000008089788	-0.000178425545	-0.002599864171
5000.000000000000	15.001360305622	5.688560375528	-1.868560895046	0.006500411187	0.007213269561	0.711516233779	-0.815921667436	0.005836335593	0.003041799432	0.149181429104	-0.348726494876	0.003345856948	0.000877718720	0.026236295287	-0.176880357704	0.002449336440	-0.000027587826	-0.007795827281	-0.092676130178	0.001518265828	-0.000329873984	-0.011917980932	-0.048439852756	0.000991266157	-0.000361900219	-0.009452854510	-0.026866813230	0.000667845987	-0.000290653462	-0.006431373592	-0.015335942902	0.000429923060	-0.000203353747	-0.003702907228	-0.009173485917	0.000320109729	-0.000122338367	-0.001967383117	-0.006781131640	0.000263847683	-0.000061238046	-0.000803010151	-0.005239829697	0.000241983520	-0.000025138655	-0.000286344766	-0.004263472309	0.000177140579	-0.000000518972	-0.000175562684	-0.002599472085
5000.000000000000	14.999824050346	5.686327730321	-1.868197921640	0.006497668844	0.007197413294	0.711614250337	-0.815901327265	0.005847807959	0.003038108353	0.149218020581	-0.348720044651	0.003346734525	0.000870735102	0.026279754262	-0.176900563944	0.002416977496	-0.000031299075	-0.007788824660	-0.092666802314	0.001513724215	-0.000343113488	-0.011904517365	-0.048453470361	0.001007472700	-0.000358887140	-0.009450065787	-0.026868690313	0.000662295585	-0.000293407159	-0.006425110680	-0.015345537745	0.000428540510	-0.000205042572	-0.003704148115	-0.009173200462	0.000319106802	-0.000119584251	-0.001966551673	-0.006781848024	0.000260698699	-0.000060455745	-0.000803698169	-0.005240311291	0.000241318530	-0.000023966974	-0.000282459149	-0.004263133970	0.000181620284	0.000000266598	-0.000174803687	-0.002599037838
5000.000000000000	15.000727489180	5.686245881677	-1.867951345518	0.006450369176	0.007192232726	0.711829557741	-0.815933258962	0.005851091348	0.003059270058	0.149296954717	-0.348736203920	0.003326041221	0.000850259311	0.026336284834	-0.176923170162	0.002448795836	-0.000033596662	-0.007750776734	-0.092689400825	0.001385877161	-0.000197079588	-0.011885662525	-0.048466154830	0.001022820260	-0.000328583941	-0.009444682184	-0.026885319595	0.000653921727	-0.000321329861	-0.006421372915	-0.015353345874	0.000419341259	-0.000217249157	-0.003701102327	-0.009181185848	0.000332751729	-0.000201452202	-0.001963931210	-0.006786142184	0.000286464395	-0.000069945972	-0.000800876052	-0.005240941860	0.000180162121	-0.000023600522	-0.000283892676	-0.004262989113	0.000186496201	0.000007046799	-0.000175261379	-0.002599248089
5000.000000000000	14.999838111217	5.685792415104	-1.867775267474	0.006507268854	0.007228826634	0.712002252072	-0.815929505491	0.005832916273	0.003049230217	0.149351846074	-0.348732664325	0.003333581976	0.000871645256	0.026400368816	-0.176967288111	0.002446905273	-0.000027494134	-0.007726376717	-0.092696717756	0.001621340256	-0.000324621929	-0.011865847148	-0.048488783606	0.000995725603	-0.000369784971	-0.009436137259	-0.026886999794	0.000663689873	-0.000279426618	-0.006416445879	-0.015360246774	0.000427117604	-0.000204510218	-0.003699155050	-0.009183367629	0.000295474740	-0.000121217018	-0.001963664676	-0.006791165042	0.000261857983	-0.000061592305	-0.000804244199	-0.005238258805	0.000239033322	-0.000020917670	-0.000281486700	-0.004266587845	0.000170104369	-0.000008096035	-0.000175669254	-0.002598513077
5000.000000000000	15.001232728059	5.684621920740	-1.867672045684	0.006494667748	0.007216037428	0.712140763010	-0.816001047877	0.005837091145	0.003053833744	0.149399113008	-0.348768426576	0.003350939447	0.000861379969	0.026425601286	-0.176985957069	0.002419348940	-0.000045923192	-0.007715473280	-0.092715888048	0.001622067983	-0.000371538156	-0.011874992609	-0.048504137922	0.001026614538	-0.000352187438	-0.009431386880	-0.026894977755	0.000662056269	-0.000287401304	-0.006418823997	-0.015369377435	0.000430572217	-0.000201355948	-0.003704147023	-0.009185956283	0.000334167067	-0.000102960101	-0.001966732087	-0.006792857246	0.000262130278	-0.000061868869	-0.000805029573	-0.005239603449	0.000238084338	-0.000021078914	-0.000282290565	-0.004266709391	0.000184227776	-0.000003210066	-0.000175161423	-0.002600065053
5000.000000000000	15.000265863474	5.686778995652	-1.867504810104	0.006492780506	0.007216931359	0.712280705840	-0.815952246181	0.005854195524	0.003060410618	0.149476136921	-0.348746178144	0.003350155712	0.000863400141	0.026485581126	-0.176986755733	0.002442378066	-0.000034047238	-0.007684573733	-0.092735649531	0.001594876023	-0.000410208393	-0.011858068826	-0.048504732210	0.001009385875	-0.000352842837	-0.009418291371	-0.026898846800	0.000666314404	-0.000290550802	-0.006407404619	-0.015372287945	0.000428040975	-0.000202805473	-0.003700713505	-0.009188885105	0.000341125297	-0.000117907842	-0.001965337624	-0.006794894789	0.000259181358	-0.000058448230	-0.000805329814	-0.005240854641	0.000240053491	-0.000022912208	-0.000281544061	-0.004265200045	0.000183093662	-0.000006875794	-0.000176647953	-0.002599109855
5000.000000000000	14.999962223675	5.683736861344	-1.867015006128	0.006509174057	0.007183867976	0.712468511786	-0.815952246091	0.005860295540	0.003057799759	0.149558456800	-0.348750162470	0.003356429544	0.000870911406	0.026557183561	-0.176980724904	0.002437701653	-0.000026389718	-0.007644510635	-0.092755543037	0.001426027696	-0.000370003977	-0.011838559625	-0.048523826506	0.001018046042	-0.000365431542	-0.009433035943	-0.026931348256	0.000660876381	-0.000294740153	-0.006407023244	-0.015384658407	0.000432188017	-0.000203386800	-0.003699042068	-0.009195946220	0.000338720038	-0.000114208609	-0.001963632328	-0.006797666049	0.000262212107	-0.000059638312	-0.000802307755	-0.005243204877	0.000247447506	-0.000023610246	-0.000279163234	-0.004266901346	0.000175374991	-0.000003962529	-0.000172834296	-0.002599131747
5000.000000000000	14.999890856719	5.680969761785	-1.866748590613	0.006515489716	0.007278950005	0.712605894865	-0.815987392223	0.005831738251	0.003052578451	0.149625540728	-0.348767439563	0.003357083731	0.000868112623	0.026580048095	-0.177025825624	0.002406987322	0.000007312971	-0.007623030824	-0.092772768491	0.001667810552	-0.000369481914	-0.011839491896	-0.048539953665	0.001001728312	-0.000470433918	-0.009412410501	-0.026938629458	0.000666197478	-0.000292495138	-0.006406005292	-0.015389464257	0.000521793470	-0.000174638636	-0.003697302608	-0.009200328812	0.000254519575	-0.000051159636	-0.001965856846	-0.006798959949	0.000224582259	-0.000042070197	-0.000806182091	-0.005244802798	0.000236478852	-0.000014852947	-0.000280128885	-0.004265699816	0.000146019109	-0.000000384804	-0.000173699132	-0.002598270834
5000.000000000000	15.001611989368	5.679215689121	-1.866351261065	0.006513357283	0.007205223952	0.712782725509	-0.816006494001	0.005847126750	0.003056167468	0.149702185118	-0.348773108196	0.003337843596	0.000883369287	0.026645306328	-0.177045282024	0.002448147731	-0.000036702670	-0.007596564494	-0.092799944208	0.001522412765	-0.000333119513	-0.011818866467	-0.048548842093	0.001005988549	-0.000354758947	-0.009393503937	-0.026940646291	0.000667191418	-0.000293089915	-0.006405191971	-0.015398717318	0.000428879181	-0.000204677176	-0.003701172273	-0.009203611905	0.000323212237	-0.000120055548	-0.001964028127	-0.006801807540	0.000262226220	-0.000063399530	-0.000804424544	-0.005245032060	0.000241661880	-0.000024065479	-0.000278997462	-0.004266837558	0.000172803130	-0.000003122482	-0.000174025747	-0.002600138928
5000.000000000000	15.000204281263	5.680007237714	-1.866195040942	0.006512173577	0.007214539753	0.712907119608	-0.815983287052	0.005854151725	0.003076351591	0.149771611279	-0.348774358096	0.003348404238	0.000858698488	0.026685749787	-0.177043491846	0.002429652730	-0.000033650122	-0.007579234647	-0.092810272830	0.001465177503	-0.000431587041	-0.011804030906	-0.048556508732	0.001019460936	-0.000363876737	-0.009384595020	-0.026950547733	0.000559391512	-0.000207106102	-0.006404074942	-0.015402034722	0.000432682541	-0.000206204397	-0.003698125299	-0.009206503063	0.000397389208	-0.000036355443	-0.001964436926	-0.006803022947	0.000260722984	-0.000060605014	-0.000802956825	-0.005244155766	0.000303554103	-0.000053281978	-0.000277925836	-0.004265877690	0.000172613048	-0.000005518278	-0.000171367756	-0.002599878683
5000.000000000000	15.000609837614	5.678066161479	-1.865875317014	0.006503005732	0.007182197282	0.713089144225	-0.815970407411	0.005848075448	0.003068712127	0.149863812043	-0.348785266466	0.003338276015	0.000861848657	0.026736842224	-0.177053972924	0.002431198625	-0.000022179841	-0.007555319461	-0.092840251216	0.001464824666	-0.000358649887	-0.011789173528	-0.048576494132	0.001008091590	-0.000348423346	-0.009378662670	-0.026956179846	0.000660523516	-0.000285623192	-0.006402305886	-0.015406690123	0.000432068995	-0.000201192412	-0.003697558069	-0.009214540226	0.000356797537	-0.000103445519	-0.001963939275	-0.006805859126	0.000262038988	-0.000060208286	-0.000802319799	-0.005247499746	0.000243451903	-0.000037831453	-0.000278956080	-0.004267628310	0.000174787464	-0.000008043181	-0.000170833276	-0.002601446781
5000.000000000000	15.001049546566	5.676604339519	-1.865503957390	0.006480658405	0.007237265488	0.713282509859	-0.815980237463	0.005833147013	0.003074052804	0.149960386988	-0.348787954357	0.003343220154	0.000877696489	0.026795703618	-0.177065885593	0.002415532010	-0.000012524736	-0.007519595448	-0.092865477277	0.001520264686	-0.000269527436	-0.011763004224	-0.048589604696	0.001021534789	-0.000359682760	-0.009365043343	-0.026967419890	0.000672215285	-0.000296373867	-0.006392860351	-0.015420077074	0.000428723795	-0.000203776079	-0.003692000826	-0.009216123309	0.000312467157	-0.000155944951	-0.001962326956	-0.006809405049	0.000262160283	-0.000060363524	-0.000801592509	-0.005249184856	0.000252219243	-0.000033506443	-0.000274867472	-0.004267530594	0.000179042942	-0.000009161225	-0.000168215601	-0.002600420754
5000.000000000000	15.001644976768	5.676915409642	-1.865234342502	0.006517170599	0.007246327003	0.713451187223	-0.815953351072	0.005824681766	0.003077737002	0.150042899648	-0.348792422023	0.003328189752	0.000889023693	0.026849395810	-0.177071029411	0.002435295943	-0.000020984542	-0.007480000258	-0.092885125826	0.001453802078	-0.000336282650	-0.011755764461	-0.048608853261	0.001008309110	-0.000352406475	-0.009360687683	-0.026972090365	0.000661328460	-0.000288142330	-0.006392856886	-0.015420612935	0.000434513802	-0.000202324765	-0.003691491347	-0.009223883393	0.000296612509	-0.000094947577	-0.001963475600	-0.006810280977	0.000262285232	-0.000061956654	-0.000800586031	-0.005251290687	0.000243245065	-0.000013665225	-0.000275334142	-0.004265259811	0.000177116579	-0.000002756334	-0.000168467172	-0.002601085655
5000.000000000000	15.001237899020	5.675035577157	-1.864832186825	0.006518796095	0.007218476747	0.713546592484	-0.815931688385	0.005864517433	0.003059322033	0.150089022982	-0.348766048797	0.003337512151	0.000871114544	0.026896842875	-0.177055586243	0.002441793023	-0.000029203885	-0.007458184364	-0.092894965404	0.001521095836	-0.000336203247	-0.011739809858	-0.048611363011	0.001005644959	-0.000350902221	-0.009336790909	-0.026977833118	0.000665040606	-0.000289416504	-0.006385519959	-0.015432044077	0.000432633277	-0.000204643557	-0.003692870285	-0.009227395049	0.000325848564	-0.000122869065	-0.001961313573	-0.006812352335	0.000262462089	-0.000060618850	-0.000799046909	-0.005250424951	0.000242039163	-0.000023180382	-0.000275770221	-0.004268330662	0.000183590082	-0.000008183614	-0.000166898214	-0.002601815929
5000.000000000000	15.000693074577	5.672364426085	-1.864336392292	0.006520251611	0.007231259261	0.713715587229	-0.815883616469	0.005848295509	0.003065374297	0.150197205689	-0.348772217988	0.003343967435	0.000876407274	0.026953773133	-0.177075308370	0.002432173868	-0.000030200113	-0.007407727444	-0.092900617129	0.001517475826	-0.000329757170	-0.011720705138	-0.048618635324	0.001014531408	-0.000346502682	-0.009333003938	-0.026982717056	0.000665439183	-0.000285296465	-0.006379845429	-0.015435554279	0.000432582578	-0.000204956236	-0.003687667342	-0.009233146928	0.000320824012	-0.000123722400	-0.001961174482	-0.006814812360	0.000262654550	-0.000061159323	-0.000797486543	-0.005252094116	0.000241017320	-0.000022029955	-0.000272619051	-0.004268294142	0.000179197554	-0.000014688106	-0.000165894252	-0.002602833920
5000.000000000000	15.002515531129	5.669674490141	-1.864029324811	0.006511789150	0.007219596465	0.713866943748	-0.815935107945	0.005843560121	0.003068781869	0.150255239660	-0.348799279100	0.003343201352	0.000884607779	0.026980651168	-0.177105496616	0.002428344289	-0.000015979200	-0.007414193092	-0.092926384859	0.001519255667	-0.000336990710	-0.011717493891	-0.048634206429	0.001013706914	-0.000359974099	-0.009332001793	-0.026991373764	0.000653457727	-0.000287200670	-0.006377763697	-0.015443251827	0.000434322858	-0.000206071404	-0.003689935586	-0.009236510218	0.000322883298	-0.000124045476	-0.001963158975	-0.006815219223	0.000262451814	-0.000061063446	-0.000798177646	-0.005252396239	0.000241843357	-0.000024204574	-0.000275639776	-0.004268531058	0.000173617070	-0.000001153405	-0.000165807820	-0.002600909991
5000.000000000000	15.001441476447	5.667461564279	-1.863632000238	0.006523252454	0.007233319376	0.713942504959	-0.815878289955	0.005845734210	0.003071194838	0.150308202859	-0.348765084771	0.003329247414	0.000880748282	0.027027028177	-0.177081214413	0.002444167073	-0.000028536507	-0.007389311257	-0.092938603091	0.001521491533	-0.000331562567	-0.011709389297	-0.048634437596	0.001004933025	-0.000354359140	-0.009316210156	-0.027002428339	0.000661520371	-0.000289624217	-0.006378201527	-0.015447084819	0.000431709644	-0.000201646355	-0.003686610458	-0.009237209989	0.000322996081	-0.000122616927	-0.001960481547	-0.006814575176	0.000264434314	-0.000060025552	-0.000797896208	-0.005252457888	0.000241831054	-0.000022982580	-0.000272935171	-0.004269630921	0.000175462774	-0.000002081731	-0.000164476274	-0.002601713317
5000.000000000000	15.000628669939	5.665810564344	-1.863156322844	0.006521304840	0.007227647590	0.714137119085	-0.815848353671	0.005863267200	0.003060648798	0.150403431669	-0.348775895739	0.003340653682	0.000875601662	0.027090297767	-0.177076612971	0.002435144526	-0.000020926002	-0.007343089859	-0.092954855667	0.001524261894	-0.000329304077	-0.011686627082	-0.048641518418	0.001019189115	-0.000361316166	-0.009307070940	-0.027000972533	0.000664423216	-0.000293078832	-0.006367605279	-0.015451788945	0.000434156234	-0.000203587443	-0.003683604435	-0.009246000691	0.000321837643	-0.000121415762	-0.001958487597	-0.006818953917	0.000261946883	-0.000059949764	-0.000794499123	-0.005255149081	0.000242877911	-0.000023865131	-0.000272864010	-0.004267353658	0.000182796096	-0.000003434928	-0.000163440338	-0.002602537626
5000.000000000000	15.002512010708	5.665325080722	-1.862982221400	0.006507471608	0.007212856547	0.714304463606	-0.815886886479	0.005851007628	0.003065867527	0.150479823641	-0.348789430170	0.003338543421	0.000886353498	0.027143171851	-0.177099039616	0.002424492351	-0.000001415965	-0.007331952816	-0.092992194826	0.001521234375	-0.000332275223	-0.011676637305	-0.048663201706	0.001015843256	-0.000355471650	-0.009325064976	-0.027030153191	0.000664659672	-0.000290026666	-0.006367772157	-0.015461538306	0.000433927567	-0.000199932141	-0.003686865249	-0.009247562174	0.000324197445	-0.000120734234	-0.001959244761	-0.006822205918	0.000260892500	-0.000061001884	-0.000795263227	-0.005254714272	0.000241940709	-0.000023781911	-0.000270922581	-0.004267213004	0.000174481250	-0.000005667356	-0.000161903184	-0.002600578894
5000.000000000000	15.000374188517	5.665349845823	-1.862794986950	0.006523804787	0.007221168642	0.714414721851	-0.815847538128	0.005839135594	0.003075719649	0.150555605477	-0.348782194465	0.003344086381	0.000888608402	0.027185621061	-0.177112646079	0.002435171196	-0.000027232496	-0.007298660070	-0.092992434710	0.001520793180	-0.000333118598	-0.011662119936	-0.048671761955	0.001006188235	-0.000351077122	-0.009284970940	-0.027010530275	0.000665798087	-0.000298794008	-0.006361398922	-0.015466043943	0.000432046352	-0.000204921992	-0.003682904557	-0.009253548311	0.000323020016	-0.000121758285	-0.001960472323	-0.006821001505	0.000263372394	-0.000060756693	-0.000793996240	-0.005256004357	0.000241585748	-0.000022510410	-0.000269915501	-0.004267463064	0.000179607532	0.000003157631	-0.000161546578	-0.002600621115
5000.000000000000	15.001950092037	5.661527592444	-1.862160688257	0.006509390459	0.007214393488	0.714645889753	-0.815843145369	0.005840168303	0.003084202265	0.150649951820	-0.348790938602	0.003349420438	0.000876650072	0.027252600083	-0.177149599585	0.002444002128	-0.000017714571	-0.007260889904	-0.093020246090	0.001525839662	-0.000327012432	-0.011650300883	-0.048694097869	0.001010760947	-0.000354608124	-0.009321066419	-0.027038391657	0.000664417575	-0.000288057551	-0.006360034644	-0.015476052257	0.000433040273	-0.000204209803	-0.003683448371	-0.009259361950	0.000323544578	-0.000118432740	-0.001960615912	-0.006825399025	0.000262968831	-0.000061532683	-0.000795458805	-0.005257453351	0.000242169863	-0.000023817772	-0.000270696208	-0.004269106269	0.000183677710	-0.000012631231	-0.000161290713	-0.002601587124
5000.000000000000	15.002104037874	5.661471793905	-1.862135853597	0.006509296342	0.007234728559	0.714789749829	-0.815919574680	0.005844128333	0.003087191927	0.150697748572	-0.348815023440	0.003332001553	0.000881311760	0.027288179968	-0.177162646830	0.002447248853	-0.000015310119	-0.007240884580	-0.093040273372	0.001522324475	-0.000326930586	-0.011646152160	-0.048714228662	0.001015980762	-0.000353427522	-0.009293086266	-0.027060789324	0.000676128242	-0.000297515365	-0.006361261126	-0.015477224797	0.000432414627	-0.000204822659	-0.003687189503	-0.009261397424	0.000324501812	-0.000120516784	-0.001961525372	-0.006827159554	0.000262508636	-0.000062970572	-0.000795940686	-0.005258648101	0.000241401718	-0.000022581284	-0.000270412611	-0.004268458218	0.000179591312	-0.000009275283	-0.000160666042	-0.002601016242
5000.000000000000	15.002215407844	5.658252969987	-1.861629232537	0.006505180911	0.007232749360	0.714930108994	-0.815880362730	0.005854331618	0.003080847963	0.150780247205	-0.348806416536	0.003342226983	0.000892199002	0.027328884623	-0.177169522597	0.002433338335	-0.000012299082	-0.007227115859	-0.093062056429	0.001520513163	-0.000330778439	-0.011628833762	-0.048719154110	0.001011879539	-0.000360401772	-0.009296638983	-0.027062610808	0.000669765889	-0.000285266220	-0.006355338993	-0.015487480956	0.000430913465	-0.000200731650	-0.003683892071	-0.009265725318	0.000323690763	-0.000119838291	-0.001963263411	-0.006826464088	0.000262228599	-0.000059784205	-0.000796065716	-0.005259478123	0.000241987177	-0.000023899288	-0.000271423861	-0.004269131215	0.000181443214	-0.000006402376	-0.000161796036	-0.002601299800
5000.000000000000	15.003780208459	5.656414575533	-1.861179411619	0.006508930313	0.007247188199	0.715148131294	-0.815876293277	0.005843184187	0.003080739411	0.150888885089	-0.348808998643	0.003341529616	0.000894392822	0.027403237512	-0.177176897405	0.002425172536	-0.000016623225	-0.007181384898	-0.093099124850	0.001523589229	-0.000325706153	-0.011610574677	-0.048737447153	0.001019061059	-0.000347095040	-0.009284707859	-0.027076539671	0.000676311587	-0.000298835924	-0.006346987006	-0.015498105001	0.000435638485	-0.000200762868	-0.003680831394	-0.009273707941	0.000321793233	-0.000121615415	-0.001961262943	-0.006831699790	0.000262169037	-0.000060360312	-0.000793880274	-0.005261148124	0.000241845684	-0.000023321021	-0.000269264068	-0.004269863077	0.000180708042	0.000000495079	-0.000159578631	-0.002601692438
5000.000000000000	15.001807160796	5.653374232601	-1.860753187839	0.006503100265	0.007239347900	0.715206673060	-0.815830917588	0.005849558096	0.003087282088	0.150928925416	-0.348790177132	0.003335867820	0.000884746728	0.027439106263	-0.177175215941	0.002426971453	-0.000016015367	-0.007161680498	-0.093100067502	0.001521364758	-0.000326554745	-0.011604457442	-0.048733206826	0.001022764230	-0.000357286980	-0.009273583419	-0.027056801450	0.000681465052	-0.000292000392	-0.006350525734	-0.015498332593	0.000433868355	-0.000200545854	-0.003680952073	-0.009275589005	0.000322938255	-0.000120875939	-0.001961206074	-0.006831372922	0.000262915278	-0.000059587030	-0.000794086055	-0.005260551692	0.000241564562	-0.000023729921	-0.000269903714	-0.004268529999	0.000173328843	0.000000842047	-0.000158451780	-0.002601192236
5000.000000000000	15.002899886087	5.650103809977	-1.860285918393	0.006515734724	0.007218929283	0.715378963479	-0.815824099666	0.005836023834	0.003078807800	0.151015538382	-0.348814060273	0.003345033255	0.000887084386	0.027477509904	-0.177188279003	0.002443744311	-0.000008384562	-0.007131649317	-0.093126823396	0.001520543666	-0.000323039949	-0.011588604847	-0.048754614491	0.001011435241	-0.000347580544	-0.009258716204	-0.027098998216	0.000682332086	-0.000295937887	-0.006349925397	-0.015505778305	0.000435513775	-0.000204304885	-0.003678754314	-0.009281248870	0.000325575752	-0.000122938542	-0.001962202624	-0.006835440067	0.000265119655	-0.000062418499	-0.000794682892	-0.005264041271	0.000243503851	-0.000022832156	-0.000269829647	-0.004268574664	0.000176082957	0.000002584623	-0.000157342019	-0.002601176554
5000.000000000000	15.002420378865	5.650437067004	-1.860044529191	0.006528364530	0.007230709676	0.715571787162	-0.815813595732	0.005856361957	0.003083135903	0.151119678293	-0.348817704703	0.003335636757	0.000887004513	0.027543493602	-0.177197185356	0.002446916188	0.000002579577	-0.007113481083	-0.093154141437	0.001520810204	-0.000326658134	-0.011570770474	-0.048765762772	0.001018207374	-0.000355407752	-0.009243849493	-0.027102476569	0.000671271343	-0.000285136895	-0.006345724136	-0.015512820900	0.000437557976	-0.000203383193	-0.003677647783	-0.009287809390	0.000323327221	-0.000121305287	-0.001961684378	-0.006835539610	0.000263989953	-0.000060737966	-0.000791812842	-0.005264171268	0.000240078991	-0.000022950508	-0.000268424622	-0.004268795714	0.000183215072	-0.000002260030	-0.000157127394	-0.002601189049
5000.000000000000	15.004063510326	5.647881335862	-1.859595327063	0.006510577185	0.007219951898	0.715714729829	-0.815830700776	0.005839444834	0.003082059496	0.151142842225	-0.348805489542	0.003337041114	0.000890975004	0.027620158343	-0.177231868850	0.002443313755	-0.000003263871	-0.007081942020	-0.093154542159	0.001523679208	-0.000327260602	-0.011555849921	-0.048791149530	0.001003163091	-0.000351666300	-0.009262029117	-0.027118412858	0.000681611734	-0.000289726487	-0.006340355170	-0.015522437936	0.000434022444	-0.000204818241	-0.003679596201	-0.009287587950	0.000323729237	-0.000121844332	-0.001961532783	-0.006839249350	0.000261921998	-0.000058648136	-0.000795451440	-0.005263997810	0.000241984031	-0.000022535169	-0.000267234152	-0.004269899516	0.000176711176	-0.000005233202	-0.000156787833	-0.002600183101
5000.000000000000	15.003899850955	5.648496844224	-1.859473956783	0.006492205860	0.007232476512	0.715790934485	-0.815807017321	0.005862341378	0.003081777008	0.151215583159	-0.348812477628	0.003334438907	0.000886550595	0.027626891518	-0.177224633477	0.002452994665	0.000000021576	-0.007066310590	-0.093164343097	0.001523781374	-0.000326663474	-0.011546266614	-0.048783704766	0.001012115650	-0.000345812672	-0.009261244616	-0.027118403299	0.000670824914	-0.000281889951	-0.006338438774	-0.015525073758	0.000438884045	-0.000203545212	-0.003678410061	-0.009293560713	0.000324775863	-0.000123043851	-0.001960587082	-0.006839820694	0.000264331950	-0.000061780699	-0.000793470290	-0.005265913154	0.000241916481	-0.000025020161	-0.000268278243	-0.004270107923	0.000175002786	-0.000010063295	-0.000156975520	-0.002600937503
5000.000000000000	15.002119583539	5.649686948175	-1.859185781983	0.006497885752	0.007249273999	0.715933629741	-0.815719613236	0.005847078051	0.003094488765	0.151297623968	-0.348772293995	0.003337872189	0.000884183498	0.027683134508	-0.177193702698	0.002439312165	-0.000002315336	-0.007026193898	-0.093174076688	0.001526386044	-0.000324549368	-0.011520452454	-0.048792317361	0.001017665574	-0.000350095126	-0.009243181883	-0.027117462135	0.000667392045	-0.000287178618	-0.006332745404	-0.015534161899	0.000436445700	-0.000202915274	-0.003674464614	-0.009295661108	0.000324347502	-0.000120920592	-0.001960308338	-0.006840231560	0.000262873356	-0.000062614592	-0.000790377695	-0.005267872695	0.000240944117	-0.000023346347	-0.000267015351	-0.004268349645	0.000171637936	-0.000001528797	-0.000154247049	-0.002601800427
5000.000000000000	15.002507209697	5.644298484173	-1.858646313753	0.006521366225	0.007230783834	0.716140856239	-0.815726639556	0.005839528244	0.003092748213	0.151392440669	-0.348791731490	0.003334553479	0.000885863631	0.027754750374	-0.177217634363	0.002430197747	-0.000013654269	-0.006994422803	-0.093204963737	0.001524397393	-0.000327354352	-0.011510322328	-0.048808172452	0.001017173412	-0.000347164483	-0.009232332337	-0.027127953204	0.000667562066	-0.000290554807	-0.006320019799	-0.015540026270	0.000437192223	-0.000201640250	-0.003672460879	-0.009304667872	0.000322893370	-0.000123328093	-0.001959169342	-0.006844157605	0.000262161356	-0.000059367206	-0.000788369348	-0.005267744523	0.000242231552	-0.000023569966	-0.000265087189	-0.004267981214	0.000176156127	0.000002484867	-0.000154684228	-0.002600349583
5000.000000000000	15.002309961663	5.646146130032	-1.858471560431	0.006508470941	0.007238879811	0.716320763485	-0.815707976614	0.005855503749	0.003088416661	0.151499748682	-0.348778822253	0.003341173873	0.000877320232	0.027809981301	-0.177223098334	0.002421584257	-0.000008732667	-0.006954354913	-0.093235172272	0.001527458423	-0.000327336752	-0.011491440178	-0.048820277613	0.001015314739	-0.000350331370	-0.009219701267	-0.027140578872	0.000673207094	-0.000299147146	-0.006315520203	-0.015545637829	0.000435016221	-0.000202879269	-0.003670158207	-0.009308307128	0.000325109583	-0.000123188710	-0.001957045364	-0.006843573241	0.000263045509	-0.000059984998	-0.000786740232	-0.005270980814	0.000242679411	-0.000022370682	-0.000264387122	-0.004268988642	0.000180933694	-0.000000937928	-0.000152225489	-0.002600452502
5000.000000000000	15.003248835915	5.643925558205	-1.858075955929	0.006508465688	0.007221079250	0.716468002560	-0.815691642212	0.005840848320	0.003089986842	0.151565560874	-0.348781591520	0.003333838205	0.000895071177	0.027864287953	-0.177248369574	0.002438887195	-0.000001808121	-0.006931754484	-0.093250801688	0.001525348597	-0.000320841256	-0.011484355656	-0.048828809099	0.001011867728	-0.000346562130	-0.009203099355	-0.027172325846	0.000670107160	-0.000286035260	-0.006323309418	-0.015549418365	0.000439888826	-0.000201266470	-0.003670483812	-0.009311796900	0.000326610596	-0.000122602915	-0.001957720189	-0.006846734988	0.000263751865	-0.000059582241	-0.000787988437	-0.005271229300	0.000241523120	-0.000022097466	-0.000263385235	-0.004269270706	0.000178951323	-0.000008968890	-0.000151628440	-0.002601435488
5000.000000000000	15.001968291523	5.641744319777	-1.857726539387	0.006489635183	0.007249719097	0.716572758396	-0.815666764944	0.005834102753	0.003092241388	0.151621999568	-0.348784470223	0.003340010015	0.000889156443	0.027900641124	-0.177261672159	0.002455288171	-0.000018106408	-0.006910359488	-0.093255345060	0.001530714964	-0.000323436237	-0.011472394233	-0.048841706933	0.001020828555	-0.000348151576	-0.009206874223	-0.027179338124	0.000659539373	-0.000288792231	-0.006320637320	-0.015549523978	0.000439435854	-0.000202205451	-0.003670004625	-0.009314815883	0.000326352578	-0.000120041945	-0.001958144284	-0.006848027288	0.000261951593	-0.000062194743	-0.000787473961	-0.005271086817	0.000242710731	-0.000023873869	-0.000263649402	-0.004268430023	0.000186359789	0.000002608773	-0.000152258313	-0.002602709590
5000.000000000000	15.003339173999	5.640215767073	-1.857359906594	0.006515097364	0.007242824330	0.716716754031	-0.815674346480	0.005866871065	0.003089182933	0.151686221240	-0.348787676131	0.003340772452	0.000891539870	0.027940517540	-0.177258832048	0.002438940959	-0.000006887856	-0.006882824586	-0.093282607482	0.001525247663	-0.000324306338	-0.011465310176	-0.048854098424	0.001020596232	-0.000348468664	-0.009206291427	-0.027179988292	0.000672927747	-0.000294938378	-0.006319988541	-0.015559825619	0.000433890360	-0.000199669915	-0.003668665161	-0.009320859821	0.000326980308	-0.000119821689	-0.001958669470	-0.006849148921	0.000263219330	-0.000060018481	-0.000788694993	-0.005273448598	0.000241609890	-0.000023177621	-0.000265840301	-0.004266827018	0.000174007660	0.000001658675	-0.000151124426	-0.002601281555
5000.000000000000	15.002603895816	5.637928960237	-1.856891083505	0.006504268748	0.007236371800	0.716833816728	-0.815612190468	0.005840716476	0.003089617504	0.151760497359	-0.348752446962	0.003332859218	0.000895049091	0.027988241282	-0.177253400815	0.002421867230	-0.000007278917	-0.006844916676	-0.093278317715	0.001521653286	-0.000325783223	-0.011436957218	-0.048853437625	0.001014520612	-0.000342544129	-0.009182279596	-0.027183424536	0.000668369784	-0.000293682945	-0.006313419677	-0.015560906797	0.000434218822	-0.000203753462	-0.003664889512	-0.009322900700	0.000324549563	-0.000123270122	-0.001956438111	-0.006850640783	0.000263849478	-0.000061398450	-0.000787357578	-0.005273028902	0.000241272333	-0.000022598654	-0.000262479565	-0.004270309364	0.000176275861	-0.000009030436	-0.000150490621	-0.002600252098
5000.000000000000	15.002013435156	5.635795029320	-1.856580345633	0.006496587079	0.007265322618	0.716962184830	-0.815590210207	0.005846896258	0.003087212493	0.151816888736	-0.348760647575	0.003345784678	0.000896575002	0.028029093628	-0.177259563012	0.002458406270	-0.000007774137	-0.006843405947	-0.093292106482	0.001514732300	-0.000329509583	-0.011422301563	-0.048868574762	0.001024163310	-0.000347926381	-0.009192794096	-0.027190249242	0.000648863962	-0.000281564121	-0.006301888236	-0.015568431435	0.000435587568	-0.000201986186	-0.003663718472	-0.009328139630	0.000326729594	-0.000119185034	-0.001957528322	-0.006851973573	0.000264146548	-0.000060790801	-0.000783604501	-0.005274362039	0.000244041863	-0.000023073267	-0.000261456116	-0.004267946938	0.000181514875	-0.000007927330	-0.000150090703	-0.002601186188
5000.000000000000	15.002371319937	5.632492209023	-1.855855579975	0.006515455985	0.007241006340	0.717234196534	-0.815509990142	0.005842116713	0.003103350769	0.151967111512	-0.348755678394	0.003346690434	0.000900825787	0.028117509925	-0.177286481750	0.002439144845	0.000006005252	-0.006778275200	-0.093332601682	0.001533800220	-0.000325913842	-0.011401407083	-0.048885395534	0.001018150948	-0.000348885273	-0.009173693961	-0.027218321767	0.000656268409	-0.000289734584	-0.006305242885	-0.015581327519	0.000435917842	-0.000203248524	-0.003660586171	-0.009335020010	0.000326389194	-0.000120042746	-0.001954826370	-0.006857340919	0.000263529144	-0.000060949194	-0.000782517419	-0.005276748423	0.000241400095	-0.000023753013	-0.000260448451	-0.004268481281	0.000180935297	-0.000002300954	-0.000149055493	-0.002601409330
5000.000000000000	15.004619235141	5.629838309242	-1.855372751791	0.006489282747	0.007240179343	0.717360059721	-0.815518930188	0.005846532980	0.003090671302	0.152010101426	-0.348771336430	0.003336038909	0.000888354662	0.028160726893	-0.177307811877	0.002444695736	-0.000006057781	-0.006764634410	-0.093354124388	0.001537088634	-0.000324222393	-0.011397667297	-0.048904244471	0.001019711194	-0.000340205743	-0.009174970231	-0.027220646998	0.000659532230	-0.000297667296	-0.006307201252	-0.015589820526	0.000436174857	-0.000202253855	-0.003664198130	-0.009338967288	0.000324994313	-0.000119757477	-0.001957983834	-0.006857883278	0.000263097390	-0.000061051359	-0.000786034036	-0.005276444199	0.000241680231	-0.000022917655	-0.000262593441	-0.004269400015	0.000176580522	-0.000002502424	-0.000150316012	-0.002599754014
5000.000000000000	15.001102912472	5.630041642931	-1.855202219676	0.006506560546	0.007237398436	0.717398944699	-0.815452409915	0.005848103825	0.003107931424	0.152017348285	-0.348713139732	0.003341586923	0.000892660101	0.028200612591	-0.177298454525	0.002453880248	-0.000001356995	-0.006743629698	-0.093314666286	0.001523978466	-0.000336408015	-0.011383222394	-0.048905416095	0.001023028336	-0.000343697492	-0.009153676477	-0.027211949611	0.000671641320	-0.000284075250	-0.006288341256	-0.015588549979	0.000439376333	-0.000201571567	-0.003660947468	-0.009336075719	0.000324671907	-0.000121198278	-0.001952147027	-0.006859614168	0.000264250428	-0.000062139807	-0.000784103929	-0.005274624749	0.000242387578	-0.000023129163	-0.000256537448	-0.004270325724	0.000176294871	-0.000010402403	-0.000149641055	-0.002600208198
5000.000000000000	15.002374216445	5.628494340950	-1.854846994545	0.006506234666	0.007243567753	0.717592469035	-0.815450842591	0.005843562565	0.003119089136	0.152107513531	-0.348726562149	0.003337510289	0.000896399074	0.028265380761	-0.177301800248	0.002439356355	0.000006480665	-0.006711877549	-0.093347742000	0.001533488179	-0.000308488719	-0.011364355303	-0.048921913999	0.001015350251	-0.000349771604	-0.009150463885	-0.027230285461	0.000680246249	-0.000281075934	-0.006292071128	-0.015600016012	0.000436970261	-0.000204776641	-0.003657617707	-0.009340729031	0.000324449282	-0.000122011013	-0.001952708313	-0.006863698561	0.000263840429	-0.000061131555	-0.000783640228	-0.005277229787	0.000242204809	-0.000023445614	-0.000257429860	-0.004270076418	0.000188752040	-0.000010022635	-0.000148123309	-0.002599238650
5000.000000000000	15.001253604474	5.626502950980	-1.854431521474	0.006502723332	0.007248063736	0.717703930277	-0.815410913860	0.005856306275	0.003093356104	0.152184989556	-0.348702827100	0.003333483158	0.000898890047	0.028303450750	-0.177303930438	0.002453279008	0.000003223574	-0.006692988027	-0.093360368645	0.001533390108	-0.000327953413	-0.011350187442	-0.048919778724	0.001015181405	-0.000344844533	-0.009132443883	-0.027237110961	0.000685372153	-0.000281665524	-0.006278890364	-0.015604511095	0.000437973283	-0.000201426296	-0.003653249306	-0.009347449190	0.000326318940	-0.000122536663	-0.001948728837	-0.006862081496	0.000265888196	-0.000060219344	-0.000781593504	-0.005277601738	0.000242661932	-0.000023340232	-0.000254709489	-0.004268728870	0.000187383296	-0.000002959358	-0.000147089215	-0.002601297559
5000.000000000000	15.002628276188	5.624965362344	-1.854019042860	0.006502904819	0.007248326735	0.717855021049	-0.815372491141	0.005860777956	0.003111566879	0.152261943336	-0.348691697154	0.003340115116	0.000898531001	0.028367599308	-0.177301273286	0.002458078276	0.000009758774	-0.006658062948	-0.093379272201	0.001528838221	-0.000326727387	-0.011329302329	-0.048932632711	0.001016742581	-0.000343241224	-0.009126030017	-0.027263150098	0.000668820123	-0.000295718980	-0.006283647499	-0.015608715258	0.000437940685	-0.000203293406	-0.003654321173	-0.009348908318	0.000328718118	-0.000117746318	-0.001948522771	-0.006865316934	0.000264173557	-0.000059494425	-0.000781138292	-0.005279870174	0.000240482833	-0.000022687257	-0.000257465562	-0.004270161155	0.000181335148	-0.000005508731	-0.000147466898	-0.002600464302
5000.000000000000	15.001092962687	5.623698500803	-1.853722941366	0.006505267074	0.007239057034	0.717985317796	-0.815336794919	0.005840495845	0.003090875578	0.152341457453	-0.348682727813	0.003339808222	0.000898196996	0.028410353835	-0.177306791727	0.002446023144	0.000002633243	-0.006633323389	-0.093399118955	0.001533303479	-0.000308400955	-0.011314591746	-0.048944223395	0.001020516022	-0.000343075891	-0.009110087678	-0.027252950584	0.000672163065	-0.000292281686	-0.006280556952	-0.015619076712	0.000439995643	-0.000203116950	-0.003653271942	-0.009356806022	0.000324056200	-0.000123205481	-0.001948570857	-0.006866969820	0.000262571410	-0.000059551744	-0.000779135001	-0.005280982771	0.000241644662	-0.000022014266	-0.000253807708	-0.004268307242	0.000181877583	0.000001569554	-0.000145685877	-0.002600512891
5000.000000000000	15.001135308708	5.622417911778	-1.853423779451	0.006493745438	0.007232322089	0.718099792431	-0.815357464913	0.005852343635	0.003101370277	0.152382505562	-0.348689069069	0.003328667043	0.000896866548	0.028445818368	-0.177312200266	0.002460348331	0.000014353991	-0.006618906821	-0.093416084059	0.001522541001	-0.000311032417	-0.011311124694	-0.048952457270	0.001020027059	-0.000340087058	-0.009113415168	-0.027264876946	0.000675652336	-0.000289535435	-0.006273703447	-0.015631062535	0.000436570088	-0.000200387120	-0.003651364852	-0.009358407787	0.000324229073	-0.000122298699	-0.001951094514	-0.006866826712	0.000266051079	-0.000059063569	-0.000782420460	-0.005282245972	0.000241367886	-0.000023679732	-0.000255167068	-0.004269046287	0.000179529534	-0.000012858497	-0.000144776573	-0.002600022664
5000.000000000000	15.000813455783	5.619348897204	-1.853009906711	0.006502282261	0.007255520503	0.718213988483	-0.815323918046	0.005846794355	0.003108703308	0.152436111318	-0.348689249819	0.003346800215	0.000895582289	0.028479922859	-0.177311805089	0.002440363761	0.000008337344	-0.006580256918	-0.093430297055	0.001530083512	-0.000322190719	-0.011298417299	-0.048957335074	0.001015994879	-0.000344053188	-0.009108316762	-0.027281854152	0.000683814778	-0.000277728374	-0.006273839594	-0.015621356947	0.000440961022	-0.000198634378	-0.003651238054	-0.009362536889	0.000323453870	-0.000121621232	-0.001948548396	-0.006870238894	0.000263232039	-0.000059165619	-0.000779757240	-0.005282786088	0.000241514953	-0.000023315122	-0.000255916840	-0.004269026941	0.000179666061	0.000005509975	-0.000145048871	-0.002600532381
5000.000000000000	15.001311623780	5.619699398930	-1.852726287106	0.006499387296	0.007253213690	0.718355265164	-0.815304985861	0.005850151711	0.003097409065	0.152521611515	-0.348681123268	0.003346189319	0.000900322910	0.028530060138	-0.177311063515	0.002436027848	0.000016597426	-0.006543981457	-0.093433984897	0.001525782430	-0.000306563990	-0.011283414587	-0.048973404698	0.001023601712	-0.000346466056	-0.009107016366	-0.027287566713	0.000697783761	-0.000282691363	-0.006263646057	-0.015634505014	0.000442244398	-0.000196248120	-0.003649216642	-0.009367828322	0.000326904737	-0.000119393205	-0.001948118708	-0.006871294850	0.000264480764	-0.000061026139	-0.000778660048	-0.005283404925	0.000242514292	-0.000022896205	-0.000253244073	-0.004267442765	0.000182549213	-0.000001424991	-0.000142974962	-0.002601236119
5000.000000000000	15.002002239880	5.617163239498	-1.852346883686	0.006501208160	0.007266567577	0.718472115897	-0.815272344151	0.005838694809	0.003112369952	0.152597709230	-0.348661508341	0.003335282791	0.000899686142	0.028587466871	-0.177312180487	0.002434787420	0.000009219200	-0.006522147052	-0.093450639536	0.001538482392	-0.000321821146	-0.011272528314	-0.048979286718	0.001019198193	-0.000348721445	-0.009094702266	-0.027289917941	0.000676424225	-0.000274401389	-0.006270504730	-0.015633272535	0.000436970583	-0.000200256472	-0.003646759762	-0.009369695028	0.000324087485	-0.000117734669	-0.001947795945	-0.006872518884	0.000263452592	-0.000060438557	-0.000777389230	-0.005283227565	0.000241830938	-0.000021925132	-0.000253196323	-0.004269395660	0.000174965780	-0.000005199840	-0.000143028248	-0.002600642525
5000.000000000000	15.000515282779	5.617001080966	-1.852065612872	0.006501298839	0.007255430440	0.718568129771	-0.815237197413	0.005855488774	0.003101977242	0.152618445146	-0.348640590741	0.003339598924	0.000908861364	0.028633515948	-0.177311966229	0.002446799246	0.000006602180	-0.006502707453	-0.093450775698	0.001524535256	-0.000322992347	-0.011252467363	-0.048982283277	0.001017729558	-0.000346102136	-0.009072960293	-0.027289886203	0.000674421099	-0.000295919766	-0.006255889862	-0.015642008405	0.000440838948	-0.000202197417	-0.003641815398	-0.009372965521	0.000325727921	-0.000121328457	-0.001945741598	-0.006873738709	0.000263643585	-0.000059541924	-0.000776926170	-0.005284299377	0.000241602909	-0.000023012781	-0.000252690384	-0.004269006286	0.000186170922	-0.000010322432	-0.000143028855	-0.002600904620
5000.000000000000	14.999855559475	5.616148295916	-1.851779870113	0.006499230337	0.007259987652	0.718685905360	-0.815200495191	0.005840081342	0.003117676619	0.152678036250	-0.348635744220	0.003332710662	0.000904459386	0.028670143609	-0.177324988524	0.002454558630	0.000025802599	-0.006464245246	-0.093466910741	0.001533932683	-0.000318996390	-0.011237978145	-0.048993976521	0.001018045463	-0.000342907488	-0.009066637326	-0.027298061845	0.000668427430	-0.000278129394	-0.006251364688	-0.015646434927	0.000439820407	-0.000204829938	-0.003642244039	-0.009372851788	0.000326237617	-0.000123999653	-0.001944556837	-0.006876491282	0.000263981027	-0.000059055014	-0.000775105309	-0.005285034932	0.000242689427	-0.000024703710	-0.000251974124	-0.004270420898	0.000186178773	-0.000009109093	-0.000142504599	-0.002599907705
5000.000000000000	15.001029739547	5.618032906852	-1.851537926297	0.006504492210	0.007260544269	0.718885984089	-0.815167143962	0.005851208986	0.003098230358	0.152772280039	-0.348611860065	0.003341662860	0.000914297451	0.028739843948	-0.177323707862	0.002445065867	0.000008755389	-0.006440708132	-0.093482969041	0.001523225375	-0.000308016572	-0.011218746367	-0.049007649655	0.001016845141	-0.000339778263	-0.009056848870	-0.027311407082	0.000676983478	-0.000295444153	-0.006245292817	-0.015652471626	0.000442443231	-0.000198426756	-0.003641679388	-0.009378904747	0.000328477065	-0.000122051739	-0.001942761700	-0.006880116942	0.000265413531	-0.000060413833	-0.000774893551	-0.005286918016	0.000242474617	-0.000021234449	-0.000249062199	-0.004269690275	0.000175351224	-0.000003508898	-0.000139828420	-0.002600683685
5000.000000000000	15.002005641998	5.615343065690	-1.851185662434	0.006502095140	0.007260875664	0.718932637905	-0.815163464825	0.005854961626	0.003097098435	0.152805051917	-0.348608179067	0.003333535767	0.000896926766	0.028749830566	-0.177333899357	0.002435553947	0.000010092139	-0.006426848054	-0.093486207210	0.001536020749	-0.000311277783	-0.011215988546	-0.049016571071	0.001022579301	-0.000345627048	-0.009059940716	-0.027318137836	0.000666286038	-0.000277019938	-0.006247201153	-0.015660747650	0.000440156281	-0.000196350151	-0.003640297852	-0.009381092993	0.000326733999	-0.000120650692	-0.001944306876	-0.006880002454	0.000266071136	-0.000058956710	-0.000775397364	-0.005285622637	0.000241005169	-0.000022048500	-0.000248971206	-0.004268481207	0.000182695719	-0.000001077064	-0.000140461214	-0.002600062990
5000.000000000000	15.000668175273	5.613300951215	-1.850761663700	0.006509637034	0.007260105103	0.719024437087	-0.815069412472	0.005847630966	0.003111265262	0.152866577580	-0.348582096070	0.003335233462	0.000899668265	0.028810621984	-0.177290608031	0.002432214160	0.000021221346	-0.006392162053	-0.093487274635	0.001530704684	-0.000305195661	-0.011191466061	-0.049016841104	0.001018730162	-0.000340666345	-0.009038258449	-0.027319597185	0.000678899447	-0.000299433401	-0.006228363356	-0.015661986907	0.000440051958	-0.000198015025	-0.003634471151	-0.009385341347	0.000329012542	-0.000120050381	-0.001939185442	-0.006878492809	0.000263837284	-0.000057702169	-0.000771486648	-0.005286724369	0.000243079198	-0.000022561258	-0.000248261270	-0.004269960457	0.000184427566	0.000004092302	-0.000139410640	-0.002600835234
5000.000000000000	14.998037851383	5.611537044138	-1.850460642106	0.006496855823	0.007270860263	0.719136359696	-0.815034203741	0.005855139516	0.003110629663	0.152932996874	-0.348551887337	0.003334588365	0.000908599564	0.028848034132	-0.177295361201	0.002443334321	0.000006120780	-0.006359527352	-0.093492536542	0.001539150728	-0.000314723278	-0.011176893217	-0.049018618851	0.001018738311	-0.000339821400	-0.009027829745	-0.027320341836	0.000672271488	-0.000282775385	-0.006223248087	-0.015656924911	0.000438743489	-0.000204167876	-0.003632838027	-0.009387027226	0.000328775365	-0.000121529161	-0.001939219692	-0.006882404913	0.000263587078	-0.000059047786	-0.000770942225	-0.005288318052	0.000242147687	-0.000022276830	-0.000246580296	-0.004267817239	0.000179023931	0.000006744729	-0.000138281775	-0.002600495138
5000.000000000000	15.001034142223	5.604870569434	-1.849591629973	0.006510148176	0.007263042758	0.719366405256	-0.815033863057	0.005845172030	0.003103351087	0.153025039545	-0.348577663481	0.003335352219	0.000907830061	0.028921266127	-0.177334031360	0.002434781933	0.000009457601	-0.006323335424	-0.093531605305	0.001534275202	-0.000305669423	-0.011163140303	-0.049046209004	0.001028267035	-0.000334568255	-0.009021300092	-0.027346966149	0.000669099726	-0.000283076884	-0.006235469025	-0.015689726442	0.000439826354	-0.000199151004	-0.003634773497	-0.009394571855	0.000328229628	-0.000119346508	-0.001940054755	-0.006884732428	0.000265037235	-0.000059350674	-0.000771010194	-0.005289553071	0.000242088029	-0.000023157141	-0.000246820145	-0.004271065368	0.000183435186	-0.000001082546	-0.000137105511	-0.002600608284
5000.000000000000	15.001626264349	5.605708661522	-1.849569466038	0.006502887177	0.007266506586	0.719405535929	-0.815059921991	0.005853128289	0.003104158385	0.153041888375	-0.348579758538	0.003342839027	0.000907177779	0.028937512171	-0.177319332956	0.002439872963	0.000017946865	-0.006322310888	-0.093532376423	0.001539606742	-0.000321129776	-0.011163286163	-0.049047738832	0.001032254676	-0.000337692772	-0.009018788832	-0.027348057291	0.000682286418	-0.000298524088	-0.006232673139	-0.015676867669	0.000439054288	-0.000202723472	-0.003635566021	-0.009394558725	0.000326773551	-0.000121705745	-0.001942255413	-0.006884481056	0.000266855524	-0.000060812221	-0.000771815055	-0.005287596204	0.000240956901	-0.000022587304	-0.000247933280	-0.004270360592	0.000183271175	-0.000001954523	-0.000138867528	-0.002600034434
5000.000000000000	14.998010440548	5.604547815620	-1.849112591013	0.006494617647	0.007263434820	0.719519280349	-0.814903523309	0.005846912604	0.003107215077	0.153131486829	-0.348519890741	0.003334643566	0.000911974139	0.029007286444	-0.177300854132	0.002426348563	0.000010271660	-0.006280361539	-0.093542874865	0.001520398802	-0.000307540563	-0.011132384033	-0.049045971000	0.001017815442	-0.000341172839	-0.009007574453	-0.027357150998	0.000674278301	-0.000281669106	-0.006211758951	-0.015686364775	0.000443965067	-0.000198993934	-0.003626111827	-0.009401290194	0.000326046906	-0.000120678638	-0.001935496796	-0.006884992660	0.000267217661	-0.000059227890	-0.000766937872	-0.005290833219	0.000241667916	-0.000022502465	-0.000246059626	-0.004268164529	0.000185141279	0.000001192570	-0.000135574623	-0.002601060123
5000.000000000000	14.999160618249	5.605323634154	-1.848960687700	0.006512623536	0.007266805386	0.719719949198	-0.814952229563	0.005848250314	0.003099687433	0.153205779709	-0.348535126987	0.003337383820	0.000903497991	0.029063712476	-0.177331151769	0.002441541524	0.000011871430	-0.006244576983	-0.093568331059	0.001537860759	-0.000323081636	-0.011126500745	-0.049072185231	0.001021934266	-0.000335264887	-0.009011711676	-0.027357795659	0.000676875941	-0.000280331431	-0.006222575138	-0.015694568409	0.000439547225	-0.000199691865	-0.003625937033	-0.009403734798	0.000328396554	-0.000119757635	-0.001937421110	-0.006889346700	0.000264288751	-0.000060665355	-0.000770726461	-0.005289756174	0.000240989398	-0.000021541841	-0.000244106355	-0.004268785234	0.000177843943	-0.000004021981	-0.000135281743	-0.002600362861
