5000.000000000000	1.000403529472	1.051518823477	-0.672102378239	0.002976143515	0.002426549430	0.012715060055	-0.012106597706	0.000137746430	0.000382370761	0.001210850735	-0.000591003379	0.000013900229	0.000065260885	0.000124527822	-0.000063812692	-0.000011967175	0.000060072012	0.000023970460	0.000044334151	0.000004139841	-0.000001242534	0.000015575067	0.000018631050	0.000005867868	0.000005389619	0.000010434709	0.000005879722	0.000008243419	-0.000006308533	0.000003741145	0.000000534661	-0.000000514624	0.000001649672	-0.000001286612	0.000002687668	0.000000269404	0.000000195033	0.000002007482	0.000001057137	-0.000000711116	-0.000001700526	0.000000275109	0.000003507375	-0.000001981534	0.000001255499	0.000001149073	0.000002743882	-0.000002261816	-0.000001571959	-0.000000248159	0.000001275424
5000.000000000000	1.000021019165	1.048989854898	-0.671548304566	0.002957577073	0.002417067864	0.012731904430	-0.012065752712	0.000122856571	0.000382360786	0.001217172262	-0.000594344245	0.000026293987	0.000083006110	0.000131195287	-0.000070174457	-0.000005183346	0.000042214266	0.000030613291	0.000047052405	0.000008309750	-0.000002592029	0.000009943872	0.000013012339	0.000007690677	0.000002294549	0.000008339672	0.000006429895	0.000000746842	0.000001544520	0.000003399171	0.000005364047	0.000000819403	0.000002498990	0.000000838755	0.000001124128	0.000000317158	0.000001443674	0.000001179000	-0.000000192594	-0.000002535043	-0.000000143458	0.000000517719	0.000005957287	-0.000000458130	0.000001386033	0.000001793032	0.000002811266	0.000007001674	-0.000006897992	-0.000000356699	-0.000000352843
5000.000000000000	0.999875953164	1.046343796112	-0.671542973203	0.002974918563	0.002414261171	0.012748026513	-0.012021191299	0.000127762828	0.000374633916	0.001229240567	-0.000599915182	0.000012043853	0.000084149967	0.000130922113	-0.000064070591	0.000005465942	0.000071240507	0.000018446540	0.000032866886	0.000002102967	-0.000003427940	0.000010141627	0.000011653609	0.000002243078	0.000004209210	0.000006877677	0.000003657585	0.000002623017	-0.000003443101	0.000003317489	0.000001505831	-0.000000997144	0.000000945057	0.000002012634	-0.000001258432	0.000002403574	-0.000000115884	0.000002328768	-0.000001192544	0.000000224697	-0.000000277849	-0.000000092162	0.000002919631	0.000000497420	-0.000000561279	0.000001227019	0.000001833813	0.000006092954	0.000003411379	-0.000000366235	-0.000000084735
5000.000000000000	1.000062631215	1.044393758257	-0.671489405290	0.002966321996	0.002425040573	0.012773479792	-0.012005922478	0.000144322261	0.000381774313	0.001226242955	-0.000597205846	0.000011977350	0.000079089842	0.000126841097	-0.000064441994	0.000006948980	0.000043827725	0.000034170671	0.000040167387	0.000002693781	0.000009353690	0.000009091298	0.000013018906	0.000005967121	0.000005127143	0.000012185974	0.000006370127	0.000003691735	0.000007260070	0.000006097874	0.000004377633	0.000001534595	-0.000001499528	0.000001450374	0.000000351435	-0.000002483338	-0.000002694685	0.000003982581	-0.000000912645	-0.000001644593	-0.000000914854	0.000001046566	0.000003421522	-0.000002690942	0.000001792674	-0.000000219618	0.000002824618	0.000001404716	-0.000004535212	0.000000711725	-0.000000126582
5000.000000000000	1.000053177028	1.042581191861	-0.671736343900	0.002934916558	0.002421393483	0.012794074932	-0.012011893127	0.000140086179	0.000368649757	0.001227443464	-0.000604118053	-0.000003857475	0.000074898775	0.000118325133	-0.000078267268	-0.000010914405	0.000071179391	0.000058446574	0.000048973792	0.000008934757	0.000001789387	0.000014888039	0.000017273250	0.000008304037	0.000000236900	0.000010638988	0.000007231739	0.000005370656	-0.000002406471	0.000007582921	0.000001733921	0.000002346512	-0.000001752264	-0.000000910920	0.000000233779	-0.000000319064	-0.000002101756	0.000001782768	-0.000000997241	-0.000001699744	-0.000003987647	0.000000620815	0.000002994231	-0.000002358161	0.000000196253	0.000001167092	0.000002289935	0.000009377053	-0.000004132883	0.000000680052	0.000000185664
5000.000000000000	1.000042554297	1.040951939241	-0.671704855512	0.002913133616	0.002421536511	0.012807390353	-0.011991045139	0.000140203121	0.000372858626	0.001235881910	-0.000592774638	0.000012586714	0.000063227577	0.000148855298	-0.000079143897	-0.000004526678	0.000055225776	0.000028631764	0.000075996512	-0.000010520827	0.000004215259	0.000002350646	0.000012796164	0.000006164890	0.000007200521	0.000006725229	0.000004495578	-0.000001660192	-0.000003028132	0.000007756113	0.000004635666	0.000001203331	0.000000545217	-0.000002357820	0.000002030671	0.000000551163	0.000000515855	0.000003409680	-0.000000288246	-0.000002155685	-0.000000360099	0.000000554192	0.000003427806	-0.000001956648	0.000000046871	0.000001674117	0.000002442854	0.000001610339	0.000003196180	0.000000492560	-0.000000605558
5000.000000000000	0.999551191735	1.039721470554	-0.671803768500	0.002924648712	0.002419789943	0.012822647195	-0.011967314131	0.000120723991	0.000365407300	0.001238779231	-0.000599053127	0.000020039032	0.000073594282	0.000133443002	-0.000090143509	-0.000015705647	0.000048827373	0.000026406009	0.000071226346	-0.000002438171	0.000000615799	0.000009628399	0.000015252875	0.000003512153	0.000006514885	0.000006681842	0.000005248954	0.000004909900	-0.000005077573	0.000005425823	0.000001801689	-0.000001442698	-0.000001142971	0.000000314821	0.000000668105	-0.000000318804	-0.000002179595	0.000003836694	0.000000501939	-0.000000230475	-0.000001733656	0.000001183550	0.000002638587	0.000000238870	0.000000090795	0.000000318686	0.000002213191	0.000001770504	-0.000004920313	-0.000000538425	0.000000035611
5000.000000000000	1.000000882921	1.038795749778	-0.672107069761	0.002931306705	0.002420072902	0.012836826166	-0.011974175214	0.000126894388	0.000354454143	0.001235733930	-0.000594036221	-0.000006381221	0.000072433158	0.000144272461	-0.000094308440	-0.000000452686	0.000055657620	0.000041994982	0.000073901210	-0.000001578107	0.000007166942	0.000012762359	0.000011102376	0.000003178375	0.000004030373	0.000009894603	0.000007275346	0.000002030261	-0.000004897122	0.000005361231	0.000004145542	0.000001159142	-0.000000019649	-0.000000752472	0.000000925132	0.000000199054	-0.000000742903	0.000001105155	-0.000000902084	-0.000003124910	-0.000002417549	0.000001667310	0.000002814637	-0.000000784622	0.000000993640	0.000000898358	0.000002699395	0.000005277679	-0.000004546053	0.000000506798	0.000000280720
5000.000000000000	1.000055818399	1.037705757016	-0.672241009136	0.002942639456	0.002417105292	0.012852689455	-0.011982885876	0.000132122181	0.000370832608	0.001235876408	-0.000602479601	0.000008023618	0.000073978647	0.000151880690	-0.000085523872	0.000005544406	0.000033046163	0.000008399717	0.000083677942	0.000013701357	0.000006166857	0.000014011875	0.000017149167	0.000005846756	0.000009797908	0.000011521198	0.000006791662	0.000005785920	-0.000000243693	0.000004203486	0.000004525402	0.000002731805	0.000000720971	-0.000002588276	0.000001544918	0.000003741006	-0.000003398167	0.000000952966	0.000003116896	-0.000002371800	-0.000001357452	0.000000305981	0.000002827043	-0.000000922493	-0.000000765739	0.000001239071	0.000001949524	0.000009411326	-0.000003434549	0.000000188147	-0.000000422977
5000.000000000000	0.999943702057	1.035197473837	-0.672401081319	0.002933477477	0.002427124827	0.012856022377	-0.011992103868	0.000124978788	0.000367881151	0.001253951152	-0.000607974268	0.000018887377	0.000092977662	0.000143486053	-0.000104257427	0.000017417324	0.000056718776	-0.000007914906	0.000059636493	-0.000011587126	-0.000003647384	0.000010626786	0.000013413754	0.000004568989	0.000003566975	0.000008520315	0.000004685437	0.000003500474	0.000000341041	0.000004653837	0.000003469140	-0.000000619942	-0.000002116998	0.000000108119	0.000001156129	0.000001720690	-0.000000843364	0.000002972672	0.000001264619	-0.000002745786	-0.000000848260	-0.000001182992	0.000003250413	-0.000000436950	0.000001134332	0.000000468548	0.000000038793	0.000010433644	-0.000001857721	0.000000137107	-0.000000064589
5000.000000000000	1.000246438944	1.036134460614	-0.672610722862	0.002926795461	0.002409979067	0.012843752051	-0.011987766704	0.000131185727	0.000371946005	0.001251296967	-0.000603166771	0.000015723830	0.000095544951	0.000140558700	-0.000097657490	0.000019204267	0.000068221456	-0.000040153990	0.000073697606	-0.000000660822	0.000006700943	0.000015355394	0.000010375187	0.000003099195	0.000004869530	0.000006353189	0.000001330054	0.000004132892	-0.000004415217	0.000003129330	0.000003491615	-0.000001552287	0.000002606169	-0.000004232200	-0.000000464031	0.000000145771	-0.000000686727	0.000002960175	0.000000796807	-0.000004681914	-0.000001695836	-0.000000387673	0.000003245097	-0.000000572789	0.000003068011	0.000001043419	0.000001463615	0.000005286441	-0.000006238187	0.000001149586	-0.000000356029
5000.000000000000	0.999998978678	1.035522015675	-0.672580803880	0.002906909828	0.002426124315	0.012854074124	-0.011978843888	0.000130951725	0.000368307108	0.001243671908	-0.000610293079	0.000008664647	0.000102987371	0.000142504918	-0.000092880321	0.000024518682	0.000054684759	-0.000030405412	0.000061329434	-0.000013736036	-0.000007365775	0.000018705044	0.000005595425	0.000004281540	0.000000223674	0.000007346763	0.000001433720	-0.000003424429	-0.000005066210	0.000002578111	0.000005950438	-0.000000181054	-0.000000653223	-0.000001151684	-0.000001473319	-0.000001991022	-0.000000259128	0.000000514566	-0.000001353672	-0.000002525081	-0.000000362931	-0.000001179559	0.000004181804	-0.000001497623	0.000001269362	0.000001285566	0.000002581607	0.000008747830	-0.000001214983	-0.000000091337	0.000000907064
5000.000000000000	1.000235128597	1.034420975359	-0.672697165535	0.002937385946	0.002416836333	0.012878241070	-0.011958962797	0.000130245578	0.000350501098	0.001264856470	-0.000600803379	-0.000003350207	0.000106512399	0.000150086670	-0.000106411788	0.000022005664	0.000064050248	-0.000016354968	0.000054108719	-0.000005528495	0.000013029242	0.000014899379	0.000018011492	-0.000003071583	0.000005565241	0.000010888777	0.000001062109	0.000004967179	-0.000001335070	0.000004730539	0.000003030556	0.000000210749	0.000000719854	-0.000001461087	0.000000620183	-0.000000361929	-0.000001460642	0.000001223257	-0.000001481608	-0.000002932996	-0.000000721021	-0.000000203158	0.000003000068	-0.000003126513	0.000000933513	0.000002098526	0.000002067336	0.000002361999	0.000003800791	0.000001186176	-0.000000268564
5000.000000000000	0.999932287476	1.033728614046	-0.672648228286	0.002922380968	0.002411681459	0.012873666694	-0.011958877070	0.000123212735	0.000346305698	0.001269800967	-0.000596504780	-0.000003004802	0.000097010318	0.000151525948	-0.000099400665	0.000008350024	0.000059659714	-0.000017772379	0.000071074907	0.000009631470	0.000001067987	0.000022420848	0.000011576720	0.000009097358	0.000007031932	0.000008439289	0.000002360670	0.000001265056	-0.000005702763	0.000006625712	0.000003292911	-0.000000785039	-0.000002164138	-0.000002813011	-0.000001736533	-0.000001597896	-0.000000983182	0.000002737167	0.000001130384	-0.000000888412	-0.000001518875	0.000002313118	0.000003713069	-0.000000739113	-0.000000063568	0.000000603746	0.000001090654	0.000009482653	-0.000000141446	0.000001591171	-0.000000385881
5000.000000000000	1.000202122007	1.033185781202	-0.672865759689	0.002906335776	0.002426142171	0.012880749459	-0.011978857499	0.000135358274	0.000358649555	0.001269057875	-0.000608843531	-0.000004106215	0.000101560490	0.000151354103	-0.000102043318	0.000012686555	0.000071747367	-0.000021579453	0.000043236435	-0.000000446352	-0.000004520735	0.000018915858	0.000007936248	-0.000005170432	0.000004796991	0.000008701718	0.000001501251	0.000001888807	0.000000791332	0.000003987800	0.000002804863	-0.000001528237	-0.000001412152	-0.000000281055	-0.000002285237	0.000001091240	-0.000001360534	0.000003413480	-0.000000761553	-0.000002537295	-0.000001679319	0.000000679053	0.000004131630	0.000000107600	0.000000368898	0.000000469462	0.000002190436	0.000008004509	-0.000005784627	0.000001355722	-0.000000702112
5000.000000000000	0.999429863589	1.032640631686	-0.672998812880	0.002921034913	0.002412636306	0.012854633771	-0.011957697740	0.000129412832	0.000341481294	0.001279833175	-0.000603436959	-0.000007594251	0.000097095531	0.000155920698	-0.000100288198	0.000005059192	0.000061835403	-0.000024811281	0.000058253435	0.000013056483	0.000004508945	0.000015590304	0.000008282257	0.000001383403	0.000007584192	0.000009182544	0.000002965511	0.000003281572	0.000000581805	0.000005055803	0.000003653152	-0.000000512761	0.000001720998	-0.000001317652	-0.000001787682	0.000001630791	0.000001266191	-0.000000641221	0.000000083870	-0.000002226558	-0.000001075150	0.000002408315	0.000002040846	0.000000027398	0.000000222471	0.000003213760	0.000000391324	0.000008841156	0.000004559332	0.000001460256	0.000000138775
5000.000000000000	1.000017628362	1.032654738070	-0.673726733690	0.002915500360	0.002427140296	0.012861851127	-0.011994395758	0.000142126277	0.000349822472	0.001272559371	-0.000594773540	-0.000002032885	0.000096064506	0.000157740708	-0.000103022747	0.000013715872	0.000058185648	-0.000025545153	0.000064869325	-0.000006759884	-0.000001208807	0.000018210846	0.000003889657	0.000003390543	0.000003914038	0.000009609523	-0.000000273359	0.000001505425	0.000001493688	0.000003711691	0.000001657604	-0.000001993526	-0.000000984138	0.000000789593	0.000000383488	0.000000565248	-0.000001898295	0.000003886196	-0.000000578932	-0.000002186962	-0.000000056345	0.000000287828	0.000003981590	-0.000002000682	0.000001772108	0.000001209367	0.000002670639	0.000011849519	-0.000000212290	0.000000702142	-0.000000476546
5000.000000000000	0.999736324411	1.032557824082	-0.673624101244	0.002907508217	0.002415277396	0.012885851897	-0.011974475928	0.000140915568	0.000344026660	0.001278139954	-0.000602560643	-0.000006759202	0.000108420556	0.000162293255	-0.000100747912	0.000008019066	0.000046817640	-0.000019100617	0.000050205362	-0.000006734976	-0.000006251219	0.000017049610	0.000004360751	0.000003442053	0.000000494684	0.000008936149	0.000002087936	-0.000001135237	0.000000489449	0.000004169123	0.000002032093	-0.000002080019	0.000000458298	-0.000002211416	-0.000000532346	0.000001557229	-0.000001029824	0.000004735269	-0.000000877785	-0.000002507984	-0.000001412993	0.000000093298	0.000004729125	0.000001116016	-0.000000269683	0.000000811925	0.000001967477	0.000007904509	0.000004848800	0.000000373887	0.000000684766
5000.000000000000	1.000419546176	1.032068736583	-0.673949540273	0.002925623216	0.002415985150	0.012885251690	-0.011997213575	0.000127300653	0.000350456321	0.001266067629	-0.000611202473	0.000002997754	0.000097365517	0.000152410654	-0.000101735067	0.000020226156	0.000059386162	-0.000026930039	0.000062199038	-0.000003935566	-0.000027265755	0.000015820661	0.000006308988	-0.000001194559	0.000006616513	0.000005516408	0.000000855344	0.000008431567	0.000000786900	0.000003659498	0.000003373751	0.000000902019	-0.000002165978	-0.000000540733	-0.000001430325	-0.000000238684	0.000000352892	0.000001312338	-0.000000756586	-0.000001858792	-0.000002275643	0.000001588170	0.000003143319	-0.000002083939	0.000001370599	0.000001204972	0.000000885166	0.000011099353	-0.000000211972	0.000001885034	-0.000000446564
5000.000000000000	0.999800175842	1.031600555109	-0.673580814481	0.002931402780	0.002432413172	0.012901254830	-0.011976393589	0.000145101548	0.000346612296	0.001271129368	-0.000596280241	-0.000016416136	0.000111306654	0.000149191670	-0.000094132878	0.000007301756	0.000074653649	-0.000025078704	0.000056275033	-0.000011399910	-0.000021500040	0.000013728310	0.000008917393	-0.000002789252	0.000006082579	0.000006623549	0.000001731614	-0.000000850034	-0.000004202031	0.000000991687	0.000004728600	0.000001005016	0.000000006021	-0.000001214709	0.000000473749	-0.000001593586	0.000000689103	0.000001105459	-0.000000411502	-0.000001558639	-0.000000912782	-0.000000914701	0.000003913289	-0.000000441838	0.000000898084	0.000001092003	0.000000996309	0.000006553264	-0.000007132418	0.000001279815	-0.000000585074
5000.000000000000	0.999723958969	1.031484017753	-0.673720643803	0.002909621335	0.002435585121	0.012898750371	-0.011994362663	0.000163179311	0.000364503450	0.001274259647	-0.000595662489	-0.000012330118	0.000110778335	0.000152470548	-0.000093455955	0.000013368297	0.000070673744	-0.000029334211	0.000059584934	0.000002666432	-0.000011892823	0.000012042705	0.000015188164	0.000005121046	0.000001159386	0.000009820631	-0.000000801487	0.000003351718	-0.000006554845	0.000005860313	0.000002637781	0.000001173720	-0.000001818056	-0.000002283644	-0.000000382618	-0.000001602761	-0.000000791249	0.000002151421	-0.000001064194	-0.000005282236	-0.000000047599	0.000000703395	0.000002751150	-0.000000787761	0.000000383240	0.000002072451	0.000002460551	0.000007503625	-0.000006602842	0.000001546547	-0.000001294668
5000.000000000000	0.999967843200	1.031473481991	-0.673675144010	0.002916193532	0.002401403788	0.012907483952	-0.011979654658	0.000135436407	0.000368233874	0.001282220161	-0.000598605645	-0.000022360471	0.000101659472	0.000146331614	-0.000110779414	0.000021171248	0.000085395442	-0.000035863026	0.000042528066	0.000014898091	-0.000007244601	0.000037002072	0.000008437231	0.000000043291	0.000003798214	0.000009368196	-0.000000681362	0.000005189715	-0.000006899688	0.000004046883	0.000002302045	-0.000000733141	-0.000001142217	-0.000002190997	-0.000000255237	0.000002450300	-0.000001927490	0.000001899962	0.000000322565	-0.000003329458	-0.000000863731	-0.000000009607	0.000002491461	-0.000000748528	0.000000965675	0.000001640933	0.000000934733	0.000006743752	-0.000006436575	0.000001457320	-0.000000452370
5000.000000000000	1.000482303039	1.031345137211	-0.673973217991	0.002907761082	0.002420119267	0.012917114627	-0.011994529045	0.000168855101	0.000361132099	0.001264518270	-0.000592812881	-0.000013937206	0.000110002133	0.000157873487	-0.000106664707	0.000021140433	0.000068561100	-0.000024662260	0.000038220876	-0.000002006934	-0.000020564563	0.000033768050	0.000024788967	0.000002131933	0.000010888419	0.000003769762	0.000000832207	0.000000519488	0.000004982732	0.000004498064	0.000000890616	0.000000265600	-0.000000072134	0.000000038302	0.000000442122	0.000000453957	-0.000001990975	0.000000551336	-0.000000601289	-0.000002109441	-0.000002565458	-0.000000856959	0.000001463973	-0.000001497087	-0.000000218631	0.000001132841	0.000001714702	0.000001294033	0.000004349254	0.000001320188	0.000000373186
5000.000000000000	0.999751191104	1.030724158239	-0.673577147068	0.002897601737	0.002417207349	0.012914366935	-0.011959796395	0.000150213975	0.000345738837	0.001270038223	-0.000567614082	-0.000032260139	0.000114481735	0.000157381584	-0.000113487971	0.000013973494	0.000075988396	-0.000033356251	0.000046710469	0.000018449216	-0.000018307257	0.000033556958	0.000015625902	0.000000556713	-0.000003878060	0.000011139345	0.000001576411	-0.000002010073	-0.000001816478	0.000004832746	0.000002043138	-0.000000625121	-0.000000746853	-0.000001713303	-0.000000261980	0.000001059640	-0.000000712156	0.000001118841	0.000000837366	-0.000001607979	-0.000001788899	-0.000000202765	0.000003592219	-0.000001107858	0.000000548568	0.000001980830	0.000002165237	0.000001024557	-0.000002882536	0.000002107315	-0.000000644318
5000.000000000000	0.999955061060	1.030655866310	-0.673983565669	0.002899693113	0.002411082924	0.012905669142	-0.011971601265	0.000143925751	0.000346621761	0.001284756624	-0.000594073926	-0.000031297265	0.000105196414	0.000164531046	-0.000104356491	0.000020202014	0.000077448885	-0.000027867955	0.000038042825	-0.000002467243	-0.000024735926	0.000037399758	0.000015183765	0.000005539067	0.000001358256	0.000012861873	-0.000003102668	0.000002112897	-0.000004963650	0.000003733005	0.000000290500	0.000000598781	-0.000000001990	0.000001232886	-0.000001005773	0.000001334682	-0.000002962636	0.000002072054	-0.000000358015	-0.000002223246	-0.000001656857	0.000000227773	0.000003139967	-0.000000472808	0.000000455320	0.000002557712	0.000001824973	0.000007099536	0.000004120256	0.000001772520	0.000000310901
5000.000000000000	0.999763697553	1.030592803599	-0.674045124158	0.002913628707	0.002404716322	0.012926339270	-0.011989782105	0.000148073464	0.000354096386	0.001277451895	-0.000597409925	-0.000015112799	0.000114777911	0.000154059686	-0.000117284866	0.000013480953	0.000062596607	-0.000029663275	0.000043604160	0.000029830969	-0.000010480612	0.000020808151	0.000024615820	0.000000559810	0.000011625819	0.000012202526	-0.000000133164	0.000006897765	0.000002275865	0.000004219077	0.000000045593	0.000000664510	-0.000000484606	-0.000001162607	-0.000000692216	-0.000000454868	0.000000740400	0.000001268461	-0.000001181226	-0.000002191516	-0.000002602698	-0.000000945108	0.000001224575	-0.000001852023	-0.000000021052	0.000000321031	0.000001991489	-0.000000704016	-0.000003376227	0.000000604811	-0.000000265742
5000.000000000000	0.999925182584	1.030593133844	-0.674405855557	0.002897201935	0.002404014004	0.012933924536	-0.012001022161	0.000159131718	0.000342871176	0.001290804423	-0.000583226831	-0.000016039093	0.000114063322	0.000166682481	-0.000116108028	0.000008983883	0.000078048100	-0.000039014864	0.000027948152	0.000010934327	-0.000007647244	0.000043197943	0.000024447670	0.000002937745	0.000000068608	0.000009146178	0.000001022099	-0.000003258536	0.000003551436	0.000005775944	0.000000716133	-0.000000590550	-0.000000430551	-0.000000178347	-0.000000476948	-0.000001395418	-0.000002356140	0.000002249642	0.000000050566	-0.000001230859	0.000000339691	0.000002161283	0.000001211751	-0.000000569555	0.000002185170	0.000000736607	-0.000000187294	0.000000427789	-0.000005309197	0.000001856575	-0.000000051742
5000.000000000000	1.000158439370	1.030740376256	-0.674304040159	0.002903485130	0.002414774264	0.012936077347	-0.011992416129	0.000135674743	0.000340596739	0.001282677947	-0.000585679692	-0.000039692516	0.000104782490	0.000173075672	-0.000126721730	0.000011487120	0.000060378161	-0.000036374504	0.000040755327	0.000009815678	0.000002159567	0.000049838554	0.000004222871	0.000004333637	0.000002989095	0.000009603927	0.000001051739	0.000004718446	0.000003236018	0.000006852127	0.000002961959	-0.000000839429	-0.000001169615	0.000000416958	-0.000000704422	0.000000812709	-0.000000053770	0.000003060355	-0.000003249119	-0.000000627220	0.000000243358	0.000000305672	0.000000739527	-0.000002128264	0.000000929773	0.000000108606	0.000001726586	0.000001961390	0.000000280239	0.000001939734	-0.000000596427
5000.000000000000	0.999672781934	1.030256559260	-0.674355271528	0.002902166853	0.002425990339	0.012915489774	-0.011986031956	0.000166065989	0.000351285910	0.001285192513	-0.000573108278	-0.000032932635	0.000100423541	0.000167862897	-0.000125428806	0.000007696593	0.000081679271	-0.000033170358	0.000033558769	0.000007226552	-0.000001267746	0.000038266262	0.000052599424	-0.000001406388	0.000008508253	0.000012827100	-0.000001197455	-0.000000813803	0.000000825074	0.000001349065	0.000001640076	0.000000763474	-0.000000699541	0.000000345790	-0.000000002791	0.000001630416	-0.000001594301	0.000002329756	-0.000000911908	-0.000001876903	-0.000001443366	-0.000000527460	0.000001222874	0.000001349300	-0.000001402437	0.000000371961	0.000003309890	0.000004062739	0.000002626927	0.000001561697	0.000001065034
5000.000000000000	1.000532782698	1.030628518967	-0.674869942058	0.002920719571	0.002425022967	0.012950692044	-0.012010893195	0.000137155296	0.000346489541	0.001289549634	-0.000580914888	-0.000020786154	0.000120185493	0.000172773242	-0.000120814059	0.000008039760	0.000067048361	-0.000029359305	0.000029834399	0.000002015439	-0.000000787773	0.000033674691	0.000050346594	0.000001095169	0.000000827358	0.000010306562	0.000001191057	0.000004900859	-0.000003855206	0.000006227575	0.000006079724	0.000002893501	-0.000002870830	0.000001104958	-0.000001000863	-0.000001602001	-0.000002943494	0.000002852236	-0.000001256723	-0.000001527252	-0.000001120619	0.000001745697	0.000001254707	-0.000002784099	0.000000286503	0.000001770490	0.000002974934	0.000009302950	-0.000000284626	0.000001825677	-0.000000251832
5000.000000000000	1.000062532538	1.029884574551	-0.674269908472	0.002904873680	0.002411621389	0.012915488461	-0.011980907245	0.000161383204	0.000347311028	0.001290417195	-0.000581688439	-0.000020674900	0.000116570625	0.000178588910	-0.000117685243	-0.000003004039	0.000086711719	-0.000021821121	0.000027785712	0.000003232696	-0.000018935384	0.000038633711	0.000040539100	-0.000001894437	-0.000001408228	0.000010767837	-0.000002648014	0.000002946594	-0.000002587996	0.000003116380	0.000002323166	0.000002830350	-0.000000421594	-0.000000429381	0.000000369729	-0.000003021770	-0.000001319883	0.000003612330	-0.000001677501	-0.000001232416	-0.000001752335	-0.000001881789	0.000002209209	0.000000598484	0.000004697772	0.000001890228	0.000001527245	0.000001963915	0.000001538439	0.000001734794	0.000000333191
5000.000000000000	0.999797302977	1.029837868353	-0.674193239887	0.002915854003	0.002407990716	0.012923422572	-0.012003681755	0.000178524424	0.000324687106	0.001284222429	-0.000566704282	-0.000037061610	0.000117355295	0.000175659267	-0.000112943534	0.000009971736	0.000071073224	-0.000026712454	0.000029062773	0.000005428984	-0.000012349714	0.000037649145	0.000047914410	-0.000001874533	0.000004044084	0.000009169871	0.000003945415	0.000007611656	-0.000008937921	0.000001653760	0.000002657057	0.000001104127	-0.000000664846	-0.000000418108	-0.000001674877	0.000000372283	0.000000272756	0.000001993015	-0.000000482108	-0.000001204059	-0.000000987251	-0.000000928530	0.000003667674	-0.000001531658	0.000000874836	0.000000822973	0.000001015042	0.000006969372	0.000003521207	0.000002362150	0.000000641284
5000.000000000000	0.999954291533	1.030077178282	-0.674536511632	0.002900656644	0.002421335906	0.012927954336	-0.011987147092	0.000166199825	0.000346663506	0.001291155244	-0.000559350672	-0.000045582126	0.000108859443	0.000178955247	-0.000130254759	0.000005408181	0.000083387254	-0.000036993933	0.000034029364	0.000012472080	-0.000001348961	0.000033185065	0.000033108916	0.000001024196	-0.000010554782	0.000008290274	-0.000000549146	0.000001602964	-0.000001011694	0.000004405379	0.000001553547	-0.000001815715	-0.000003343384	-0.000000303227	0.000000890651	0.000000894409	-0.000000523917	0.000001684855	-0.000000243902	-0.000000694885	-0.000001780631	0.000000844350	0.000003022076	-0.000000799578	0.000000416971	0.000000200238	-0.000001752375	0.000011217198	0.000003612061	0.000001824850	0.000000922854
5000.000000000000	1.000021317192	1.030098867991	-0.674743043497	0.002911720984	0.002410730193	0.012933512825	-0.011995451723	0.000148273882	0.000359337035	0.001277346586	-0.000575990182	-0.000034658520	0.000104744867	0.000162805566	-0.000124935784	0.000024007051	0.000079939916	-0.000029927222	0.000026394609	0.000004994769	-0.000000490166	0.000046113782	0.000039740430	0.000001070822	-0.000000850042	0.000014639794	-0.000001180328	0.000004344202	-0.000004430562	0.000006050281	0.000002412505	0.000000794032	-0.000004294762	-0.000000732038	-0.000000502576	0.000001014388	-0.000001163741	0.000002472888	-0.000002451048	0.000000262675	-0.000001348270	0.000001010339	0.000002057919	-0.000001221654	0.000002783553	0.000001358748	0.000000752588	0.000008536911	0.000002290876	0.000000975577	0.000000236936
5000.000000000000	1.000173029633	1.030100665041	-0.674480091413	0.002887991437	0.002406293747	0.012927111638	-0.011988533930	0.000162849526	0.000357069855	0.001277779820	-0.000565877111	-0.000038696649	0.000107724096	0.000173023203	-0.000121721040	0.000015810123	0.000066939697	-0.000035193968	0.000026763058	0.000020074199	-0.000014586366	0.000003136532	0.000047203186	-0.000000080960	0.000008139215	0.000006974561	-0.000000178652	0.000004041948	-0.000000333577	0.000005022877	0.000002004858	0.000000855985	0.000000556395	0.000000194572	-0.000000031673	-0.000000308676	0.000000622375	0.000002202396	-0.000000802276	-0.000002255198	-0.000000769311	0.000000452155	0.000002765628	-0.000002976268	0.000000891781	0.000000430631	0.000001737835	0.000006890167	0.000002646035	0.000002906765	0.000000777123
5000.000000000000	0.999685608785	1.029609031455	-0.674886866517	0.002899982765	0.002415107462	0.012915065443	-0.012013022682	0.000178369973	0.000347523554	0.001282648348	-0.000560488650	-0.000041140797	0.000099514115	0.000182398104	-0.000120199900	0.000001041320	0.000072900350	-0.000022486568	0.000032011595	0.000009253829	-0.000010690371	0.000018715709	0.000050385298	-0.000006143910	0.000002236929	0.000006532825	0.000002932351	0.000007881135	-0.000005341960	0.000001623409	0.000003027084	-0.000001166402	-0.000002206742	-0.000001698327	-0.000000541189	-0.000000747699	-0.000000911219	-0.000000200566	-0.000001310689	-0.000001938768	-0.000000652675	0.000001071231	0.000003955532	-0.000000954398	0.000003660884	-0.000000688136	0.000002499319	0.000008342807	-0.000007375599	0.000002119231	0.000000480788
5000.000000000000	1.000554413631	1.029779747848	-0.675367663613	0.002909827498	0.002403248368	0.012930671119	-0.012025415417	0.000153204019	0.000359011376	0.001295115383	-0.000576261520	-0.000044515379	0.000104071936	0.000169789775	-0.000122607623	0.000031853476	0.000075826689	-0.000023407572	0.000029086882	0.000020841500	-0.000009212323	0.000003267379	0.000044358038	-0.000007050499	-0.000002251532	0.000007208755	0.000004328920	0.000002476454	-0.000000303946	0.000005316152	0.000002884786	0.000000453472	-0.000001528690	-0.000001493830	0.000000839513	-0.000000222338	-0.000000571752	0.000001833838	-0.000000701211	-0.000000542307	-0.000000933840	0.000001171159	0.000002145572	-0.000001513038	0.000001568300	-0.000000270039	0.000001672382	0.000006371212	-0.000007189060	0.000001655455	0.000000786228
5000.000000000000	0.999855728824	1.029401129655	-0.674746302146	0.002906004543	0.002416506631	0.012918029670	-0.011994060933	0.000167792671	0.000346502761	0.001286946718	-0.000565069496	-0.000026940560	0.000111381117	0.000169562522	-0.000125519232	0.000021257484	0.000087862533	-0.000020393860	0.000022500677	0.000013907785	-0.000013080899	-0.000002973386	0.000036391264	-0.000003924671	-0.000004182472	0.000012173863	-0.000002646144	0.000001921171	-0.000003474986	0.000004439736	-0.000000225287	-0.000000967837	-0.000000860039	-0.000000626832	-0.000000354507	-0.000001803951	-0.000000874791	0.000003003477	0.000000038133	-0.000001737430	-0.000000927174	0.000001074932	0.000001166375	0.000000745199	0.000000692072	0.000000479370	0.000000906451	0.000005645930	-0.000002276276	0.000001457743	0.000002087960
5000.000000000000	0.999828814545	1.029680628370	-0.674928322476	0.002906279506	0.002418879458	0.012933372203	-0.012027764154	0.000173537105	0.000356616497	0.001286443767	-0.000574493895	-0.000037067975	0.000106235866	0.000177925625	-0.000127605664	0.000011083512	0.000074434212	-0.000027752231	0.000019755303	0.000013333955	-0.000008969225	-0.000002931641	0.000027634513	0.000002412540	0.000014280149	0.000016513992	0.000000615089	0.000002905467	-0.000002710379	0.000002285411	0.000002915801	0.000001970774	-0.000001298908	-0.000000807596	0.000001662550	0.000000187348	-0.000001580867	0.000002556635	-0.000000199372	-0.000001699411	-0.000000536537	-0.000000536507	0.000002654793	-0.000001260541	0.000000606079	0.000003112778	0.000002145749	0.000001512128	0.000006223032	0.000000611664	0.000000814188
5000.000000000000	1.000500998574	1.029726195995	-0.675291989459	0.002896192794	0.002404997910	0.012935153339	-0.012044213471	0.000149940605	0.000349932933	0.001290927528	-0.000562763936	-0.000031040603	0.000104766412	0.000171562520	-0.000126027013	0.000004930970	0.000084900791	-0.000017494270	0.000028789785	0.000006329622	-0.000015452241	-0.000002248271	0.000042893219	-0.000005509125	-0.000018785387	0.000014778997	0.000003591109	0.000004223171	-0.000006234857	0.000001869245	0.000000004951	0.000001043884	-0.000001547304	0.000000358472	0.000000494256	-0.000002516554	-0.000002995549	0.000002515611	-0.000000145547	-0.000002629742	0.000000053889	-0.000000668497	0.000003657561	-0.000000645708	-0.000000759546	0.000000266200	0.000001699041	0.000003371889	0.000005865727	0.000001588260	0.000000575486
5000.000000000000	1.000129875099	1.029461641565	-0.674998629012	0.002903432195	0.002404537940	0.012941667952	-0.012006931356	0.000154302869	0.000368316767	0.001277083768	-0.000557737896	-0.000042329302	0.000110779259	0.000172981605	-0.000134692150	0.000011081621	0.000094010345	-0.000022394061	0.000029825511	0.000022235199	-0.000007465598	0.000000509308	0.000035431642	0.000000052525	-0.000006338231	0.000012359127	0.000002700981	0.000003245133	-0.000005276009	0.000002343647	0.000001333245	0.000000626475	0.000001063216	-0.000000475810	-0.000000344907	0.000000050515	-0.000002032327	-0.000000369292	-0.000001714895	-0.000000790144	0.000000129067	-0.000000649018	0.000001657959	-0.000002136410	-0.000002268193	0.000001320098	-0.000000887907	-0.000001206003	-0.000005979150	0.000002013994	0.000001698460
5000.000000000000	0.999949396696	1.029404904565	-0.674729609211	0.002897263990	0.002427299048	0.012927901622	-0.012015671512	0.000169353582	0.000347844506	0.001285931726	-0.000571982429	-0.000042134934	0.000108866233	0.000179988669	-0.000124396224	0.000022388451	0.000079731859	-0.000026808205	0.000022932070	0.000011146974	-0.000010902921	0.000005580023	0.000043368264	0.000004246886	-0.000004316338	0.000007936861	-0.000005306323	0.000003002725	-0.000001040480	0.000004500493	0.000002751495	0.000000267608	-0.000000190579	-0.000000378587	-0.000000424518	0.000000665022	-0.000001605469	0.000001145055	0.000001865868	-0.000004001214	-0.000001480975	0.000001241665	0.000004032330	-0.000000001773	-0.000000016795	0.000001085026	0.000003592728	0.000001718017	0.000002241755	0.000000236774	-0.000000036925
5000.000000000000	0.999951818768	1.029352151670	-0.675351157101	0.002895736055	0.002398610456	0.012944494801	-0.012033721836	0.000176975076	0.000371188517	0.001282012404	-0.000558186044	-0.000043993342	0.000104672278	0.000168503504	-0.000126821212	0.000004797306	0.000085920512	-0.000024754261	0.000029350852	0.000018444780	-0.000013289245	-0.000004540708	0.000040797525	-0.000004431933	0.000001411210	0.000005444752	-0.000004226928	0.000003452978	-0.000003971684	0.000003381180	0.000000355952	0.000000883200	-0.000000636672	-0.000000027321	-0.000000740003	-0.000000784825	-0.000003208261	0.000002176504	-0.000001216762	-0.000002615872	-0.000001453219	0.000000038278	0.000003502148	-0.000003035700	0.000001593417	0.000000352437	0.000001193811	0.000006447151	-0.000007512973	0.000000859769	0.000001060547
5000.000000000000	1.000057702999	1.029633438342	-0.675002034880	0.002910563103	0.002415851431	0.012927598206	-0.012013467397	0.000175345182	0.000348840880	0.001290582669	-0.000558641280	-0.000045838153	0.000100071774	0.000172555280	-0.000121486603	0.000029222954	0.000067010334	-0.000019992723	0.000033463035	0.000026731362	-0.000017979453	-0.000013595619	0.000043360084	-0.000009679729	-0.000011705610	0.000008771804	-0.000000943352	0.000002335015	0.000004885478	0.000001416445	-0.000001019507	-0.000000296692	0.000000502774	-0.000000141708	0.000000279309	-0.000002086761	-0.000001077781	0.000001882326	0.000000494798	-0.000001451792	-0.000001001049	-0.000000584313	0.000004808573	-0.000001623092	0.000001646578	0.000000332957	0.000000677704	0.000001132439	0.000002248167	0.000000792056	0.000002185222
5000.000000000000	1.000035056156	1.029821361589	-0.674957494972	0.002918654860	0.002416930957	0.012944450429	-0.012013002421	0.000152222560	0.000385720752	0.001279486391	-0.000564065475	-0.000059475023	0.000098004792	0.000182550159	-0.000136527114	0.000011840564	0.000079626835	-0.000021974348	0.000016687003	0.000013211400	-0.000006501700	-0.000004325907	0.000032178324	0.000003357227	-0.000009466196	0.000014832070	0.000006104426	0.000000360190	-0.000003791236	0.000004405552	-0.000002405155	-0.000000343291	-0.000002542867	-0.000000639050	-0.000001477970	-0.000000498827	-0.000001261461	0.000003413372	-0.000000541126	-0.000003865062	-0.000002183851	0.000000426970	0.000002941934	-0.000000469005	0.000001183627	0.000000828118	0.000001618664	0.000008450517	0.000002396014	-0.000000058897	0.000000435799
5000.000000000000	0.999798179821	1.029928108390	-0.675154384100	0.002902263576	0.002425290303	0.012943938550	-0.012018975482	0.000166059070	0.000342238885	0.001281009668	-0.000559092340	-0.000041409940	0.000097397394	0.000177357691	-0.000129841046	0.000034082495	0.000066214171	-0.000016992061	0.000034442882	0.000019258080	-0.000012148640	-0.000003144016	0.000032339373	0.000012631066	-0.000011934473	0.000011633019	-0.000007582821	0.000001269197	-0.000001961612	0.000002992895	-0.000001035237	-0.000001666944	-0.000003199359	-0.000004402535	-0.000001459333	-0.000000715508	-0.000002312822	0.000001194109	-0.000002224409	-0.000002756449	-0.000000815683	0.000000220724	0.000000482025	-0.000002964289	0.000000632580	0.000001064422	0.000002282054	0.000001181198	-0.000007514978	0.000002253867	0.000001038311
5000.000000000000	1.000635874243	1.030292455071	-0.675353104084	0.002904423292	0.002419304177	0.012963021628	-0.012042079428	0.000155979148	0.000358696242	0.001288149867	-0.000559870720	-0.000051757718	0.000104229820	0.000175734252	-0.000131488267	0.000013778636	0.000093244695	-0.000026596047	0.000025157347	0.000016406904	-0.000006489882	-0.000004851508	0.000023090727	0.000014044974	-0.000006655063	0.000014893579	-0.000001928447	-0.000004502933	-0.000003969749	0.000004077501	0.000000442491	-0.000000243515	-0.000002290937	-0.000000265223	-0.000000824162	-0.000001896911	-0.000000454567	0.000001460568	-0.000001430964	-0.000003043253	-0.000000573606	0.000000293027	0.000005084086	-0.000000743354	0.000000750223	0.000001212366	0.000002094168	0.000002104435	0.000001865189	-0.000000870142	0.000003289979
5000.000000000000	0.999667793756	1.029692042555	-0.674971208145	0.002905712218	0.002405728442	0.012946177898	-0.011991598128	0.000153756537	0.000372094062	0.001288424532	-0.000559772274	-0.000036398727	0.000107284594	0.000188674336	-0.000134444343	0.000032237150	0.000083647769	-0.000009708698	0.000017037444	0.000007824471	-0.000009789743	0.000000032660	0.000038089280	-0.000011150345	-0.000014051153	0.000010223052	-0.000007951497	-0.000003703661	-0.000000362950	0.000003597080	0.000002799537	0.000001380533	-0.000002187378	-0.000000649171	-0.000001171607	-0.000005032818	0.000000523946	0.000001716395	-0.000002276805	-0.000001869288	-0.000002134621	0.000001519305	0.000001557633	-0.000000115853	0.000001748389	0.000002267620	0.000001186749	0.000006287880	0.000004509459	0.000000969334	0.000000721670
5000.000000000000	1.000228127116	1.029976465429	-0.675095161866	0.002921779825	0.002417107580	0.012940268539	-0.012035687357	0.000142828890	0.000353164769	0.001279731746	-0.000554351706	-0.000042427997	0.000110039525	0.000181505215	-0.000126710693	0.000023010431	0.000089112136	-0.000036375657	0.000020731524	0.000021518102	-0.000014504970	-0.000011834716	0.000024057342	0.000019725283	0.000008795877	0.000013363422	0.000000734429	-0.000001404387	0.000001171034	0.000006713141	-0.000000158512	-0.000000157407	-0.000001446043	-0.000000854709	-0.000000989300	-0.000001743074	-0.000001434048	0.000001422043	-0.000001452140	-0.000004324982	-0.000000011550	-0.000000272944	0.000004218812	-0.000000602738	0.000002145631	0.000001138891	0.000002153108	0.000010702873	-0.000000293316	-0.000000622679	0.000000969264
5000.000000000000	0.999989048725	1.029789152783	-0.675340735191	0.002909652658	0.002422365169	0.012950496806	-0.012023259087	0.000177997439	0.000328211010	0.001293066020	-0.000566512127	-0.000050058698	0.000098593717	0.000186392080	-0.000129840336	0.000020602920	0.000091335377	-0.000025544139	0.000024004056	0.000012504282	-0.000006113280	-0.000000946019	0.000027608376	-0.000003697603	-0.000004992207	0.000022690516	-0.000013900624	0.000000955344	-0.000003106077	0.000004611837	0.000002791005	-0.000000923986	-0.000002410132	0.000000618392	0.000000215669	-0.000001975487	-0.000001228858	0.000001772105	-0.000001684471	-0.000002482295	-0.000002336508	0.000000508352	0.000003212521	-0.000003588168	-0.000000980564	0.000001660866	0.000002138081	0.000002568173	-0.000004835181	-0.000000360863	-0.000000434341
5000.000000000000	1.000297556348	1.029744926791	-0.675699984085	0.002910297517	0.002421254528	0.012937520692	-0.012034148544	0.000157678331	0.000364362326	0.001278329980	-0.000554936814	-0.000044750978	0.000099958541	0.000186029122	-0.000118641037	0.000022652155	0.000074672229	-0.000021675212	0.000016168472	0.000020812348	-0.000007301032	-0.000008669780	0.000030554536	-0.000005853260	-0.000008238192	0.000018122964	0.000007640019	0.000000114187	-0.000008294853	0.000004190810	0.000000455976	0.000003305195	-0.000001986168	-0.000002226225	0.000000294719	-0.000000131895	-0.000002754396	0.000001055090	-0.000002737143	-0.000002767507	-0.000002058396	0.000000736277	0.000003028781	-0.000003198350	-0.000000198684	0.000000828802	0.000001635861	0.000005706118	-0.000008343685	-0.000002461494	0.000000658255
5000.000000000000	1.000089832434	1.029820517363	-0.675374724140	0.002901423940	0.002404787450	0.012952659280	-0.012040519145	0.000162456534	0.000358371594	0.001282252503	-0.000553485975	-0.000052566327	0.000096622875	0.000185183369	-0.000134264888	0.000008576180	0.000081998828	-0.000020424194	0.000023149692	0.000019096388	-0.000004482149	0.000005898987	0.000022772997	-0.000025651517	-0.000011708317	0.000019739303	-0.000002872320	-0.000005000927	-0.000007876527	0.000002028633	0.000001911105	-0.000003440895	-0.000000262520	-0.000002242579	0.000001101697	-0.000000732455	-0.000001935548	0.000001938094	-0.000001983720	-0.000001937242	-0.000001968831	-0.000000067191	0.000002656902	-0.000000879310	0.000001350434	0.000001560007	0.000003552297	0.000011735722	0.000003432576	-0.000000308533	0.000001059530
5000.000000000000	1.000286771081	1.030183223053	-0.675290092674	0.002910514834	0.002404845259	0.012961252951	-0.012038214543	0.000171269855	0.000342860266	0.001295665183	-0.000556914848	-0.000054983088	0.000102003276	0.000185602501	-0.000133696779	0.000029413067	0.000084940969	-0.000026779403	0.000014637089	0.000018996108	-0.000005782000	-0.000004317719	0.000028592540	0.000008339128	0.000007720996	0.000024457681	-0.000008279968	-0.000002364024	-0.000008477170	0.000004544297	0.000002190246	0.000000683535	-0.000004515781	-0.000001054182	-0.000001107465	-0.000000257799	-0.000001665493	0.000002685045	-0.000001621314	-0.000004225621	-0.000001075900	0.000001670032	0.000003000437	-0.000001147298	0.000001487232	0.000000861766	0.000002931695	0.000005662829	0.000004010147	-0.000001134919	0.000000851620
5000.000000000000	0.999801861902	1.029930225675	-0.675154817812	0.002912977469	0.002425060445	0.012954918612	-0.012034594340	0.000159028367	0.000334400992	0.001289550848	-0.000567152777	-0.000048133301	0.000099417644	0.000195081076	-0.000124705180	0.000025539674	0.000073399244	-0.000017590098	0.000009091980	0.000014398287	-0.000012794510	-0.000003131929	0.000030129539	-0.000000037293	-0.000003609500	0.000023516055	0.000002634779	0.000000047014	-0.000007031906	0.000003249898	0.000000621871	0.000000623316	-0.000002561622	0.000000660461	-0.000000560553	-0.000001611055	-0.000004396934	0.000002415079	-0.000000153569	-0.000002877816	-0.000000987764	-0.000000538393	0.000002599644	-0.000000140908	0.000000832452	0.000000750795	0.000002058022	0.000011836396	-0.000002729080	-0.000000854084	-0.000000786276
5000.000000000000	1.000229832434	1.030236868821	-0.675839874681	0.002891561807	0.002404650166	0.012961906171	-0.012054163700	0.000164600859	0.000346033494	0.001282270635	-0.000557708449	-0.000041919340	0.000100407475	0.000188975319	-0.000130820105	0.000014947140	0.000077090791	-0.000020522546	0.000014670866	0.000013456499	-0.000012104957	-0.000008487358	0.000034337963	0.000021511631	-0.000003287183	0.000023484342	0.000000011725	0.000004469543	-0.000004874482	0.000004540431	0.000000877878	0.000000344636	-0.000005268997	-0.000001452424	0.000000246286	-0.000001342946	-0.000001220462	0.000002020875	-0.000002319752	-0.000002370968	-0.000001117328	-0.000000575137	0.000002895861	-0.000001163940	0.000001693875	0.000002101229	0.000001014147	0.000002633632	0.000003273894	-0.000001674185	-0.000000415516
5000.000000000000	1.000478605313	1.029761246662	-0.675732761878	0.002921111367	0.002417244245	0.012933157335	-0.012039510827	0.000159678346	0.000349364644	0.001290810682	-0.000563957062	-0.000047628054	0.000103752880	0.000183398405	-0.000123696559	0.000004488700	0.000082943015	-0.000023411657	0.000015701507	0.000011112939	-0.000008927699	0.000001556404	0.000025865332	-0.000000871125	-0.000010789282	0.000024701907	0.000010214080	0.000001700346	-0.000004377469	0.000003200141	0.000002167240	-0.000000879025	-0.000004498109	-0.000001451500	0.000000904894	-0.000001202602	-0.000003425396	0.000001452628	0.000000056992	-0.000002136106	-0.000000347390	0.000000091026	0.000003410894	0.000000094578	0.000000389689	0.000001558244	0.000001968433	0.000007040917	-0.000005915339	0.000000064856	0.000001073920
5000.000000000000	0.999606151777	1.029780381878	-0.675697607952	0.002900081072	0.002426778779	0.012936072970	-0.012042129192	0.000168303481	0.000348105731	0.001286412258	-0.000566535518	-0.000050768213	0.000108176810	0.000186468923	-0.000115455193	0.000028355385	0.000083233779	-0.000024497220	0.000019837766	0.000016848080	-0.000005357331	-0.000000316354	0.000023614053	-0.000002517099	-0.000014659458	0.000015942355	-0.000002491370	0.000004076602	-0.000000163095	0.000003950994	0.000001772743	0.000000872328	-0.000005838395	-0.000001512226	-0.000001627633	-0.000001202826	-0.000001634902	-0.000000232947	-0.000000621525	-0.000004738389	-0.000001797726	0.000000380246	0.000001884970	-0.000001569919	0.000000606558	0.000000153381	0.000001555636	0.000007914635	-0.000006713912	-0.000000468786	0.000000587886
5000.000000000000	1.000395908377	1.030002753128	-0.675953254565	0.002903248609	0.002415457914	0.012947799851	-0.012066857018	0.000166598580	0.000352613638	0.001296397265	-0.000574591723	-0.000033668307	0.000095001758	0.000180950018	-0.000131054108	-0.000004635084	0.000083191560	-0.000018928873	0.000022428642	0.000018304585	-0.000001945431	-0.000004868032	0.000023404006	0.000008161148	-0.000006657574	0.000022380585	-0.000008652294	0.000003355951	0.000001429778	0.000004283877	0.000003779868	-0.000002064739	-0.000002947744	-0.000000253446	-0.000000287468	-0.000000220460	-0.000002566107	0.000002475667	-0.000001625897	-0.000002880417	0.000000114999	0.000000543153	0.000001386386	-0.000001763945	0.000001239784	0.000000692207	0.000001114934	0.000005415878	-0.000002246480	-0.000000467259	0.000000140781
5000.000000000000	0.999916691505	1.029893385638	-0.675413452276	0.002898495562	0.002424300409	0.012961596773	-0.012046161839	0.000155462729	0.000342514018	0.001292089960	-0.000561223540	-0.000036707387	0.000090820367	0.000189118985	-0.000127580122	0.000004275071	0.000081658671	-0.000018406572	0.000018556099	0.000019283758	-0.000011565666	-0.000003524484	0.000027576291	0.000009998873	-0.000006103680	0.000020656076	0.000000749385	-0.000000439233	-0.000001131980	0.000002913407	0.000001688254	0.000000045055	-0.000002192783	-0.000000499396	-0.000000472093	0.000000649827	-0.000002373815	0.000002713553	-0.000002131273	-0.000002094719	-0.000001767693	0.000000990929	0.000002880562	-0.000000762665	0.000001828889	0.000001400648	0.000001328352	0.000000103803	-0.000007897961	-0.000001994977	-0.000000292296
5000.000000000000	1.000594984634	1.030153060497	-0.675812067360	0.002914931301	0.002422635153	0.012959476697	-0.012049188685	0.000145853552	0.000336817631	0.001298605132	-0.000571766099	-0.000037527433	0.000094154720	0.000194481505	-0.000119635751	0.000010728637	0.000083314561	-0.000025256919	0.000017633055	0.000021031065	-0.000008618655	0.000000486478	0.000025906684	0.000011806477	-0.000001861607	0.000020229164	0.000001715763	-0.000001525073	-0.000013448522	0.000008672378	0.000003110294	-0.000001001376	-0.000000842935	-0.000001352630	0.000000128191	-0.000001214131	0.000000248643	0.000000744045	-0.000000910175	-0.000002955119	-0.000001006806	0.000001764228	0.000002795705	-0.000001023154	0.000000474115	0.000001967206	0.000000663139	0.000007092446	-0.000008433710	-0.000001429346	0.000000418156
5000.000000000000	1.000168314450	1.029781726863	-0.675613163896	0.002903528123	0.002431540116	0.012936593552	-0.012040729539	0.000150846213	0.000356177081	0.001310367178	-0.000558523070	-0.000044298294	0.000107053866	0.000190431242	-0.000123998379	0.000038871599	0.000094752220	-0.000021197662	0.000011949536	0.000019995710	-0.000004890646	-0.000002505760	0.000030408424	0.000013541762	0.000005136747	0.000009979939	0.000000357460	0.000002651976	-0.000003239521	0.000001944076	0.000001244827	-0.000000045540	-0.000000873963	0.000001141258	-0.000003037303	-0.000000328283	-0.000000188033	0.000000701107	-0.000001453292	0.000000235208	-0.000001180854	0.000002611065	0.000003559730	-0.000001574475	0.000001294502	0.000001855656	0.000001794437	0.000005512776	0.000001594618	0.000000465407	0.000000908675
5000.000000000000	0.999902047566	1.030258814981	-0.675450044211	0.002921103729	0.002425814125	0.012931647668	-0.012049379190	0.000145537364	0.000343272822	0.001303430310	-0.000556774190	-0.000041326403	0.000100841705	0.000180869579	-0.000123280366	0.000017054595	0.000092876526	-0.000020100605	0.000011089098	0.000020465256	-0.000007118240	-0.000003621738	0.000028996431	0.000013736142	-0.000013705339	0.000022210790	0.000000414956	0.000003950503	-0.000007095675	0.000001544431	0.000000851254	-0.000000080043	-0.000003149034	-0.000002625711	-0.000004117580	-0.000000529741	-0.000001043864	0.000000206554	-0.000002571109	-0.000002105744	-0.000000650032	-0.000000363580	0.000002456587	-0.000001847589	0.000002271333	0.000000215536	0.000002609453	0.000012118683	-0.000000538103	-0.000000170735	0.000001601596
5000.000000000000	1.000205137707	1.030046414911	-0.675543699853	0.002916916809	0.002419380251	0.012943889128	-0.012063746844	0.000175485340	0.000367579846	0.001300946616	-0.000559257485	-0.000050625507	0.000091542017	0.000179462268	-0.000128048180	0.000037080419	0.000083193539	-0.000028130214	0.000018030902	0.000012151178	-0.000013295449	-0.000003473748	0.000031695420	0.000026764589	-0.000004222095	0.000019185302	-0.000002529166	0.000004074221	-0.000004854174	0.000002449155	0.000003029971	0.000000828508	-0.000002424196	0.000001300841	-0.000000747112	-0.000000982420	-0.000000729159	0.000000921728	-0.000001482810	-0.000000837523	-0.000002024691	0.000002097382	0.000001287857	-0.000001660483	0.000001213093	-0.000000150329	0.000002310180	0.000006484023	-0.000005745379	0.000000716593	-0.000002027521
5000.000000000000	0.999750033117	1.030130945985	-0.675453219666	0.002914203422	0.002420491955	0.012945981303	-0.012050140460	0.000172248086	0.000355114797	0.001290915482	-0.000560358431	-0.000042023852	0.000103653340	0.000194065706	-0.000118131287	0.000008937065	0.000077943192	-0.000019532015	0.000015883427	0.000014319400	-0.000008915028	-0.000001176330	0.000023362294	0.000001289243	-0.000009586994	0.000022613406	0.000004021892	-0.000003957629	-0.000002725083	0.000001060528	0.000004352800	0.000000846886	-0.000002686411	0.000002651521	0.000000839649	0.000002085745	-0.000003421218	0.000001133889	-0.000000991292	-0.000001879859	-0.000000293068	0.000002644759	0.000000992893	-0.000000874302	0.000001174258	-0.000000560770	0.000000169932	0.000005089506	0.000002084911	-0.000000711793	-0.000001644350
5000.000000000000	1.000407106980	1.030581652694	-0.675803879217	0.002901968684	0.002437391566	0.012958460504	-0.012081422896	0.000184320393	0.000356590423	0.001298957656	-0.000563259001	-0.000037373943	0.000094312530	0.000183635300	-0.000117225140	0.000023828694	0.000083756875	-0.000021106334	0.000009945711	0.000012052530	-0.000007600266	-0.000003279155	0.000026019675	0.000015821358	-0.000010250245	0.000029126000	0.000003840316	0.000003761957	-0.000005033238	0.000002485940	0.000003584248	0.000001636419	-0.000002942168	0.000000465612	-0.000003592142	-0.000001032147	-0.000002461883	0.000001088513	-0.000000870139	-0.000001657298	-0.000002336759	0.000001837372	0.000002138307	-0.000002126600	0.000000168401	0.000000087105	0.000001442027	-0.000002311873	-0.000000125773	0.000000088025	-0.000000712717
5000.000000000000	1.000229953608	1.030393186212	-0.675967447403	0.002916052747	0.002436480277	0.012936370104	-0.012079875012	0.000176283019	0.000348868224	0.001297035154	-0.000556073483	-0.000034218897	0.000081650748	0.000192129814	-0.000111615319	0.000014737167	0.000092424757	-0.000020473579	0.000015616848	0.000017359070	-0.000007621731	0.000002818765	0.000031408011	0.000000369022	-0.000012076458	0.000005734231	0.000001732166	0.000000868419	-0.000002596758	0.000003659493	0.000004181207	-0.000000453064	-0.000001675798	0.000002889358	-0.000000350907	0.000000777021	-0.000002375012	0.000001979371	-0.000000399522	-0.000002567454	-0.000001950703	0.000004408836	0.000004103245	-0.000001990387	0.000000553640	0.000000138305	0.000003027974	0.000009872172	-0.000001690738	0.000000465696	-0.000001451847
5000.000000000000	1.000351555446	1.030397593896	-0.675836805261	0.002920934233	0.002420015206	0.012963450713	-0.012064826901	0.000144487848	0.000346589867	0.001310831181	-0.000563277448	-0.000041804573	0.000096741052	0.000187591379	-0.000120938959	0.000025422683	0.000094483268	-0.000024053137	0.000006835798	0.000017559051	-0.000008773537	-0.000006256130	0.000026324663	0.000011427503	0.000010343981	0.000010230686	0.000005655670	0.000000069370	-0.000004888983	0.000001230406	0.000002520879	0.000000308891	0.000000768250	0.000000306227	-0.000000088326	0.000001006981	0.000001108695	0.000000576046	-0.000001701978	-0.000003595212	-0.000000138071	0.000003036142	0.000002264769	-0.000000403697	0.000000663367	0.000000861462	0.000002035313	-0.000001057641	0.000002612469	-0.000000690305	-0.000001145786
5000.000000000000	1.000331325330	1.030337218030	-0.675553336460	0.002911343489	0.002438021730	0.012927272315	-0.012057822567	0.000159949476	0.000345123582	0.001301376288	-0.000553865280	-0.000036311575	0.000097761734	0.000188647716	-0.000112252359	0.000010899015	0.000078533224	-0.000021761311	-0.000000426133	0.000025589770	-0.000008700151	-0.000003654629	0.000025982313	-0.000008538366	-0.000004352594	0.000016774968	0.000006208224	0.000005405563	-0.000003169843	0.000002109418	0.000003392895	0.000001165505	0.000000576731	0.000001545518	-0.000000683639	-0.000000995941	0.000000050540	0.000000373216	-0.000000090369	-0.000002995331	-0.000001204874	0.000002178205	0.000001590351	-0.000001163306	0.000001750276	-0.000000743734	0.000001802475	0.000006174890	0.000003691183	0.000002800457	-0.000001393585
5000.000000000000	1.000111568770	1.030071061880	-0.675921024237	0.002917704687	0.002419600222	0.012923408762	-0.012058630788	0.000162765841	0.000356864621	0.001314028374	-0.000553420800	-0.000043702312	0.000093363680	0.000188556864	-0.000119881777	-0.000001056934	0.000093090786	-0.000018288483	0.000004180164	0.000020501306	-0.000003990007	-0.000005985783	0.000018785354	-0.000006444678	0.000003631932	0.000033690597	0.000008227664	-0.000004088604	-0.000005528455	0.000003680251	0.000002571193	-0.000000879302	-0.000000580366	-0.000001105760	-0.000001742485	0.000000261655	-0.000001833783	-0.000000360693	0.000001418150	-0.000001160758	-0.000000213469	0.000003552048	0.000001006407	-0.000000535566	0.000000231333	0.000000225252	0.000002105291	0.000002905028	-0.000007966193	0.000002116773	-0.000001384328
5000.000000000000	1.000157103216	1.030233271744	-0.675658111601	0.002903574808	0.002416985139	0.012931348737	-0.012056841666	0.000148861803	0.000342854529	0.001322351365	-0.000544611761	-0.000044312198	0.000090806347	0.000185547667	-0.000105814940	0.000011809999	0.000086161855	-0.000020296608	-0.000004220880	0.000019588952	-0.000002322406	-0.000005294186	0.000026754135	0.000013003685	0.000000454293	0.000018610393	-0.000017133808	-0.000002447125	0.000000719895	0.000001576788	0.000006828325	-0.000003057673	-0.000001600896	0.000003522749	-0.000000872691	0.000001072666	-0.000001331502	0.000000609533	0.000001215908	-0.000003585825	-0.000000945984	0.000003645295	0.000000015650	-0.000000873248	0.000000367913	0.000000005538	0.000001689658	0.000008175610	-0.000006696771	0.000002361331	-0.000001022382
5000.000000000000	1.000049247852	1.030236984726	-0.675698383395	0.002902574359	0.002442504784	0.012923357696	-0.012081755428	0.000162341957	0.000345273640	0.001328805002	-0.000545071193	-0.000038808987	0.000100194226	0.000178931373	-0.000095911706	0.000005334171	0.000070347141	-0.000013200258	-0.000003254764	0.000021358146	-0.000002257913	-0.000006324304	0.000031039355	0.000016515831	-0.000009071842	0.000031099137	0.000002473223	-0.000002173583	0.000003420937	0.000002827798	0.000009209708	0.000000378439	0.000000912771	0.000003703026	-0.000004589565	-0.000000442401	-0.000005029224	0.000000691803	0.000000208628	-0.000003855321	-0.000001543882	0.000002797961	-0.000000216829	0.000000239748	0.000000189435	-0.000002591401	0.000002473164	0.000002715078	-0.000000473982	0.000003226849	-0.000000342325
5000.000000000000	1.000184677283	1.030745063507	-0.675642220635	0.002905892267	0.002436672119	0.012935114256	-0.012083284766	0.000156988927	0.000349308724	0.001333374963	-0.000556217793	-0.000038164391	0.000098294752	0.000190479445	-0.000098538422	-0.000000526668	0.000088590581	-0.000020545850	-0.000000736753	0.000012648776	-0.000005638153	-0.000003629418	0.000029356833	0.000007234811	-0.000005917405	0.000018411559	-0.000007735469	0.000005780677	-0.000006252240	0.000002116864	0.000004128819	-0.000001261173	-0.000001812113	0.000001332021	-0.000004257538	-0.000000518113	-0.000002433168	-0.000000221719	0.000001351453	-0.000003697327	-0.000000761549	0.000003159319	0.000002018999	-0.000000956459	0.000000462339	-0.000000617227	0.000003549427	-0.000000840689	-0.000003721566	0.000000910382	-0.000000384576
5000.000000000000	1.000422582564	1.030428991829	-0.675867547465	0.002898567686	0.002420150480	0.012928922713	-0.012087707327	0.000166010445	0.000334060925	0.001330444678	-0.000561261921	-0.000045047062	0.000100691420	0.000180438494	-0.000102245967	0.000009309394	0.000073617170	-0.000025997047	-0.000000558931	0.000011806121	-0.000008031217	0.000000287038	0.000030306519	0.000016370345	0.000003425202	0.000031817993	-0.000005794347	-0.000000262805	-0.000000403407	0.000002006636	0.000007363544	0.000000778621	0.000000118040	0.000002195029	-0.000002328379	-0.000000134830	-0.000002548002	0.000001530361	0.000000403628	-0.000002044265	-0.000000147940	0.000004081067	0.000000339657	-0.000000978968	0.000000920160	-0.000000382295	0.000002902224	0.000001717136	-0.000001794364	0.000001591651	-0.000000369868
5000.000000000000	1.000298431113	1.030361308498	-0.675540881241	0.002907016144	0.002443091756	0.012930018148	-0.012065638259	0.000178331004	0.000347368005	0.001310003540	-0.000558314973	-0.000041456041	0.000087420965	0.000183529328	-0.000091168112	0.000025820044	0.000085947597	-0.000024307123	0.000001498718	0.000019338936	-0.000008149043	-0.000003250730	0.000037207592	0.000016233532	-0.000010945125	0.000021374170	0.000008095540	0.000004533250	-0.000000675495	0.000001843383	0.000007688135	-0.000000203101	-0.000000587430	0.000004144313	-0.000003302339	0.000000575976	-0.000003059529	0.000000681913	0.000000133530	-0.000001174554	-0.000000898748	0.000004087194	0.000000271579	-0.000000150003	0.000002570646	-0.000001138884	0.000002904528	0.000009371522	-0.000007842916	0.000001302465	-0.000002890461
5000.000000000000	1.000217650492	1.030091543906	-0.676064926945	0.002904360648	0.002451394286	0.012914899302	-0.012100999644	0.000169437168	0.000340579422	0.001322995249	-0.000555832845	-0.000030120408	0.000091300480	0.000178300053	-0.000099479915	0.000007886214	0.000094770828	-0.000015855293	-0.000002309543	0.000021111324	-0.000000233034	-0.000002523719	0.000024544728	0.000013530317	-0.000004936004	0.000022945710	0.000005720257	-0.000008078039	-0.000007696477	-0.000000127396	0.000006851748	-0.000000730021	-0.000000668310	0.000001498665	-0.000002779365	0.000000944869	-0.000001673028	0.000001678629	0.000001305596	-0.000002710791	-0.000000550808	0.000003962843	-0.000000187246	-0.000000161397	-0.000000129068	-0.000001631301	0.000001719137	0.000003373990	-0.000000373234	0.000003059255	0.000000200765
5000.000000000000	1.000305437849	1.030673318732	-0.675720902001	0.002910491407	0.002417981681	0.012947499653	-0.012080447837	0.000158116294	0.000330144528	0.001331675201	-0.000554736514	-0.000038945813	0.000107401049	0.000179129526	-0.000101740419	-0.000002907708	0.000088182116	-0.000023017086	-0.000008946371	0.000012573072	-0.000007578368	-0.000003873843	0.000033243677	0.000007708388	0.000004141555	0.000041831406	0.000017713060	0.000002347102	-0.000004975486	0.000004985683	0.000005934241	-0.000000737320	-0.000002148028	0.000001758660	-0.000003379674	0.000001603789	-0.000001728797	0.000000407473	0.000001401090	-0.000002226219	-0.000003083327	0.000004745549	-0.000000312033	-0.000001020562	0.000000757537	-0.000001677694	0.000003601316	0.000000423558	-0.000004827162	0.000004864286	-0.000000904434
5000.000000000000	1.000239188249	1.030856169792	-0.675879488451	0.002901285022	0.002418325197	0.012947200443	-0.012080964505	0.000160683564	0.000331621734	0.001334030516	-0.000565322827	-0.000038857084	0.000105020179	0.000188998751	-0.000103449411	0.000020412515	0.000090922128	-0.000023959375	-0.000007244698	0.000019154668	-0.000006123133	-0.000003467396	0.000023496434	0.000012989642	-0.000004233166	0.000014574967	-0.000007164643	-0.000004261876	0.000006395268	0.000004885274	0.000009360942	-0.000002401947	0.000000473699	0.000002824815	-0.000001155458	-0.000003724514	-0.000001387666	0.000000129217	0.000000851782	-0.000002788562	-0.000000472250	0.000005156025	0.000000597823	-0.000001320077	0.000002039166	0.000000155505	0.000001972017	0.000002791162	0.000004691616	0.000003740372	0.000000076114
5000.000000000000	1.000165983885	1.030758108806	-0.675930713805	0.002903338234	0.002442225656	0.012955055088	-0.012075434193	0.000157742611	0.000355532773	0.001324241711	-0.000559228441	-0.000026708331	0.000109462586	0.000191044190	-0.000105080787	0.000002802709	0.000079747060	-0.000021786298	-0.000000887249	0.000020505657	-0.000003769675	0.000009722101	0.000024349016	0.000018138647	-0.000015693092	0.000011263172	0.000009390430	-0.000016491929	-0.000004811926	-0.000001608766	0.000006146975	0.000001521200	-0.000001755660	0.000002048115	-0.000004663063	0.000000225874	-0.000000979613	-0.000000244571	0.000001740500	-0.000002147627	0.000000118197	0.000004596171	0.000000803467	-0.000001786705	0.000002184223	-0.000001128196	0.000001731963	0.000005915127	0.000001535055	0.000004369342	-0.000000123391
5000.000000000000	1.000591260524	1.030818319243	-0.676114673954	0.002903608259	0.002425884322	0.012953496139	-0.012106458663	0.000173151714	0.000347596655	0.001323440338	-0.000551409214	-0.000042694083	0.000105292680	0.000187676504	-0.000103494467	0.000009773166	0.000091863703	-0.000023256491	-0.000003816536	0.000016316211	-0.000012027293	-0.000000816384	0.000023695098	0.000007599923	0.000001531988	0.000009005630	0.000009294136	-0.000001869959	-0.000010567284	-0.000002571219	0.000006165351	0.000000174124	0.000000387465	0.000004109150	-0.000003484985	-0.000001670644	-0.000005897780	-0.000000594322	0.000001366150	-0.000002420466	-0.000001850196	0.000004514975	0.000002223783	-0.000001815230	0.000001109113	-0.000001679510	0.000002074938	0.000011153633	-0.000003185481	0.000002150437	-0.000001746158
5000.000000000000	1.000263331837	1.031010170014	-0.675944977744	0.002896241752	0.002419922342	0.012953499505	-0.012085071744	0.000169810637	0.000348926960	0.001309653965	-0.000548350238	-0.000036042461	0.000096466105	0.000189224628	-0.000107332094	0.000006775124	0.000091926912	-0.000018562183	-0.000001103016	0.000019968680	-0.000008017300	-0.000000010961	0.000030155390	0.000008329368	-0.000006498776	0.000010399085	0.000018124925	0.000001629803	0.000001707037	0.000001008239	0.000002523147	-0.000003701648	-0.000000475958	0.000003281036	-0.000002138509	-0.000000290397	-0.000002730392	0.000000992181	0.000001813059	-0.000004572669	-0.000003313641	0.000005136477	-0.000000502555	-0.000001883784	0.000001337147	-0.000003000150	0.000003627078	0.000004618595	0.000001927680	0.000003204821	0.000000968415
5000.000000000000	1.000437355815	1.030912586880	-0.676186465642	0.002904676260	0.002430710318	0.012946097592	-0.012103545650	0.000161545200	0.000345103934	0.001296346578	-0.000552871593	-0.000055038925	0.000093783853	0.000192730130	-0.000102575124	0.000010615515	0.000080440616	-0.000022784683	-0.000001184700	0.000017471650	-0.000004435774	-0.000003248346	0.000025239638	-0.000009408815	-0.000011244496	0.000018440749	0.000019938884	0.000007162556	-0.000000648891	0.000005259656	0.000007281396	0.000000537808	0.000001239944	0.000000379193	-0.000002982600	-0.000000241870	-0.000000321245	0.000001614210	0.000000581325	-0.000002046831	-0.000002090476	0.000004281962	0.000001238936	-0.000001165263	0.000000782730	-0.000001853150	0.000002281449	0.000000358494	-0.000008182983	0.000002650106	-0.000000449288
5000.000000000000	1.000539197418	1.030563395007	-0.675900540725	0.002907173355	0.002426376309	0.012961589246	-0.012094373565	0.000163063096	0.000330234849	0.001314229748	-0.000539417017	-0.000052258294	0.000104853378	0.000196712346	-0.000121897722	-0.000003829742	0.000092072676	-0.000020497077	0.000000884547	0.000019713601	-0.000004090163	-0.000002210711	0.000025493849	0.000005481994	0.000002616784	0.000038449740	0.000012696256	0.000001414940	0.000006049035	0.000002215186	0.000006366029	-0.000000559585	-0.000002087360	0.000001685427	-0.000003645818	-0.000002076228	-0.000001491026	0.000002614273	0.000000188805	-0.000004210961	-0.000001268835	0.000004043125	0.000000853557	-0.000001534055	0.000001062036	-0.000000742352	0.000002928324	0.000006087106	0.000002401506	0.000004563399	0.000000654210
5000.000000000000	1.000238516374	1.030113065616	-0.676209835857	0.002916071235	0.002419850199	0.012939882086	-0.012096896113	0.000153510705	0.000355241150	0.001283364078	-0.000552477836	-0.000045479943	0.000095879775	0.000208981047	-0.000127174097	0.000004393577	0.000077822785	-0.000015977083	0.000012443789	0.000018516280	-0.000007085264	-0.000001651600	0.000027875086	0.000019799761	0.000001611907	0.000010675795	0.000005500403	0.000007846055	-0.000006117160	0.000001066042	0.000003300033	0.000000969145	-0.000001773297	-0.000000745084	-0.000001414455	0.000001320290	-0.000001282320	0.000001217442	-0.000001249508	-0.000003782233	0.000000073086	0.000003690119	0.000001882306	-0.000001021039	0.000001384861	-0.000000001853	0.000000932880	0.000011769630	-0.000004410933	0.000001750570	-0.000000459593
5000.000000000000	1.000455747807	1.030676899403	-0.675990090471	0.002911373281	0.002424458130	0.012952694555	-0.012078017607	0.000163081042	0.000344759662	0.001286264683	-0.000550380416	-0.000046488206	0.000093467496	0.000210517002	-0.000129872418	0.000034317128	0.000081463359	-0.000023620086	0.000020049087	0.000016336311	-0.000006768226	0.000000304075	0.000017901523	0.000011626593	0.000001804700	0.000021947887	0.000014717152	0.000006980331	-0.000014446133	0.000001766262	0.000002895152	0.000002683713	-0.000000626345	0.000000584026	-0.000000317718	0.000000020535	-0.000001925678	0.000004550073	-0.000003195970	-0.000004035403	-0.000000827320	0.000003140783	0.000002092225	-0.000001290899	0.000001499975	0.000000090625	0.000001193508	-0.000000158120	-0.000003261867	0.000001131876	-0.000000845055
5000.000000000000	1.000508594316	1.030751987584	-0.676281217382	0.002900511069	0.002427089929	0.012965643608	-0.012078836430	0.000151850745	0.000351875933	0.001280407787	-0.000548700360	-0.000046322832	0.000093912698	0.000209147394	-0.000125731380	0.000017754828	0.000088398362	-0.000023005627	0.000014125569	0.000024891577	-0.000006261303	0.000002568624	0.000013945930	0.000005978678	-0.000005297504	0.000003912746	0.000018531050	-0.000011642594	0.000005354793	0.000001635393	-0.000001332580	-0.000001225026	-0.000004504118	-0.000001375493	-0.000000266055	0.000003038067	-0.000002046704	0.000001301161	-0.000001945195	-0.000002245158	-0.000000112503	0.000004271057	0.000001406204	-0.000003016941	0.000001125119	0.000000057810	0.000002783041	0.000003082643	0.000005017999	0.000001287928	-0.000000383874
5000.000000000000	1.000343582842	1.030628184630	-0.676092942930	0.002903668608	0.002430173532	0.012958271660	-0.012089311928	0.000156380175	0.000355532783	0.001283442707	-0.000555710716	-0.000040134396	0.000099931776	0.000219283604	-0.000126510694	0.000027012007	0.000097423425	-0.000024410485	0.000018775266	0.000017195570	-0.000010677949	-0.000001891688	0.000020298518	0.000007477736	-0.000000523485	0.000003100634	0.000019357729	0.000010883762	-0.000002514808	0.000005231006	0.000004742598	-0.000000002755	-0.000002410975	-0.000000130482	0.000000099390	-0.000000377631	-0.000001119066	0.000002322521	0.000000506435	-0.000001474938	-0.000000943629	0.000002809596	0.000002120555	-0.000002236182	0.000003028294	0.000000397488	0.000002431340	0.000006392035	0.000003410595	0.000001259859	0.000000309150
5000.000000000000	1.000527061795	1.030475636380	-0.675892221855	0.002906363399	0.002427453815	0.012962871491	-0.012086118931	0.000163368866	0.000342757493	0.001284945924	-0.000549211925	-0.000047000064	0.000101469483	0.000207825665	-0.000118612562	0.000018888345	0.000087484088	-0.000016588450	0.000024190766	0.000027656661	-0.000003517240	0.000003213737	0.000017834957	0.000007978762	-0.000010614509	0.000002183491	0.000020597079	-0.000010235609	-0.000004003733	-0.000002995445	0.000004525601	-0.000000743342	-0.000000313930	0.000001595541	0.000001732703	0.000001126697	-0.000000582446	0.000001924919	-0.000001702888	-0.000003555694	-0.000001406605	0.000002626352	0.000002267987	-0.000000975518	0.000001602170	-0.000000816012	0.000003500984	0.000010995235	-0.000001702440	0.000001461063	0.000000330210
5000.000000000000	1.000166152447	1.030520884863	-0.676027820632	0.002908559988	0.002425680467	0.012942515841	-0.012082923525	0.000144687243	0.000328428783	0.001291986885	-0.000546951137	-0.000041238931	0.000087984632	0.000209566382	-0.000123449010	0.000007073953	0.000070941243	-0.000013035738	0.000006337797	0.000021649150	-0.000002689525	0.000000004130	0.000017308856	0.000007127077	0.000002632887	0.000025928456	0.000022968228	-0.000003980997	-0.000002003073	-0.000000594495	0.000005037683	0.000002188704	-0.000002878746	-0.000000117047	0.000000008265	-0.000001888849	0.000000706183	0.000001957406	-0.000001854352	-0.000002087389	-0.000001481547	0.000003945780	0.000001444318	-0.000002198982	0.000001798453	-0.000000287750	0.000000829039	0.000008680486	-0.000009100793	0.000001565577	0.000000703480
5000.000000000000	1.000543580605	1.030516233629	-0.676263915454	0.002908045954	0.002422650211	0.012944224525	-0.012102287331	0.000164424458	0.000349774181	0.001300779108	-0.000559513157	-0.000035623925	0.000091065507	0.000202751223	-0.000119399244	0.000025505279	0.000080350512	-0.000016301206	0.000006309951	0.000019947483	-0.000011866845	0.000006799595	0.000023998527	0.000006559970	-0.000003733848	0.000005286500	0.000026514747	-0.000006527407	-0.000003999303	-0.000001088307	0.000006015114	-0.000002805500	-0.000000030546	0.000000183492	-0.000000527091	0.000000211571	-0.000003272939	0.000002811068	-0.000001457755	-0.000002746147	-0.000003867589	0.000003632677	0.000001088779	0.000000312428	0.000001392150	0.000000586327	0.000000877859	0.000009730884	0.000002057877	0.000000382782	0.000000187853
5000.000000000000	1.000299130428	1.030631088376	-0.675910668967	0.002893560844	0.002414087348	0.012948790659	-0.012063684990	0.000153343850	0.000339285570	0.001288750333	-0.000553801357	-0.000044507338	0.000101048860	0.000204074520	-0.000118378800	0.000019991265	0.000098594856	-0.000021469691	0.000007620356	0.000022564728	-0.000006338525	-0.000003759840	0.000023015613	0.000004999856	-0.000001477280	0.000009811227	0.000008129156	0.000012543467	-0.000002012317	0.000005198598	0.000003593556	-0.000001900219	-0.000001004724	0.000003339279	-0.000000439491	0.000001956905	-0.000001067421	0.000000698275	-0.000001629389	-0.000001533597	-0.000001874992	0.000004551963	0.000000910971	-0.000000997354	-0.000000924945	-0.000001912374	0.000002881964	0.000003361182	-0.000003706707	0.000001469980	0.000001028426
5000.000000000000	1.000361202028	1.030439039951	-0.676410964393	0.002899380862	0.002430462156	0.012938921905	-0.012101226013	0.000154045806	0.000346923979	0.001303533373	-0.000545940525	-0.000041642810	0.000091560024	0.000192466156	-0.000107681316	0.000001983326	0.000093628617	-0.000010832186	0.000007195995	0.000025203319	-0.000002236392	0.000002615986	0.000024356599	0.000006167246	-0.000007456288	0.000014274439	-0.000003473675	-0.000003422200	-0.000012319766	-0.000002935266	0.000003261967	-0.000004701840	-0.000001725907	0.000001265605	-0.000002801270	0.000003417441	-0.000001761551	0.000002511405	-0.000000878583	-0.000002617072	-0.000001311595	0.000004410883	0.000000627844	-0.000001692045	0.000002148270	-0.000001831275	0.000001744927	0.000011957700	-0.000000136567	0.000001386328	0.000001147140
5000.000000000000	1.000275078460	1.031257115020	-0.675797476949	0.002906302165	0.002429060811	0.012950458788	-0.012087125757	0.000154442389	0.000346472492	0.001304478564	-0.000537389896	-0.000044783622	0.000091913236	0.000205436974	-0.000112931310	0.000009988558	0.000090602179	-0.000013963179	0.000000128973	0.000024737139	-0.000001671308	-0.000001552852	0.000020921311	0.000008857741	-0.000005386166	-0.000001998455	-0.000002304726	-0.000011748018	0.000005879150	0.000005148842	0.000004475586	-0.000000853814	-0.000003490338	0.000002866488	-0.000001232698	-0.000003837630	0.000000152482	0.000001454403	-0.000000372196	-0.000002452671	0.000000363495	0.000004730065	0.000000603178	-0.000000562402	0.000001057327	-0.000000728657	0.000002443990	-0.000000735451	0.000003346686	0.000003322774	-0.000001070049
5000.000000000000	0.999855283427	1.030615874430	-0.675656778306	0.002913183029	0.002424130288	0.012936718616	-0.012084651006	0.000141745368	0.000351688888	0.001306409099	-0.000547979753	-0.000037008202	0.000100289511	0.000202488454	-0.000105178920	0.000006550235	0.000082256744	-0.000013416048	-0.000009513450	0.000019090517	-0.000008971967	0.000001447262	0.000032834175	0.000013161798	-0.000000939587	-0.000003099180	-0.000003341947	0.000005758656	-0.000014080714	0.000004877255	0.000008186759	-0.000002075865	-0.000001777266	0.000003422114	-0.000003440534	0.000001028320	-0.000004024449	-0.000000100612	0.000000015389	-0.000003548691	-0.000003121530	0.000004904431	-0.000000161674	-0.000001619910	0.000001339349	-0.000001148574	0.000001675806	0.000004619892	0.000001567448	0.000001489863	-0.000000152346
5000.000000000000	1.000482280403	1.031032718077	-0.676332504194	0.002917022847	0.002419696276	0.012961462013	-0.012093581695	0.000147412471	0.000348538620	0.001303739572	-0.000562729201	-0.000042851802	0.000101151968	0.000199350969	-0.000108328792	0.000007984037	0.000098098394	-0.000019784628	0.000006881132	0.000022674402	-0.000003985018	0.000003058546	0.000034022568	0.000016284825	-0.000001373454	0.000006163500	-0.000005368398	-0.000000095874	-0.000010533300	0.000004647750	0.000006860952	-0.000000194426	-0.000002419106	0.000002857642	-0.000004494121	-0.000004353805	-0.000005008503	0.000001572365	-0.000001581979	-0.000004174663	0.000000116296	0.000004173474	0.000001525082	-0.000001453023	0.000001230838	-0.000002510482	0.000002914883	0.000001907453	-0.000008833004	0.000001053231	0.000000378776
5000.000000000000	1.000202890806	1.030759971299	-0.676132423491	0.002917935559	0.002422211526	0.012931382613	-0.012100894633	0.000163137486	0.000341049742	0.001320414447	-0.000549492212	-0.000037218164	0.000087842324	0.000200926711	-0.000096375006	0.000015869503	0.000088702133	-0.000010673980	-0.000001064867	0.000024382788	-0.000008508640	-0.000000273538	0.000025890135	0.000012501631	-0.000010218657	-0.000001662014	0.000010749175	-0.000001220099	-0.000006688679	0.000007225607	0.000007471729	-0.000002548227	-0.000000674831	0.000001889057	-0.000005871019	-0.000002402248	-0.000001747568	-0.000000408485	-0.000000241861	-0.000004853540	-0.000002889493	0.000005495055	0.000000766267	-0.000000016620	0.000001810653	-0.000001636964	0.000002430804	0.000001188346	0.000004435177	0.000000947723	0.000000580589
5000.000000000000	1.000391066495	1.031084296754	-0.676073996511	0.002899932800	0.002417733681	0.012922889479	-0.012116551476	0.000147301566	0.000333280387	0.001324999426	-0.000547693595	-0.000048287520	0.000098434015	0.000197086935	-0.000104619689	0.000014618704	0.000106728703	-0.000013464384	-0.000000846092	0.000027181518	-0.000003294029	-0.000002704102	0.000026030034	0.000004169869	-0.000005224459	0.000006431451	0.000004123721	0.000000583731	-0.000003573297	0.000005292672	0.000006782965	-0.000002187708	-0.000003040824	0.000001991660	-0.000002212320	-0.000001972611	0.000001634953	0.000000476156	0.000000466310	-0.000000623465	-0.000001252296	0.000006428701	0.000000598161	-0.000001128145	0.000001953024	-0.000002989933	0.000002545639	0.000007141986	0.000003037352	0.000003203510	0.000000461737
5000.000000000000	1.000251864554	1.030709201385	-0.675850207169	0.002917318686	0.002420813459	0.012930619227	-0.012098701934	0.000152969804	0.000339128457	0.001329821805	-0.000553515290	-0.000035558598	0.000088347252	0.000196310004	-0.000090959542	0.000019209742	0.000109650857	-0.000010954006	-0.000013558198	0.000023315297	0.000000726939	-0.000003962628	0.000026269478	0.000009358732	-0.000002876641	0.000012610956	-0.000012729428	-0.000016815685	0.000002859004	-0.000001152690	0.000010600355	-0.000001099384	-0.000002703939	0.000004195849	-0.000005015385	-0.000004664989	-0.000003252167	-0.000000255409	0.000001563935	-0.000002856929	-0.000001752193	0.000007237747	-0.000000619320	-0.000002978739	0.000001591789	-0.000003082692	0.000002761650	0.000003343022	-0.000008352809	0.000002129836	0.000001162849
5000.000000000000	1.000191503374	1.031021179770	-0.676021074570	0.002911336663	0.002439605553	0.012926187504	-0.012106372225	0.000151453091	0.000329994164	0.001330191113	-0.000548044365	-0.000036639093	0.000086391471	0.000187763876	-0.000089889388	-0.000007345906	0.000096447128	-0.000004949644	-0.000011399226	0.000021075616	-0.000004852829	-0.000002583909	0.000027739005	0.000006338154	-0.000002508755	0.000016594665	0.000000526804	-0.000003970810	-0.000003212778	-0.000001704573	0.000016264090	-0.000001690257	-0.000001921154	0.000002574279	-0.000004933445	0.000001085788	-0.000000668171	-0.000002765058	0.000001332749	-0.000001815420	-0.000000941897	0.000006974247	-0.000001117540	-0.000000995055	0.000000210001	-0.000003640339	0.000003322128	0.000006832791	0.000000388516	0.000003869355	-0.000000088694
5000.000000000000	1.000279632797	1.031624300046	-0.675905193189	0.002909626861	0.002423522583	0.012942367938	-0.012097346861	0.000170489934	0.000347959811	0.001329325654	-0.000558178481	-0.000037481339	0.000091845254	0.000201107730	-0.000084200757	0.000010753883	0.000108204447	-0.000008690915	-0.000012125033	0.000021067432	-0.000009502477	-0.000002958372	0.000032988308	0.000007332005	-0.000004038091	0.000011199424	-0.000004288821	0.000016247215	-0.000013741412	0.000003161724	0.000015048735	0.000001257433	-0.000001231886	0.000002421647	-0.000004630573	-0.000000439613	-0.000000766124	-0.000000676423	-0.000000175997	-0.000001297612	0.000000103120	0.000007236606	-0.000000382163	-0.000002464250	0.000001068411	-0.000006389955	0.000002634944	0.000002615412	0.000005926502	0.000001820960	0.000000357517
5000.000000000000	1.000539953834	1.031437435562	-0.676435160239	0.002932311012	0.002432807154	0.012920089799	-0.012129909981	0.000153883904	0.000329522712	0.001323544214	-0.000548254655	-0.000040882957	0.000098750635	0.000196201990	-0.000092920895	0.000004295694	0.000100337263	-0.000013314051	-0.000016727990	0.000027883584	-0.000002360307	0.000006249644	0.000031377161	0.000014980910	-0.000007931075	0.000003522430	-0.000005463160	-0.000018498118	-0.000005876582	-0.000005440495	0.000014339043	-0.000001120332	-0.000003237715	0.000002219375	-0.000003937336	-0.000002961032	-0.000002499570	-0.000001589171	0.000002437424	-0.000003644274	-0.000000342805	0.000007250532	-0.000000364802	-0.000001475759	0.000000894387	-0.000004174851	0.000003150950	0.000005250140	0.000005072085	0.000002912153	0.000001333686
