5000.000000000000	20.006548382382	6.092452574510	-1.807872877184	0.005272043947	0.006869092885	0.926736587732	-0.947810176485	0.005813620459	0.002933274494	0.192823029967	-0.430098842374	0.002999630662	0.000765119985	0.053723388970	-0.215673655930	0.002359037925	0.000306628787	0.011327974280	-0.132011956708	0.001837430533	-0.000118232407	-0.010100354627	-0.082035370339	0.001356818373	-0.000386054700	-0.015164050784	-0.048710605024	0.000930651634	-0.000411217876	-0.013136129048	-0.029474475014	0.000640558024	-0.000355564874	-0.010665275054	-0.018490291240	0.000489357079	-0.000344910824	-0.009326958718	-0.012706177054	0.000325639633	-0.000296217979	-0.006863446506	-0.007953160704	0.000228362132	-0.000223608928	-0.004397836087	-0.005096207570	0.000142230858	-0.000117699407	-0.001966470363	-0.002641625832
5000.000000000000	19.997441958168	5.983217522192	-1.797951837576	0.005257770329	0.006903282697	0.933842124272	-0.948507233894	0.005828127899	0.002968912996	0.195591887025	-0.431378719939	0.003006465443	0.000774657130	0.055118056853	-0.216278604267	0.002355014359	0.000322690196	0.012424769316	-0.132469665569	0.001855087467	-0.000103159030	-0.009373333861	-0.082592770536	0.001373337145	-0.000371999618	-0.014775691227	-0.049190141449	0.000942251529	-0.000402924067	-0.012911743188	-0.029829319324	0.000667740272	-0.000357439982	-0.010545025757	-0.018774021685	0.000491914176	-0.000347769761	-0.009282323283	-0.012958485724	0.000333314955	-0.000298002786	-0.006877681811	-0.008125916806	0.000234926947	-0.000224299449	-0.004426702192	-0.005192774971	0.000143703676	-0.000119389710	-0.001980711081	-0.002679018581
5000.000000000000	20.001369070093	5.988963862789	-1.794968251441	0.005247317693	0.006918079686	0.937847509246	-0.948136589169	0.005848163054	0.002994821760	0.197335586232	-0.431923112357	0.002996771760	0.000789547845	0.055941347154	-0.216570184362	0.002357169602	0.000337098696	0.013090209110	-0.132694983709	0.001856038406	-0.000091147838	-0.008925503717	-0.082871217780	0.001380447033	-0.000367861946	-0.014526049546	-0.049440188113	0.000953615979	-0.000395301950	-0.012755122748	-0.030011969461	0.000659282567	-0.000364788511	-0.010435075291	-0.018927384486	0.000496895991	-0.000338896945	-0.009229043349	-0.013100390381	0.000337415206	-0.000298031769	-0.006864963613	-0.008229718483	0.000237137505	-0.000223393148	-0.004427796991	-0.005253755125	0.000142286858	-0.000116687557	-0.001980653754	-0.002705935745
5000.000000000000	19.999769612318	6.025005052471	-1.795484123812	0.005248351952	0.006930619139	0.940112909805	-0.947893011387	0.005836927859	0.003018118461	0.198267874345	-0.432248915841	0.003013940441	0.000793407507	0.056391762374	-0.216705933695	0.002358305618	0.000346474023	0.013429726778	-0.132780947157	0.001862441868	-0.000084001837	-0.008669628508	-0.083010579041	0.001377119942	-0.000367797214	-0.014374165443	-0.049565397092	0.000955382634	-0.000393659738	-0.012668879246	-0.030108655155	0.000665914100	-0.000353737272	-0.010377560992	-0.019011415137	0.000505698861	-0.000338086080	-0.009189317529	-0.013174483635	0.000338735651	-0.000295072826	-0.006851507843	-0.008290481993	0.000240645485	-0.000224382184	-0.004427976341	-0.005290774673	0.000144599558	-0.000121801618	-0.001980239550	-0.002720439842
5000.000000000000	19.994594048914	6.074045551274	-1.797340842287	0.005261769344	0.006942737723	0.941480744938	-0.947631468167	0.005850635324	0.003016030064	0.198886855662	-0.432372988627	0.003013931891	0.000796129745	0.056692008074	-0.216725204545	0.002365093478	0.000349500537	0.013697985137	-0.132783608967	0.001860481209	-0.000082585663	-0.008468229580	-0.083075264300	0.001387434908	-0.000360141461	-0.014253819025	-0.049637125148	0.000957225131	-0.000396398648	-0.012586930967	-0.030159884150	0.000670379703	-0.000354385572	-0.010323050095	-0.019068563240	0.000506827413	-0.000340238354	-0.009157591078	-0.013229682962	0.000344087968	-0.000293426963	-0.006835399620	-0.008325871060	0.000240796888	-0.000223916057	-0.004416468204	-0.005313558250	0.000150718756	-0.000121260134	-0.001975052021	-0.002731823218
5000.000000000000	19.999250001504	6.132845413186	-1.800001630284	0.005248874548	0.006957713199	0.942872720504	-0.947584903103	0.005849153567	0.003030942437	0.199399129601	-0.432619473372	0.003012821268	0.000801980796	0.056907237566	-0.216790218485	0.002364979882	0.000348348684	0.013904372616	-0.132827507650	0.001864886797	-0.000074151936	-0.008304069341	-0.083156538621	0.001385400487	-0.000359389774	-0.014161038019	-0.049726244753	0.000959873990	-0.000390045994	-0.012537528963	-0.030231341434	0.000667931447	-0.000348370938	-0.010289346497	-0.019117307367	0.000505594534	-0.000336019586	-0.009136514468	-0.013275998823	0.000341840125	-0.000294320740	-0.006832151012	-0.008362338629	0.000241522846	-0.000223894948	-0.004420460802	-0.005336504641	0.000150835329	-0.000113757097	-0.001974794220	-0.002740040214
5000.000000000000	19.998769896924	6.185735835710	-1.802732064465	0.005259288526	0.006963498008	0.943759258969	-0.947545763703	0.005859118758	0.003022487356	0.199734144095	-0.432752216885	0.003011943905	0.000796820081	0.057059054863	-0.216815556025	0.002376482470	0.000345025772	0.014068493311	-0.132822722533	0.001861547503	-0.000073277872	-0.008170776691	-0.083195696038	0.001387261350	-0.000355852166	-0.014088879311	-0.049781384230	0.000954449688	-0.000398974660	-0.012482338300	-0.030266107861	0.000666719885	-0.000347613469	-0.010257546936	-0.019148369497	0.000508984417	-0.000336674561	-0.009121817368	-0.013310713211	0.000345884256	-0.000293636572	-0.006827429037	-0.008387439335	0.000242327300	-0.000224891955	-0.004416702230	-0.005347897774	0.000141518193	-0.000117378687	-0.001972817223	-0.002746759566
5000.000000000000	19.996389997532	6.231200623764	-1.805319635478	0.005257057975	0.006974758606	0.944391908894	-0.947583711879	0.005870150468	0.003031562013	0.199935050774	-0.432876419818	0.003020975064	0.000795372924	0.057140356136	-0.216797811873	0.002363453250	0.000353397175	0.014182573942	-0.132791237230	0.001861227626	-0.000071536761	-0.008079037577	-0.083213926422	0.001390666265	-0.000357135014	-0.014025079924	-0.049815200418	0.000962993950	-0.000391421392	-0.012452059071	-0.030289917943	0.000686783461	-0.000359071807	-0.010235233621	-0.019176163639	0.000504912443	-0.000335643251	-0.009104629636	-0.013333545720	0.000346728440	-0.000294259524	-0.006821132765	-0.008404990099	0.000243720313	-0.000224205317	-0.004414831506	-0.005358184117	0.000149657284	-0.000111280711	-0.001970780072	-0.002750494540
5000.000000000000	19.998838870651	6.274129468028	-1.807623602938	0.005262422076	0.006964408703	0.945256966828	-0.947707155563	0.005861497337	0.003022999714	0.200180754840	-0.433073016797	0.003024932773	0.000809856327	0.057255128687	-0.216845858573	0.002358075062	0.000349154075	0.014317125446	-0.132799561894	0.001857623334	-0.000067594203	-0.007967092099	-0.083266704863	0.001387629402	-0.000356481231	-0.013963927214	-0.049869590945	0.000948659201	-0.000391067595	-0.012409388578	-0.030341697571	0.000672068917	-0.000351771850	-0.010209982197	-0.019212486273	0.000508717929	-0.000334528402	-0.009100095040	-0.013368145201	0.000347059546	-0.000295676347	-0.006820208402	-0.008424428342	0.000244400603	-0.000222837965	-0.004413757697	-0.005370541581	0.000145021861	-0.000111011884	-0.001972284063	-0.002757728376
5000.000000000000	19.996451132040	6.314982702885	-1.809989164792	0.005278783752	0.006967097673	0.945728905706	-0.947802957895	0.005858362201	0.003035315359	0.200311934302	-0.433161328192	0.003023815101	0.000806185129	0.057304540835	-0.216807700723	0.002361192089	0.000361802440	0.014388762411	-0.132768617107	0.001861808123	-0.000071015945	-0.007883457351	-0.083267557090	0.001394250700	-0.000346504568	-0.013910861770	-0.049893587861	0.000963246554	-0.000393840855	-0.012379610195	-0.030368118610	0.000665720421	-0.000350277992	-0.010180102704	-0.019233988480	0.000502727170	-0.000336978724	-0.009084691022	-0.013389222371	0.000347534307	-0.000294763977	-0.006815843011	-0.008438808081	0.000245013816	-0.000225383581	-0.004414797572	-0.005379075132	0.000151945748	-0.000122489440	-0.001969899475	-0.002759580644
5000.000000000000	20.001642981892	6.354261795066	-1.812315200875	0.005283586696	0.006978788367	0.946584204854	-0.948098831234	0.005866530117	0.003054918608	0.200512788065	-0.433441217657	0.003034030220	0.000799083737	0.057364826551	-0.216872894357	0.002363243251	0.000353909895	0.014496211626	-0.132787043618	0.001864377474	-0.000066849782	-0.007792481251	-0.083329621567	0.001397699250	-0.000350498487	-0.013868485037	-0.049953126048	0.000961436074	-0.000388593696	-0.012355628166	-0.030412276401	0.000678109449	-0.000342198070	-0.010183807441	-0.019279724503	0.000508050946	-0.000335180124	-0.009087055289	-0.013419076078	0.000349100932	-0.000295186263	-0.006820646772	-0.008457819159	0.000244497222	-0.000223832162	-0.004416171712	-0.005389774888	0.000143377939	-0.000116068173	-0.001972552536	-0.002764320550
5000.000000000000	19.995759692136	6.387773207997	-1.814713636619	0.005288269320	0.006990128111	0.946794007288	-0.948291230556	0.005877771114	0.003034235436	0.200541090631	-0.433485993558	0.003021995693	0.000796821866	0.057369917076	-0.216837022453	0.002363667974	0.000362001018	0.014551370701	-0.132747444327	0.001862972487	-0.000063090954	-0.007741459539	-0.083302146842	0.001393424189	-0.000358418621	-0.013825413985	-0.049956555644	0.000963528829	-0.000385139854	-0.012322954076	-0.030421592980	0.000674885495	-0.000353006363	-0.010154261001	-0.019288072215	0.000509273586	-0.000329914723	-0.009076836279	-0.013426842060	0.000348920596	-0.000295807185	-0.006813308299	-0.008463775391	0.000244851325	-0.000224086089	-0.004409568531	-0.005392559972	0.000149872711	-0.000119411891	-0.001967899321	-0.002767297817
5000.000000000000	19.997780970579	6.417866201793	-1.816476091911	0.005270478147	0.006999676839	0.947462741576	-0.948502912537	0.005884502637	0.003057698651	0.200708914587	-0.433677200554	0.003030470575	0.000804362740	0.057434473713	-0.216883713652	0.002373377507	0.000348922769	0.014633939941	-0.132746618710	0.001864147634	-0.000059073445	-0.007656159745	-0.083334144140	0.001395232303	-0.000349844360	-0.013774885248	-0.049995620687	0.000964774850	-0.000394383614	-0.012301926620	-0.030459371822	0.000673452784	-0.000349964799	-0.010136072059	-0.019312628685	0.000513497629	-0.000338224941	-0.009067989040	-0.013449246656	0.000348500105	-0.000293409358	-0.006812503258	-0.008480777059	0.000246277308	-0.000221764906	-0.004412039141	-0.005405172059	0.000149868091	-0.000115705944	-0.001969758051	-0.002771461240
5000.000000000000	19.998442409139	6.446515410288	-1.818521487342	0.005274918198	0.006983836587	0.947900909395	-0.948810704331	0.005872375995	0.003037258318	0.200728431329	-0.433863687358	0.003029923097	0.000803214896	0.057408911797	-0.216897750599	0.002361586420	0.000361946528	0.014665251987	-0.132734799952	0.001860778094	-0.000063756664	-0.007618472663	-0.083355963151	0.001387302255	-0.000350534655	-0.013754554984	-0.050020444177	0.000956093478	-0.000389328830	-0.012298927068	-0.030479672253	0.000668494075	-0.000353804672	-0.010133715653	-0.019319488599	0.000507862453	-0.000329037942	-0.009070653039	-0.013463507655	0.000349372767	-0.000294971242	-0.006817801400	-0.008490217999	0.000246106696	-0.000224776917	-0.004416577194	-0.005408264007	0.000150404144	-0.000118644669	-0.001970442406	-0.002772259312
5000.000000000000	19.997136847277	6.475016192214	-1.820280581624	0.005286349768	0.006996088371	0.948421361775	-0.948986855954	0.005888958666	0.003058598231	0.200855247683	-0.433997571474	0.003031831239	0.000800778804	0.057445270969	-0.216898177235	0.002357946777	0.000361081223	0.014740044825	-0.132702361425	0.001865352944	-0.000061979755	-0.007535731812	-0.083372430460	0.001392834113	-0.000347053344	-0.013704644396	-0.050051569815	0.000964274712	-0.000391861181	-0.012267519616	-0.030505027044	0.000684700460	-0.000353157222	-0.010131922153	-0.019338925778	0.000513756467	-0.000336843560	-0.009063441575	-0.013487757044	0.000350853505	-0.000295687294	-0.006817049061	-0.008502759253	0.000246864296	-0.000223837330	-0.004415851766	-0.005417189901	0.000149073190	-0.000117991165	-0.001970108290	-0.002775593455
5000.000000000000	19.998841675124	6.495434515908	-1.821590152490	0.005281222620	0.006984318701	0.948793994074	-0.949242651180	0.005890510822	0.003054290528	0.200871836522	-0.434155606230	0.003031598104	0.000801656639	0.057457921585	-0.216911251599	0.002362029109	0.000360878452	0.014781400328	-0.132689216607	0.001863944515	-0.000057631260	-0.007492601580	-0.083391487533	0.001395699271	-0.000342335260	-0.013675252176	-0.050072336213	0.000962077234	-0.000385308450	-0.012253025624	-0.030526519855	0.000680140814	-0.000341478950	-0.010111195343	-0.019370560074	0.000514123655	-0.000335255254	-0.009062389441	-0.013498757579	0.000351751770	-0.000294540110	-0.006818056100	-0.008510570243	0.000246693690	-0.000222153005	-0.004417048768	-0.005421856153	0.000149664628	-0.000118692296	-0.001972902641	-0.002778798866
5000.000000000000	20.000167690722	6.510747597291	-1.822509121210	0.005286925077	0.007007970156	0.949157000679	-0.949438667625	0.005897951982	0.003055299343	0.200918581850	-0.434275928078	0.003023845551	0.000798960666	0.057466289396	-0.216911340307	0.002368070294	0.000357981310	0.014829149352	-0.132665348692	0.001867035350	-0.000049648343	-0.007435498928	-0.083394352797	0.001396191220	-0.000345781172	-0.013640833562	-0.050090925067	0.000965607404	-0.000390119993	-0.012232150668	-0.030553632020	0.000671634497	-0.000347438007	-0.010109899813	-0.019399246664	0.000513699985	-0.000333326947	-0.009059676510	-0.013514759532	0.000350999569	-0.000292430871	-0.006817553562	-0.008517992469	0.000248116512	-0.000223336840	-0.004415869669	-0.005427962301	0.000148293310	-0.000117395342	-0.001972102651	-0.002780067207
5000.000000000000	19.997561902767	6.531575005071	-1.823939171762	0.005287001556	0.006995623104	0.949440084584	-0.949604974779	0.005883362718	0.003047543502	0.200944259148	-0.434351826680	0.003020107843	0.000805094375	0.057457853212	-0.216877121021	0.002363292524	0.000367134393	0.014876558751	-0.132629646248	0.001860815212	-0.000057746921	-0.007379830204	-0.083389178585	0.001394722096	-0.000341683060	-0.013604743950	-0.050105286695	0.000965602049	-0.000387344261	-0.012211933041	-0.030562730536	0.000674253317	-0.000336231881	-0.010105260752	-0.019401885034	0.000517383811	-0.000338189636	-0.009055398481	-0.013527152238	0.000349857068	-0.000293665293	-0.006816458280	-0.008526432175	0.000245810946	-0.000223828687	-0.004414724622	-0.005430359800	0.000151347054	-0.000115334526	-0.001970465083	-0.002781944453
5000.000000000000	19.999200831534	6.549599620873	-1.825042168557	0.005281672012	0.007006618309	0.949813341078	-0.949835884476	0.005896683348	0.003049991653	0.200989755105	-0.434508398462	0.003036639299	0.000798057000	0.057459110927	-0.216884556108	0.002354713141	0.000366206651	0.014920576203	-0.132611203883	0.001858138933	-0.000054737010	-0.007329683667	-0.083395007510	0.001395632614	-0.000341807012	-0.013570108358	-0.050136648312	0.000966853674	-0.000381803860	-0.012193104845	-0.030589661675	0.000675444156	-0.000344142345	-0.010090628171	-0.019419738323	0.000506988180	-0.000334457580	-0.009049892890	-0.013541756373	0.000353488247	-0.000293178128	-0.006820722380	-0.008536902659	0.000247744649	-0.000223393330	-0.004419171260	-0.005437618177	0.000148324879	-0.000113463672	-0.001972765251	-0.002782548042
5000.000000000000	19.999234450146	6.566480375549	-1.826286454905	0.005301932552	0.007004716706	0.950030623455	-0.950065743748	0.005908715111	0.003057153271	0.200984928800	-0.434614964984	0.003031775447	0.000793642867	0.057413306034	-0.216877987698	0.002352891568	0.000360671364	0.014944242447	-0.132589456538	0.001861191575	-0.000052096360	-0.007297341760	-0.083400347128	0.001395897828	-0.000339230657	-0.013552047462	-0.050147078057	0.000969842413	-0.000392196135	-0.012179452631	-0.030608866902	0.000681821376	-0.000338566443	-0.010089881052	-0.019435930398	0.000516876587	-0.000331883063	-0.009056316047	-0.013549153283	0.000351230076	-0.000292893036	-0.006821167764	-0.008543628671	0.000246981211	-0.000223612623	-0.004422640420	-0.005438757800	0.000145941910	-0.000119728566	-0.001973344506	-0.002784250165
5000.000000000000	19.996565097047	6.580217755246	-1.827175703792	0.005297654314	0.006996960405	0.950355901310	-0.950203721374	0.005896311216	0.003065711210	0.201047141540	-0.434699285244	0.003035531763	0.000800183991	0.057437753659	-0.216850094303	0.002362230509	0.000369947871	0.015005876508	-0.132560309681	0.001860536203	-0.000053240718	-0.007226065832	-0.083390125905	0.001401097352	-0.000340270433	-0.013506967851	-0.050168325934	0.000972839910	-0.000386834624	-0.012159356492	-0.030619836574	0.000675510681	-0.000345331115	-0.010080296980	-0.019441940681	0.000517031656	-0.000332806866	-0.009047296593	-0.013563011662	0.000352628133	-0.000292354570	-0.006818567968	-0.008555453867	0.000247798402	-0.000224481239	-0.004420185335	-0.005445001583	0.000149061474	-0.000113162670	-0.001972847416	-0.002785202990
5000.000000000000	19.999454449256	6.598458528243	-1.828104127846	0.005306062235	0.007005901465	0.950721774786	-0.950367074473	0.005911916836	0.003058449409	0.201090363522	-0.434830239851	0.003033326661	0.000797351445	0.057431321330	-0.216846184497	0.002360462117	0.000372312686	0.015049803659	-0.132531913388	0.001864107888	-0.000055063004	-0.007171348764	-0.083405734804	0.001400758760	-0.000343632447	-0.013476190674	-0.050195726680	0.000970534295	-0.000389543037	-0.012139680521	-0.030649485343	0.000675401288	-0.000351883415	-0.010072443718	-0.019463776801	0.000512569686	-0.000337497743	-0.009044371656	-0.013579940814	0.000353334223	-0.000292588418	-0.006821469783	-0.008562886147	0.000247644095	-0.000222040281	-0.004421872971	-0.005448615828	0.000153177533	-0.000123099461	-0.001973809840	-0.002788144871
5000.000000000000	19.997782710389	6.613673876927	-1.829170065566	0.005305051535	0.007011265231	0.950950129554	-0.950526933055	0.005912198925	0.003063626752	0.201086622423	-0.434913063770	0.003026878229	0.000793079858	0.057426772747	-0.216831321994	0.002359637033	0.000366937785	0.015084519852	-0.132504332633	0.001862457125	-0.000054579137	-0.007129220725	-0.083405077229	0.001398588797	-0.000333539831	-0.013447304276	-0.050207963410	0.000966416207	-0.000385499762	-0.012124901264	-0.030660003173	0.000688331393	-0.000347965956	-0.010059692439	-0.019476395706	0.000520643575	-0.000331919427	-0.009040802713	-0.013589586775	0.000352881004	-0.000293228128	-0.006820089343	-0.008570653985	0.000248604348	-0.000224545508	-0.004423578678	-0.005453824212	0.000146670873	-0.000122021302	-0.001973397965	-0.002788760869
5000.000000000000	20.000260849582	6.623414188854	-1.829468730260	0.005298790815	0.007027472133	0.951383229232	-0.950696348661	0.005918889579	0.003066862997	0.201172296468	-0.435047939958	0.003036944661	0.000801122207	0.057437814141	-0.216823340982	0.002367662270	0.000363459354	0.015138731886	-0.132474205236	0.001867413438	-0.000049892533	-0.007062786927	-0.083418356370	0.001399234636	-0.000336228128	-0.013408148314	-0.050237763101	0.000969287053	-0.000380648957	-0.012107959172	-0.030679541160	0.000677641072	-0.000348633105	-0.010041431618	-0.019496202393	0.000522545770	-0.000335057087	-0.009039375507	-0.013611658786	0.000356686150	-0.000293417445	-0.006822348919	-0.008582045418	0.000249297327	-0.000225904671	-0.004423052831	-0.005457747315	0.000152092798	-0.000113260343	-0.001972831818	-0.002791148672
5000.000000000000	19.999848837337	6.630046227334	-1.829980781054	0.005294956250	0.007009780501	0.951550042996	-0.950879669605	0.005905502437	0.003075208994	0.201139262742	-0.435117307086	0.003028371518	0.000792945088	0.057417654786	-0.216809754208	0.002354905031	0.000356064495	0.015171390111	-0.132438649897	0.001860816112	-0.000050569744	-0.007024824714	-0.083409599872	0.001402246948	-0.000339168522	-0.013372598804	-0.050242342881	0.000969343321	-0.000379721531	-0.012095379550	-0.030694954162	0.000678248644	-0.000336023970	-0.010046472032	-0.019511150315	0.000520360301	-0.000335011311	-0.009037972022	-0.013617671614	0.000355740530	-0.000293358243	-0.006822843673	-0.008585990997	0.000249454099	-0.000223907413	-0.004426304265	-0.005459913724	0.000154990421	-0.000119421780	-0.001973385358	-0.002791276452
5000.000000000000	19.997622176711	6.636651329571	-1.830483295117	0.005314801116	0.007017118533	0.951642925188	-0.951025676729	0.005925388167	0.003063102316	0.201095450730	-0.435181091782	0.003042008872	0.000792916203	0.057378739086	-0.216772244038	0.002365939454	0.000354012879	0.015195918004	-0.132393728990	0.001860042727	-0.000051530071	-0.006988463383	-0.083391828647	0.001400059349	-0.000339676495	-0.013354043121	-0.050239240883	0.000971097249	-0.000386011230	-0.012084462574	-0.030707124820	0.000681365361	-0.000341006916	-0.010034367643	-0.019510119786	0.000514374747	-0.000329980810	-0.009034838374	-0.013625271312	0.000354565153	-0.000293913472	-0.006825517212	-0.008588482813	0.000249876804	-0.000222592380	-0.004423693756	-0.005460010423	0.000151293143	-0.000123004566	-0.001971464647	-0.002791224652
5000.000000000000	20.001066601250	6.652286788668	-1.831225723119	0.005288723333	0.007017166583	0.952024418762	-0.951153515561	0.005926420835	0.003068773868	0.201181448598	-0.435280164760	0.003033540714	0.000800434106	0.057400846734	-0.216761327968	0.002356767121	0.000357183001	0.015253839638	-0.132370953501	0.001858132368	-0.000047088550	-0.006924203204	-0.083402900584	0.001401450244	-0.000341124737	-0.013312985802	-0.050272893511	0.000973276942	-0.000381427006	-0.012065184655	-0.030732457248	0.000678589172	-0.000335211312	-0.010036233829	-0.019543289740	0.000517297078	-0.000330313823	-0.009032785079	-0.013640837030	0.000356356775	-0.000293975552	-0.006822208264	-0.008599530313	0.000249506125	-0.000223509184	-0.004425078180	-0.005467506953	0.000148287656	-0.000121554186	-0.001972365854	-0.002793895426
5000.000000000000	19.997109608536	6.662327935884	-1.831977140634	0.005307215867	0.007004665514	0.952096551947	-0.951263950521	0.005922352210	0.003074021597	0.201126429807	-0.435333133347	0.003025005924	0.000789152224	0.057374516497	-0.216716196110	0.002354235906	0.000354159240	0.015274251235	-0.132323318521	0.001860382337	-0.000043151222	-0.006887622744	-0.083382996782	0.001402103527	-0.000337733133	-0.013285016123	-0.050273803090	0.000966244471	-0.000382358878	-0.012043739982	-0.030740634785	0.000684079872	-0.000339002385	-0.010031248647	-0.019544367610	0.000512463752	-0.000330690148	-0.009033288812	-0.013644323938	0.000357488945	-0.000294424032	-0.006821398812	-0.008601932715	0.000249578374	-0.000224094826	-0.004423449998	-0.005467765736	0.000149214793	-0.000121051469	-0.001970914257	-0.002795747500
5000.000000000000	19.998481589784	6.669423252448	-1.832104451597	0.005304481336	0.007033720785	0.952429436031	-0.951337942680	0.005916169492	0.003063637697	0.201184147813	-0.435403923653	0.003032371603	0.000797945264	0.057396144637	-0.216715825648	0.002359386564	0.000361664434	0.015334124372	-0.132283227558	0.001857697840	-0.000045172418	-0.006823346176	-0.083387303768	0.001403823063	-0.000331074564	-0.013244895361	-0.050295561085	0.000973643142	-0.000383343237	-0.012019591626	-0.030763631583	0.000683916220	-0.000337883491	-0.009998831248	-0.019564421668	0.000521261238	-0.000329162649	-0.009025417157	-0.013660187991	0.000356741240	-0.000293258985	-0.006819750262	-0.008613041665	0.000250299307	-0.000224202233	-0.004424229192	-0.005473243614	0.000150535149	-0.000118905284	-0.001972689411	-0.002795373747
5000.000000000000	19.997656575262	6.674497073538	-1.832407084220	0.005325286242	0.007023193337	0.952587962410	-0.951476547886	0.005911615176	0.003064302395	0.201166769433	-0.435466617934	0.003038202131	0.000791937897	0.057370858456	-0.216676948846	0.002368435851	0.000369031406	0.015357164929	-0.132245202747	0.001855720557	-0.000040151059	-0.006784113576	-0.083381407345	0.001404056570	-0.000334461641	-0.013216305553	-0.050302962160	0.000968875477	-0.000384371264	-0.012009487978	-0.030773807132	0.000681757680	-0.000343887564	-0.009999748763	-0.019560473251	0.000522306220	-0.000330922564	-0.009020160522	-0.013666918939	0.000356908442	-0.000293535025	-0.006820681125	-0.008615660866	0.000250478202	-0.000223549814	-0.004423844649	-0.005477204233	0.000150865114	-0.000119505856	-0.001970837680	-0.002795648014
5000.000000000000	19.997004429446	6.680627889624	-1.832707319362	0.005308814606	0.007010823158	0.952823773784	-0.951599988146	0.005925160290	0.003067427601	0.201162084747	-0.435555461924	0.003029897717	0.000790201118	0.057361266806	-0.216669684785	0.002355419698	0.000366494422	0.015393556775	-0.132209169277	0.001857831107	-0.000043763441	-0.006734388600	-0.083383312402	0.001401636722	-0.000330182438	-0.013195849972	-0.050322220651	0.000973328199	-0.000377692535	-0.011993124715	-0.030791024992	0.000687694915	-0.000343860735	-0.010001647163	-0.019591218160	0.000520914658	-0.000332181877	-0.009022150041	-0.013682539398	0.000357359627	-0.000292289354	-0.006824738394	-0.008625049030	0.000250249796	-0.000224010266	-0.004427475992	-0.005479657657	0.000148996944	-0.000118258512	-0.001971743158	-0.002797215001
5000.000000000000	19.998749918528	6.684025034279	-1.832555922022	0.005313422822	0.007021420746	0.953117609413	-0.951687979941	0.005917320403	0.003072894780	0.201229857828	-0.435624929963	0.003036114532	0.000803475543	0.057361488591	-0.216649039180	0.002352058843	0.000363103328	0.015448535736	-0.132183976082	0.001857379050	-0.000042234231	-0.006673968450	-0.083386233986	0.001400685334	-0.000330774092	-0.013143986622	-0.050340623651	0.000973367108	-0.000377547334	-0.011967865156	-0.030815964173	0.000693080603	-0.000340141056	-0.009991342229	-0.019606603616	0.000522877891	-0.000329718633	-0.009015459821	-0.013692588550	0.000356719933	-0.000293264525	-0.006820993498	-0.008632943475	0.000249084575	-0.000225310008	-0.004426680155	-0.005484110909	0.000148853914	-0.000119973452	-0.001971907014	-0.002798847354
5000.000000000000	19.997351467335	6.690768464828	-1.833125028425	0.005300932975	0.007023980890	0.953238026391	-0.951849669090	0.005921473183	0.003057911680	0.201169481269	-0.435698166450	0.003031279727	0.000792453950	0.057322224542	-0.216624596067	0.002356636219	0.000346181251	0.015461316860	-0.132141924099	0.001853204796	-0.000037694058	-0.006647632750	-0.083376651884	0.001404485745	-0.000332266952	-0.013132671340	-0.050348382032	0.000975539615	-0.000381752353	-0.011961652261	-0.030821125089	0.000686995407	-0.000337965075	-0.009973055757	-0.019617046526	0.000524028226	-0.000332602323	-0.009015997596	-0.013701905804	0.000356756542	-0.000291022706	-0.006826905060	-0.008633218147	0.000249753721	-0.000224376080	-0.004428014160	-0.005483053520	0.000151958617	-0.000118880387	-0.001971351109	-0.002799217995
5000.000000000000	19.998059949491	6.695880532235	-1.833268225540	0.005293913412	0.007022717528	0.953492939603	-0.951962352669	0.005924709921	0.003052728895	0.201186766575	-0.435790711609	0.003039810611	0.000798746198	0.057336401868	-0.216599841156	0.002350257715	0.000372231028	0.015510611002	-0.132098161761	0.001852553722	-0.000043189116	-0.006592199995	-0.083376347170	0.001406759374	-0.000332321494	-0.013092761099	-0.050360942122	0.000974295155	-0.000383547189	-0.011942567724	-0.030845474322	0.000679797750	-0.000342582475	-0.009975757672	-0.019628646687	0.000520110264	-0.000340043190	-0.009015695169	-0.013719214952	0.000357982826	-0.000294263648	-0.006829345413	-0.008641859753	0.000251012583	-0.000224476542	-0.004428392359	-0.005485766094	0.000149536427	-0.000118945800	-0.001972448338	-0.002799646997
5000.000000000000	19.994847819178	6.703809307911	-1.833691841184	0.005323599398	0.007034741064	0.953550314752	-0.951985922181	0.005944049638	0.003075383583	0.201166890195	-0.435757865754	0.003031179541	0.000787414877	0.057330886972	-0.216540348463	0.002343407897	0.000365129584	0.015547662360	-0.132041215590	0.001853498271	-0.000038850275	-0.006543349486	-0.083349653104	0.001395614303	-0.000331187240	-0.013053930796	-0.050358408876	0.000972516553	-0.000380404649	-0.011923442416	-0.030843655036	0.000675518891	-0.000337383334	-0.009953625624	-0.019631823857	0.000522112122	-0.000331706000	-0.009007232342	-0.013722782643	0.000357906899	-0.000293320364	-0.006821963734	-0.008643658348	0.000250280572	-0.000224989927	-0.004422992957	-0.005488613260	0.000149521653	-0.000117136621	-0.001969561189	-0.002801238784
5000.000000000000	19.998186258058	6.709710436002	-1.833826986446	0.005324863211	0.007026882333	0.953900607844	-0.952129976670	0.005929248508	0.003065232689	0.201191009700	-0.435893947410	0.003027865322	0.000794878207	0.057322262778	-0.216563484862	0.002340792057	0.000378888258	0.015580055984	-0.132008916947	0.001858609184	-0.000037409542	-0.006495780212	-0.083368568895	0.001403133382	-0.000330424658	-0.013026959035	-0.050386723463	0.000973200978	-0.000380255854	-0.011911388830	-0.030876588912	0.000685193632	-0.000339175932	-0.009963190733	-0.019655987189	0.000522248870	-0.000332162171	-0.009008086078	-0.013737882282	0.000358070837	-0.000293680666	-0.006826700366	-0.008652383784	0.000251036711	-0.000224748893	-0.004428089945	-0.005495574246	0.000150294963	-0.000115687423	-0.001973561761	-0.002801058079
5000.000000000000	19.998285886947	6.712042139942	-1.833778331730	0.005297170230	0.007034239645	0.954112659226	-0.952235133302	0.005934911159	0.003075903718	0.201185277115	-0.435959825466	0.003042232166	0.000787348753	0.057307350732	-0.216533028764	0.002348225079	0.000351770757	0.015611886712	-0.131968154281	0.001853535056	-0.000032413212	-0.006448762846	-0.083361738961	0.001401513614	-0.000327200193	-0.013000084741	-0.050399301722	0.000976090678	-0.000375579517	-0.011892708218	-0.030892321308	0.000683679839	-0.000345080614	-0.009943265377	-0.019657231143	0.000518511973	-0.000334479550	-0.009007338508	-0.013747695583	0.000359298154	-0.000293683365	-0.006830079155	-0.008658106970	0.000249749786	-0.000224802387	-0.004430112999	-0.005497937303	0.000153197843	-0.000116116395	-0.001974448849	-0.002800944164
5000.000000000000	20.000920591393	6.718080315263	-1.833961336238	0.005310483500	0.007021143987	0.954388741049	-0.952376492768	0.005931201879	0.003079901668	0.201219674716	-0.436085347784	0.003040060256	0.000784013005	0.057286291261	-0.216526902526	0.002354765740	0.000365118142	0.015644395736	-0.131954098571	0.001853917556	-0.000037121117	-0.006402770945	-0.083369951750	0.001406579882	-0.000322600968	-0.012974322728	-0.050431422975	0.000972884476	-0.000378856446	-0.011895363942	-0.030904168845	0.000691637674	-0.000341119826	-0.009941939059	-0.019685255266	0.000526230485	-0.000329157720	-0.009011494222	-0.013762861533	0.000359003280	-0.000291774096	-0.006835062786	-0.008666039374	0.000250887602	-0.000225149009	-0.004434914908	-0.005497953443	0.000153225546	-0.000114090494	-0.001973646361	-0.002803026098
5000.000000000000	19.997887224313	6.724030774110	-1.834123702388	0.005319805064	0.007030273831	0.954417531658	-0.952340201368	0.005928564492	0.003075377674	0.201202920759	-0.436046040229	0.003037131270	0.000797020765	0.057292415617	-0.216466345547	0.002349702355	0.000350895115	0.015676600658	-0.131884844739	0.001854883708	-0.000035995922	-0.006351550414	-0.083342513503	0.001403442542	-0.000324691422	-0.012935532354	-0.050415184792	0.000977777352	-0.000380156893	-0.011858210667	-0.030917520177	0.000683642058	-0.000332972711	-0.009933447835	-0.019690110262	0.000530936644	-0.000331439747	-0.009000581712	-0.013765596178	0.000361349935	-0.000292892777	-0.006827101132	-0.008669692036	0.000251742454	-0.000225502198	-0.004428145270	-0.005501527201	0.000151681078	-0.000112206900	-0.001972666662	-0.002802902961
5000.000000000000	19.999477665827	6.726351695422	-1.834011265965	0.005312825005	0.007027462902	0.954642937678	-0.952434106545	0.005925711952	0.003072324917	0.201246964998	-0.436133683578	0.003042075155	0.000790027479	0.057276266228	-0.216415571894	0.002356945767	0.000364713823	0.015732329432	-0.131866366179	0.001857342748	-0.000033085804	-0.006300606883	-0.083331134034	0.001404210265	-0.000323147848	-0.012899606495	-0.050439193973	0.000969834381	-0.000373139295	-0.011842986082	-0.030929167566	0.000686896089	-0.000333136687	-0.009930764075	-0.019717206908	0.000533139132	-0.000335214803	-0.008999293052	-0.013775524173	0.000358955992	-0.000292556459	-0.006827042201	-0.008677994504	0.000250873769	-0.000223395531	-0.004429141259	-0.005505935757	0.000146315766	-0.000113461160	-0.001971163338	-0.002806451431
5000.000000000000	19.999478089563	6.728759201687	-1.833987931457	0.005313805784	0.007034383165	0.954853552264	-0.952503545691	0.005942618618	0.003079770617	0.201248699973	-0.436176434193	0.003032007098	0.000786736080	0.057271091135	-0.216394484716	0.002339045946	0.000368724623	0.015761304105	-0.131819899133	0.001859628386	-0.000032465280	-0.006248506775	-0.083325766286	0.001407682323	-0.000322749676	-0.012863506188	-0.050450231664	0.000980133468	-0.000374760923	-0.011825518803	-0.030949765514	0.000696352715	-0.000334762227	-0.009921255565	-0.019736483662	0.000525731913	-0.000331075017	-0.008998797175	-0.013784574677	0.000359936861	-0.000291326637	-0.006825995943	-0.008685109254	0.000250869968	-0.000224722807	-0.004429678157	-0.005507607352	0.000144099291	-0.000121423244	-0.001971245394	-0.002805058202
5000.000000000000	19.996720112855	6.731842263229	-1.833997440235	0.005332077628	0.007025981623	0.954948599080	-0.952544776762	0.005923814465	0.003078276559	0.201242693528	-0.436196896820	0.003037878433	0.000803347084	0.057267774428	-0.216337124088	0.002354142776	0.000363211109	0.015801680750	-0.131768609479	0.001855912393	-0.000031867181	-0.006200492045	-0.083308382132	0.001406795356	-0.000325689050	-0.012830073596	-0.050462531977	0.000973186943	-0.000380015739	-0.011805629381	-0.030958394503	0.000695284424	-0.000340424842	-0.009914670096	-0.019722477031	0.000528239706	-0.000329474991	-0.008990587015	-0.013794944264	0.000360361758	-0.000292313230	-0.006824730091	-0.008689096512	0.000251818482	-0.000224711998	-0.004430305947	-0.005509873553	0.000151862732	-0.000110626656	-0.001970772298	-0.002806398702
5000.000000000000	19.996520178853	6.737733414130	-1.834156633753	0.005294627828	0.007055904946	0.955091500275	-0.952589375004	0.005928881939	0.003076815046	0.201228828889	-0.436249794865	0.003027451490	0.000788579832	0.057240112138	-0.216304333331	0.002330760345	0.000368847037	0.015838670146	-0.131730753651	0.001852801247	-0.000035753365	-0.006151180960	-0.083300895842	0.001409682652	-0.000320561227	-0.012803215475	-0.050469432721	0.000977199667	-0.000370176654	-0.011784555645	-0.030974881100	0.000692681325	-0.000337565726	-0.009895519952	-0.019735019441	0.000527830560	-0.000335042253	-0.008988408984	-0.013804545470	0.000359158069	-0.000294239696	-0.006825965592	-0.008695706287	0.000251022552	-0.000223705143	-0.004431365417	-0.005511887941	0.000148235938	-0.000114122625	-0.001971662457	-0.002807350324
5000.000000000000	19.997871541762	6.736979155543	-1.833867476762	0.005317774958	0.007030020525	0.955360762335	-0.952672018327	0.005930726354	0.003077402296	0.201252838440	-0.436349633560	0.003039916349	0.000799106555	0.057230630605	-0.216286636303	0.002341477043	0.000358478697	0.015873363700	-0.131703872926	0.001854349868	-0.000032041849	-0.006103139586	-0.083304672895	0.001404952535	-0.000318974974	-0.012770855372	-0.050489518735	0.000974865695	-0.000376161493	-0.011773666250	-0.030994701283	0.000686456330	-0.000334964076	-0.009907508651	-0.019746616189	0.000525699054	-0.000332013222	-0.008988548387	-0.013813843468	0.000358931663	-0.000293230078	-0.006828237818	-0.008702212094	0.000251613503	-0.000225380661	-0.004434965254	-0.005515659412	0.000148017744	-0.000120720971	-0.001972532437	-0.002807612441
5000.000000000000	20.000903732511	6.743597359577	-1.833808020952	0.005307238843	0.007037903486	0.955740484320	-0.952724592230	0.005933743230	0.003088610772	0.201336471264	-0.436436379895	0.003041273128	0.000791874219	0.057260623078	-0.216276817329	0.002339966179	0.000370287322	0.015945805242	-0.131662924567	0.001859269093	-0.000029512925	-0.006026192546	-0.083313992577	0.001403485346	-0.000322213578	-0.012725299519	-0.050526886621	0.000979242167	-0.000375412921	-0.011755644513	-0.031017644522	0.000690946224	-0.000340404094	-0.009888765989	-0.019765274072	0.000523786164	-0.000333416956	-0.008987242761	-0.013834401629	0.000360611944	-0.000294264265	-0.006831308903	-0.008715805860	0.000252787659	-0.000225522342	-0.004436112518	-0.005522442275	0.000154044816	-0.000119194212	-0.001973558832	-0.002807806224
5000.000000000000	20.000330465968	6.742881183093	-1.833642048654	0.005325080297	0.007046680408	0.955770338512	-0.952785657362	0.005936028578	0.003087999314	0.201283423374	-0.436471946354	0.003047866450	0.000789916167	0.057217962339	-0.216214335177	0.002340995121	0.000359549122	0.015959834021	-0.131617159164	0.001852537191	-0.000025558913	-0.005996953572	-0.083292305557	0.001405659284	-0.000325178923	-0.012702834143	-0.050521487800	0.000975874853	-0.000369138806	-0.011738713586	-0.031024077262	0.000692372427	-0.000344469607	-0.009882289870	-0.019782348913	0.000531824056	-0.000334499757	-0.008984829386	-0.013840920431	0.000362419585	-0.000292033017	-0.006832219321	-0.008714694695	0.000252383569	-0.000224402905	-0.004435994876	-0.005519117968	0.000154296338	-0.000116722812	-0.001970774744	-0.002809592819
5000.000000000000	20.001285337567	6.750615805825	-1.833954410276	0.005316940762	0.007050352291	0.955926139261	-0.952872670026	0.005945841064	0.003071712429	0.201267286334	-0.436530282985	0.003030156839	0.000786216828	0.057183788009	-0.216192811739	0.002335305855	0.000373663151	0.015980857237	-0.131574302913	0.001848140376	-0.000025443602	-0.005957754481	-0.083290909609	0.001410456952	-0.000322631049	-0.012680056618	-0.050532641323	0.000979093007	-0.000375547633	-0.011732548427	-0.031039841597	0.000686618825	-0.000328450375	-0.009874907101	-0.019790848756	0.000527708555	-0.000334146171	-0.008988921017	-0.013849619450	0.000360165238	-0.000294838119	-0.006835961634	-0.008719178286	0.000252409095	-0.000225635657	-0.004439984269	-0.005520596637	0.000149872269	-0.000115226215	-0.001971627197	-0.002808144000
5000.000000000000	19.996888356387	6.753187352587	-1.834027667675	0.005326788065	0.007056820991	0.955969186833	-0.952870852931	0.005941848702	0.003086087788	0.201262296645	-0.436514548794	0.003042932499	0.000784904126	0.057186099186	-0.216141045038	0.002331150494	0.000362031032	0.016011710437	-0.131514252767	0.001854197446	-0.000027826261	-0.005904775815	-0.083261454509	0.001412085439	-0.000319745134	-0.012634750733	-0.050536464444	0.000977545717	-0.000376258786	-0.011707010309	-0.031049293302	0.000688194335	-0.000340363452	-0.009864633108	-0.019793841125	0.000525139971	-0.000331222022	-0.008978856756	-0.013855169206	0.000362857584	-0.000293954168	-0.006831276803	-0.008724381112	0.000253320335	-0.000225749529	-0.004437933557	-0.005523628337	0.000152625995	-0.000115517536	-0.001969608354	-0.002809074833
5000.000000000000	19.998010873305	6.753587858728	-1.833704999848	0.005296450650	0.007046699497	0.956223450991	-0.952903267320	0.005946767325	0.003080937662	0.201288667853	-0.436560993687	0.003030049326	0.000794737290	0.057187372594	-0.216116518267	0.002337659556	0.000371889512	0.016065640867	-0.131475542537	0.001847706601	-0.000021241675	-0.005851824454	-0.083263023549	0.001408883096	-0.000311863898	-0.012601926706	-0.050555199847	0.000984289803	-0.000369265443	-0.011685593138	-0.031070456910	0.000679969333	-0.000330070870	-0.009861392329	-0.019817900899	0.000525530997	-0.000328989095	-0.008977785974	-0.013868366687	0.000362688235	-0.000293312422	-0.006830590001	-0.008730302132	0.000251998804	-0.000223002437	-0.004435980821	-0.005527543193	0.000153281108	-0.000117433513	-0.001970174473	-0.002811117363
5000.000000000000	20.001260258859	6.756003434035	-1.833612668240	0.005306405947	0.007056209116	0.956525616308	-0.953051140381	0.005935756731	0.003091339865	0.201294078100	-0.436704807250	0.003034834122	0.000797641144	0.057155198201	-0.216126575500	0.002335346078	0.000379729670	0.016090674168	-0.131450140998	0.001844588060	-0.000026286949	-0.005812974366	-0.083274081517	0.001405328717	-0.000312004242	-0.012581841800	-0.050579542936	0.000982037502	-0.000373679298	-0.011682316343	-0.031085451210	0.000691235440	-0.000335857584	-0.009857222099	-0.019839477339	0.000528939744	-0.000328166351	-0.008982209906	-0.013882406901	0.000363394023	-0.000293234267	-0.006836828716	-0.008736886709	0.000252977762	-0.000224240578	-0.004441446825	-0.005530557811	0.000149967095	-0.000118595407	-0.001973538860	-0.002810923551
5000.000000000000	20.002003264878	6.759855915453	-1.833552735001	0.005311333576	0.007045550919	0.956671066194	-0.953073696370	0.005954178888	0.003081952076	0.201305448692	-0.436734727213	0.003039400110	0.000791558225	0.057147032914	-0.216086880648	0.002332408664	0.000373755839	0.016130828540	-0.131399743242	0.001849968921	-0.000018715634	-0.005751712515	-0.083265057151	0.001404873069	-0.000312790037	-0.012545166670	-0.050585289564	0.000980608801	-0.000368269040	-0.011663589130	-0.031105390094	0.000688328530	-0.000334937794	-0.009850809071	-0.019833733574	0.000525599339	-0.000328275013	-0.008978933130	-0.013892251501	0.000361916150	-0.000294877064	-0.006839154103	-0.008742562886	0.000252594813	-0.000224882279	-0.004440496531	-0.005531296246	0.000149563724	-0.000117810787	-0.001971758535	-0.002811317960
5000.000000000000	19.999582532281	6.762194769835	-1.833525699238	0.005302121632	0.007049259302	0.956798001723	-0.953093742492	0.005944752764	0.003092046988	0.201306123102	-0.436751651228	0.003039351979	0.000784714550	0.057142803172	-0.216025572918	0.002332741357	0.000374079444	0.016174308510	-0.131352336867	0.001847027824	-0.000022743195	-0.005707196896	-0.083241845527	0.001405970917	-0.000312251245	-0.012508575529	-0.050593281726	0.000983358845	-0.000369694340	-0.011642554897	-0.031117394079	0.000692172027	-0.000332972789	-0.009825096918	-0.019854945917	0.000527314349	-0.000329469772	-0.008972536673	-0.013895178241	0.000361287060	-0.000293294431	-0.006833856550	-0.008748338929	0.000253095602	-0.000223603829	-0.004440996149	-0.005533797393	0.000148529023	-0.000117470313	-0.001970576170	-0.002813364845
5000.000000000000	20.000494553406	6.761796927709	-1.833208850794	0.005320282520	0.007057087968	0.956900280305	-0.953133680829	0.005949594505	0.003100002848	0.201286127609	-0.436793216629	0.003038228137	0.000777651080	0.057123837091	-0.215978020309	0.002329087617	0.000365747889	0.016201512869	-0.131313533808	0.001851203529	-0.000018786409	-0.005663143814	-0.083227651747	0.001404327566	-0.000314336227	-0.012479809951	-0.050600755875	0.000977143649	-0.000370404548	-0.011629407925	-0.031122552205	0.000690618738	-0.000335087941	-0.009826498089	-0.019855423379	0.000527780303	-0.000331530751	-0.008974771327	-0.013906899769	0.000362739660	-0.000293266382	-0.006834681220	-0.008752086153	0.000252900019	-0.000224205521	-0.004437275151	-0.005534422248	0.000157105940	-0.000120304751	-0.001970437826	-0.002813686541
5000.000000000000	19.999087429979	6.758958991275	-1.832810876615	0.005308853301	0.007049851789	0.956942756222	-0.953149124477	0.005954780984	0.003076098859	0.201262990555	-0.436779104640	0.003033496822	0.000792564262	0.057094496391	-0.215927660234	0.002327002814	0.000361334675	0.016230858107	-0.131252191006	0.001850661947	-0.000021666595	-0.005616192347	-0.083199587921	0.001405264811	-0.000315267114	-0.012442744665	-0.050601405597	0.000979928817	-0.000365939487	-0.011605167877	-0.031133555027	0.000700685034	-0.000338501822	-0.009819872259	-0.019869723262	0.000529949636	-0.000328748133	-0.008963099113	-0.013912852463	0.000362703069	-0.000292050101	-0.006830512665	-0.008754975417	0.000253325832	-0.000223353064	-0.004438006765	-0.005535798125	0.000149506675	-0.000111898806	-0.001968585496	-0.002812864205
5000.000000000000	19.997152814615	6.762679062216	-1.832802299064	0.005320456953	0.007044476529	0.957100813952	-0.953166723268	0.005960067500	0.003097526030	0.201280730833	-0.436789628450	0.003037280086	0.000787573682	0.057114335801	-0.215878445569	0.002332943238	0.000369929663	0.016275283300	-0.131205172313	0.001848975874	-0.000025010656	-0.005562848501	-0.083187339320	0.001408803582	-0.000317161563	-0.012398999044	-0.050611760715	0.000989170523	-0.000365988150	-0.011578163055	-0.031152036516	0.000694453751	-0.000325205432	-0.009807276060	-0.019879802445	0.000523539101	-0.000329018681	-0.008957619147	-0.013920939286	0.000363085622	-0.000293957716	-0.006828644515	-0.008761586037	0.000252172869	-0.000225318180	-0.004436198588	-0.005540246345	0.000151816190	-0.000125010287	-0.001967225925	-0.002814304488
5000.000000000000	19.998323983618	6.767841408601	-1.832872590372	0.005328261561	0.007060052504	0.957298088166	-0.953221958389	0.005959037175	0.003083640098	0.201265573945	-0.436868312248	0.003031980855	0.000781475680	0.057083286749	-0.215869269404	0.002321208855	0.000368710823	0.016300860319	-0.131158413886	0.001846822974	-0.000015542025	-0.005515484001	-0.083186733070	0.001409752287	-0.000309451620	-0.012379866256	-0.050624313333	0.000988267346	-0.000369634127	-0.011573877918	-0.031164252401	0.000694507683	-0.000332403474	-0.009805263538	-0.019906942597	0.000530474488	-0.000323144834	-0.008956105034	-0.013936454336	0.000364424101	-0.000293635901	-0.006834724268	-0.008766058111	0.000252379648	-0.000225584317	-0.004438796253	-0.005540349603	0.000153078341	-0.000124063291	-0.001967704432	-0.002813271096
5000.000000000000	19.998366800054	6.769347119239	-1.832681183057	0.005295387365	0.007060866224	0.957394067050	-0.953212737492	0.005946241552	0.003088964271	0.201264461521	-0.436864755075	0.003041739926	0.000780742067	0.057073545095	-0.215801768994	0.002317742418	0.000371181630	0.016332647710	-0.131099431397	0.001846522410	-0.000015389123	-0.005462489439	-0.083168324114	0.001409095995	-0.000306817359	-0.012339207959	-0.050635721824	0.000985810502	-0.000368443145	-0.011554181463	-0.031179698512	0.000696717776	-0.000335430935	-0.009791396128	-0.019904405828	0.000529566564	-0.000333186282	-0.008955877301	-0.013938166590	0.000364187822	-0.000295059057	-0.006832510564	-0.008769754939	0.000252244461	-0.000224904321	-0.004434169279	-0.005541608415	0.000155210177	-0.000121440584	-0.001966427630	-0.002814383730
5000.000000000000	20.002364437933	6.769737699915	-1.832289786865	0.005307461650	0.007050672267	0.957763176898	-0.953296588502	0.005948388884	0.003085834717	0.201321285444	-0.437012005430	0.003031055782	0.000787893553	0.057061218061	-0.215819864505	0.002326151450	0.000357651091	0.016382725634	-0.131072694006	0.001849662222	-0.000018498295	-0.005404164988	-0.083179681567	0.001408708242	-0.000308125162	-0.012312797188	-0.050670942884	0.000984309144	-0.000368004332	-0.011543558388	-0.031205436863	0.000695925080	-0.000335793946	-0.009793566611	-0.019926417886	0.000530752625	-0.000333305968	-0.008961108573	-0.013959281315	0.000364133948	-0.000295153147	-0.006838328754	-0.008780578827	0.000252390123	-0.000225404827	-0.004443561213	-0.005544471504	0.000150619732	-0.000122904099	-0.001969104557	-0.002815647831
5000.000000000000	19.998069627496	6.771834233148	-1.832417178597	0.005315506081	0.007062872311	0.957644082295	-0.953303922382	0.005938501070	0.003089088214	0.201236356513	-0.436961718180	0.003031692418	0.000789224242	0.057035906039	-0.215741838162	0.002328493919	0.000362948922	0.016390612324	-0.130995641088	0.001846736118	-0.000016867195	-0.005375276428	-0.083144801310	0.001404600584	-0.000309163297	-0.012275606631	-0.050650417091	0.000984988820	-0.000366379114	-0.011524862329	-0.031205037646	0.000693938954	-0.000335471667	-0.009790675571	-0.019927635551	0.000536396807	-0.000329408572	-0.008952081729	-0.013957055779	0.000362914519	-0.000293996686	-0.006832338926	-0.008777399088	0.000253429474	-0.000224772195	-0.004438669781	-0.005545334412	0.000152808609	-0.000122282071	-0.001966586308	-0.002813539896
5000.000000000000	20.004228383948	6.775526806297	-1.831960173526	0.005299964560	0.007058169639	0.958102620066	-0.953309496818	0.005950473305	0.003093767623	0.201355232037	-0.437081320042	0.003030717338	0.000786608195	0.057061563523	-0.215733433076	0.002322220218	0.000358050209	0.016464400934	-0.130990480707	0.001846282685	-0.000015091508	-0.005299280723	-0.083165293103	0.001405521083	-0.000305890864	-0.012234183837	-0.050688590932	0.000988204886	-0.000363897490	-0.011500020083	-0.031231687419	0.000697788255	-0.000332633484	-0.009765718587	-0.019948140241	0.000530383593	-0.000332367613	-0.008951245472	-0.013975583281	0.000365719349	-0.000294297541	-0.006836842473	-0.008793248644	0.000255615028	-0.000225272535	-0.004443997525	-0.005552234033	0.000152924142	-0.000123574769	-0.001969192720	-0.002815784272
5000.000000000000	19.995496883239	6.775765718162	-1.832073249806	0.005316834045	0.007057724467	0.957930147407	-0.953282166912	0.005958423869	0.003079137486	0.201260942864	-0.436991704114	0.003027952451	0.000783200300	0.057032848897	-0.215635005291	0.002308794303	0.000361156120	0.016474643436	-0.130900235714	0.001845629687	-0.000014387165	-0.005261607006	-0.083111395141	0.001409774829	-0.000310251653	-0.012195547831	-0.050668520157	0.000984312477	-0.000367890062	-0.011481617863	-0.031229235491	0.000696363864	-0.000337211265	-0.009767795828	-0.019948380210	0.000523349099	-0.000329506525	-0.008943940548	-0.013970835541	0.000365496718	-0.000294573262	-0.006826386510	-0.008790571876	0.000253699639	-0.000224716128	-0.004435441621	-0.005550100246	0.000151905211	-0.000113005433	-0.001964689091	-0.002815068548
5000.000000000000	19.999127555431	6.772284796471	-1.831445968497	0.005307182835	0.007072307650	0.958121335781	-0.953359170847	0.005963527455	0.003102008051	0.201259634307	-0.437064170030	0.003034104615	0.000788205309	0.056999645891	-0.215617673569	0.002327302328	0.000366553350	0.016504393079	-0.130868434110	0.001849111806	-0.000012517813	-0.005224598808	-0.083105582896	0.001411206201	-0.000307982263	-0.012174356623	-0.050681876359	0.000983053765	-0.000362136804	-0.011467417810	-0.031241431408	0.000700117272	-0.000334101026	-0.009770764015	-0.019962626992	0.000531891965	-0.000328593684	-0.008941032713	-0.013984119638	0.000365690907	-0.000291310700	-0.006831760552	-0.008795974440	0.000254065157	-0.000224398115	-0.004438210508	-0.005551754933	0.000156869334	-0.000116617514	-0.001965922053	-0.002815108436
5000.000000000000	19.998018836283	6.779166836616	-1.831638395802	0.005311900207	0.007057677059	0.958270017143	-0.953348077721	0.005945415547	0.003100574532	0.201283164515	-0.437089272339	0.003026378089	0.000781553331	0.057009087514	-0.215572017038	0.002320043225	0.000365359329	0.016549401000	-0.130825325093	0.001842868395	-0.000015958752	-0.005167505354	-0.083088584350	0.001411759749	-0.000302803700	-0.012133435607	-0.050693356263	0.000987355037	-0.000362513361	-0.011448045273	-0.031263676091	0.000695801860	-0.000328468690	-0.009739893048	-0.019978112049	0.000529431848	-0.000325290495	-0.008939710089	-0.013996036249	0.000366433499	-0.000296445731	-0.006832750764	-0.008800217203	0.000253270326	-0.000225588235	-0.004437779350	-0.005552156271	0.000152126462	-0.000114399601	-0.001963607728	-0.002815907152
5000.000000000000	19.996934627041	6.782630068961	-1.831721639224	0.005310290755	0.007077564013	0.958402010086	-0.953361682110	0.005952996024	0.003097103907	0.201278807649	-0.437113476523	0.003034334361	0.000791216392	0.056989423004	-0.215535989967	0.002310739081	0.000379129434	0.016573507591	-0.130769536900	0.001841300943	-0.000014804068	-0.005119522792	-0.083083021919	0.001406380835	-0.000304228461	-0.012099521563	-0.050706094405	0.000984460454	-0.000364932061	-0.011427062652	-0.031273230362	0.000695745561	-0.000327117980	-0.009745926540	-0.019988096825	0.000533487823	-0.000327951385	-0.008932847929	-0.014002307694	0.000364797998	-0.000293785262	-0.006829016172	-0.008805972059	0.000253536168	-0.000227171763	-0.004438188910	-0.005554109555	0.000149649956	-0.000119154704	-0.001964148293	-0.002814896338
5000.000000000000	19.999528139765	6.784695674462	-1.831471556980	0.005300830545	0.007053251909	0.958564948277	-0.953377920080	0.005961497671	0.003091419853	0.201273997207	-0.437164149156	0.003042210928	0.000784067479	0.056983416136	-0.215518635815	0.002325965320	0.000374144180	0.016612956118	-0.130712143932	0.001846720526	-0.000008348145	-0.005068513485	-0.083072165880	0.001410393022	-0.000299832586	-0.012061296815	-0.050713173873	0.000990527387	-0.000360937635	-0.011409774067	-0.031293784649	0.000696156472	-0.000330008990	-0.009744230555	-0.019994328308	0.000539138436	-0.000325478216	-0.008935069176	-0.014010959936	0.000365836957	-0.000291673960	-0.006830768236	-0.008810407920	0.000255292033	-0.000225077315	-0.004438647114	-0.005556509667	0.000152183624	-0.000118971864	-0.001964185650	-0.002815937457
5000.000000000000	20.002184418534	6.790075391855	-1.831407203076	0.005309367222	0.007060751010	0.958873143457	-0.953442950686	0.005971237385	0.003089033683	0.201315636444	-0.437270055705	0.003042861386	0.000779767469	0.056976211615	-0.215507316229	0.002318454088	0.000370968905	0.016650184194	-0.130690419923	0.001838297282	-0.000007205112	-0.005008580652	-0.083081847443	0.001411177232	-0.000305112675	-0.012030375880	-0.050742487897	0.000986517080	-0.000361365060	-0.011399006277	-0.031317112020	0.000700100452	-0.000332536873	-0.009742502949	-0.020006608475	0.000530346692	-0.000332012504	-0.008936264109	-0.014026381186	0.000366144490	-0.000292218528	-0.006837110277	-0.008819925372	0.000255249949	-0.000225814829	-0.004443654578	-0.005560726501	0.000154094106	-0.000116856899	-0.001966293316	-0.002816826802
5000.000000000000	19.997750175748	6.793270511696	-1.831552000215	0.005318188845	0.007067528267	0.958868872965	-0.953409058304	0.005956385302	0.003098698074	0.201298496805	-0.437223154324	0.003043739300	0.000785807001	0.056963698524	-0.215428361530	0.002325814967	0.000377762636	0.016690735365	-0.130620258528	0.001839671509	-0.000007612251	-0.004960686775	-0.083044251514	0.001412802522	-0.000299079908	-0.011996226478	-0.050733778991	0.000988962912	-0.000361464408	-0.011381016271	-0.031321966246	0.000702317896	-0.000336107981	-0.009724245451	-0.020014243180	0.000537766314	-0.000324572771	-0.008928653876	-0.014028104452	0.000364184159	-0.000291378194	-0.006831571199	-0.008818985763	0.000256238068	-0.000223883571	-0.004439836452	-0.005560422616	0.000150618548	-0.000120771900	-0.001963311426	-0.002816923008
5000.000000000000	20.001264466719	6.792232971698	-1.831073843188	0.005318860905	0.007062167697	0.959192623448	-0.953485223348	0.005967040581	0.003108130222	0.201328179638	-0.437349945160	0.003041420784	0.000784907726	0.056949769415	-0.215428676533	0.002324352741	0.000367771204	0.016720578748	-0.130594184428	0.001840233013	-0.000012437183	-0.004911236235	-0.083053528938	0.001415307347	-0.000302157710	-0.011970533910	-0.050761769149	0.000986183025	-0.000366075285	-0.011366168075	-0.031345913242	0.000695224667	-0.000330605249	-0.009720882190	-0.020037875989	0.000536501177	-0.000327757136	-0.008932640455	-0.014043727118	0.000366235332	-0.000292579354	-0.006837992835	-0.008827529047	0.000256040213	-0.000225855519	-0.004444725436	-0.005562429490	0.000149207646	-0.000119534603	-0.001963890029	-0.002816101959
5000.000000000000	19.997755485219	6.792208727964	-1.830976034742	0.005308123144	0.007072217438	0.959109837368	-0.953494947307	0.005957740117	0.003101072713	0.201267774113	-0.437325772899	0.003037891399	0.000769562257	0.056915224716	-0.215363535671	0.002333970772	0.000373206397	0.016732673927	-0.130523786289	0.001838794868	-0.000006079072	-0.004885301502	-0.083017302928	0.001406617182	-0.000298006221	-0.011938941949	-0.050754765576	0.000990446557	-0.000363689936	-0.011353606535	-0.031344018767	0.000701508567	-0.000331443230	-0.009719541762	-0.020051280205	0.000531964795	-0.000325597279	-0.008930546747	-0.014044418156	0.000366731087	-0.000293007001	-0.006833501768	-0.008828236561	0.000254943773	-0.000224611917	-0.004441821909	-0.005562943033	0.000151438604	-0.000117921150	-0.001963913131	-0.002815539077
5000.000000000000	19.993043047513	6.794133329824	-1.830959137216	0.005301796534	0.007063738194	0.959012368907	-0.953406404896	0.005967962012	0.003097251390	0.201205982693	-0.437231272551	0.003029198334	0.000790681829	0.056907783068	-0.215270467282	0.002318886938	0.000362782738	0.016753841576	-0.130455731319	0.001839328743	-0.000009024448	-0.004833489839	-0.082971788134	0.001404610624	-0.000301033799	-0.011895247446	-0.050735687204	0.000990547769	-0.000355978466	-0.011324534957	-0.031338276087	0.000702245318	-0.000340286118	-0.009710389556	-0.020033415486	0.000530865478	-0.000330456729	-0.008918489482	-0.014044255126	0.000366830477	-0.000292492586	-0.006826727116	-0.008826894466	0.000255833852	-0.000225100555	-0.004433255930	-0.005562316764	0.000154587258	-0.000117505829	-0.001959518224	-0.002815519358
5000.000000000000	20.003486983154	6.800764228922	-1.830708372456	0.005299538750	0.007061639866	0.959583508650	-0.953524241849	0.005960011448	0.003095313644	0.201304591410	-0.437439548243	0.003033015157	0.000781950376	0.056900582108	-0.215327409668	0.002322482032	0.000371276497	0.016803103935	-0.130438269238	0.001839103683	-0.000005449154	-0.004775235800	-0.083019868931	0.001411461735	-0.000295593953	-0.011874679312	-0.050784522516	0.000990869369	-0.000361796798	-0.011326328293	-0.031386631110	0.000697483011	-0.000333967319	-0.009697775489	-0.020056319941	0.000539077314	-0.000325985436	-0.008927638091	-0.014073504457	0.000366700736	-0.000291610873	-0.006842991709	-0.008840269004	0.000254444392	-0.000226479736	-0.004446839034	-0.005567005262	0.000150606233	-0.000114489980	-0.001965205468	-0.002814997145
5000.000000000000	20.000457988304	6.803555231680	-1.830858939603	0.005321848836	0.007080689766	0.959520978371	-0.953551386626	0.005972780335	0.003095261616	0.201246097717	-0.437413704787	0.003034757286	0.000780494283	0.056870786324	-0.215249135825	0.002323890390	0.000377289532	0.016822221284	-0.130379737336	0.001834016855	-0.000000763381	-0.004746111071	-0.082982727295	0.001405991772	-0.000290100009	-0.011847653520	-0.050777173454	0.000986865610	-0.000355372094	-0.011307365807	-0.031384102753	0.000697167822	-0.000321099653	-0.009673953949	-0.020067626403	0.000537300707	-0.000322852206	-0.008923137158	-0.014071486840	0.000366952981	-0.000291991151	-0.006839427167	-0.008836976033	0.000255330552	-0.000225722729	-0.004444158635	-0.005563538938	0.000155973523	-0.000121200119	-0.001961891326	-0.002814424237
5000.000000000000	19.992540011259	6.800483715184	-1.830682491627	0.005308488172	0.007067385450	0.959403159988	-0.953497051763	0.005966070740	0.003095641942	0.201164223694	-0.437334545758	0.003034996586	0.000779932205	0.056837039476	-0.215174354760	0.002318255295	0.000369218664	0.016837632622	-0.130306114698	0.001840760950	-0.000005457532	-0.004706365017	-0.082942713017	0.001412137777	-0.000296828627	-0.011816216629	-0.050766912271	0.000987681138	-0.000360886946	-0.011285042428	-0.031382042481	0.000699210169	-0.000331632134	-0.009675178531	-0.020074665947	0.000540274004	-0.000323783098	-0.008917596792	-0.014071144406	0.000369406234	-0.000293163467	-0.006834085310	-0.008833649387	0.000254842434	-0.000224353134	-0.004436679473	-0.005562078179	0.000148079789	-0.000116792398	-0.001958202134	-0.002814496021
5000.000000000000	19.995300764672	6.804821702014	-1.830401322640	0.005303091363	0.007071991297	0.959756718512	-0.953488062669	0.005976292191	0.003116585252	0.201254928211	-0.437458156662	0.003031902832	0.000773055850	0.056852319309	-0.215149932920	0.002324442880	0.000371113870	0.016898132701	-0.130282829773	0.001839064216	-0.000000601820	-0.004635576161	-0.082945359063	0.001409309212	-0.000295974683	-0.011765259162	-0.050794790373	0.000991621316	-0.000352493470	-0.011267328453	-0.031415590449	0.000701397602	-0.000330017881	-0.009664669203	-0.020087765810	0.000528815931	-0.000324446821	-0.008917486806	-0.014084037907	0.000368207891	-0.000294826440	-0.006835093149	-0.008846538656	0.000254596738	-0.000226265547	-0.004439883273	-0.005567944122	0.000150525557	-0.000120795386	-0.001960675740	-0.002816204095
5000.000000000000	19.999777197741	6.808885129502	-1.830363776905	0.005293305547	0.007073938507	0.960096781623	-0.953609149877	0.005975728853	0.003091699604	0.201299796395	-0.437567807009	0.003033050034	0.000782763975	0.056826038387	-0.215169484472	0.002297381244	0.000365805958	0.016924571355	-0.130250884475	0.001835504784	0.000003419781	-0.004590213668	-0.082957507784	0.001409514918	-0.000284631584	-0.011744478807	-0.050818669606	0.000991839654	-0.000358328266	-0.011256139133	-0.031441293099	0.000704783201	-0.000330191984	-0.009674509297	-0.020114175467	0.000535974549	-0.000325629630	-0.008920552660	-0.014098805073	0.000367291034	-0.000293694844	-0.006841847354	-0.008851989670	0.000256094037	-0.000225680682	-0.004445469621	-0.005569863041	0.000149525474	-0.000119876136	-0.001963774529	-0.002814936144
5000.000000000000	20.000883496808	6.811755309507	-1.830123833710	0.005294954797	0.007065950943	0.960322076620	-0.953613304321	0.005976736154	0.003095167598	0.201341758495	-0.437626822417	0.003035947186	0.000777451591	0.056821250534	-0.215144892822	0.002320495166	0.000356747150	0.016970465333	-0.130215848584	0.001835448027	0.000000346301	-0.004539400558	-0.082949922723	0.001408441651	-0.000289756146	-0.011706279162	-0.050842157618	0.000993664097	-0.000352028109	-0.011237022852	-0.031457907120	0.000706839537	-0.000322868191	-0.009656591246	-0.020139566081	0.000535761959	-0.000326074614	-0.008918876403	-0.014111003790	0.000367752044	-0.000293258738	-0.006843349929	-0.008859200480	0.000255987021	-0.000226735843	-0.004448682134	-0.005571979753	0.000152119136	-0.000114981885	-0.001963060848	-0.002815345107
5000.000000000000	19.999396652004	6.813192321106	-1.830088328388	0.005305533066	0.007071918648	0.960312688000	-0.953616448797	0.005972094924	0.003105600792	0.201260237085	-0.437632585382	0.003031622194	0.000770593978	0.056792653383	-0.215087388139	0.002316438542	0.000365280603	0.016986238835	-0.130148498723	0.001832708517	0.000003219514	-0.004501446777	-0.082924153488	0.001414510518	-0.000289468870	-0.011685315983	-0.050828430956	0.000986256834	-0.000357480596	-0.011228857620	-0.031461965813	0.000699231687	-0.000331744801	-0.009669545910	-0.020145055204	0.000533201780	-0.000325188389	-0.008918397012	-0.014113426201	0.000367523534	-0.000294057564	-0.006844270847	-0.008858457109	0.000256438803	-0.000226582972	-0.004447769759	-0.005570913429	0.000147782327	-0.000114529321	-0.001963423563	-0.002813952237
5000.000000000000	20.003643850397	6.812322341918	-1.829501719843	0.005315290835	0.007079374768	0.960681278644	-0.953654502813	0.005971715802	0.003101976048	0.201346452428	-0.437745548274	0.003029877615	0.000780675341	0.056784162254	-0.215092541624	0.002308683694	0.000358251972	0.017034727284	-0.130129143109	0.001835997849	0.000001717658	-0.004444326879	-0.082937708747	0.001413797748	-0.000292613016	-0.011653301542	-0.050864851424	0.000992929838	-0.000351487769	-0.011211778579	-0.031484600830	0.000702935769	-0.000331263091	-0.009663136079	-0.020153770361	0.000535913110	-0.000330966982	-0.008919614011	-0.014129533509	0.000367308671	-0.000295616328	-0.006853034067	-0.008868983459	0.000254965386	-0.000225987842	-0.004452307328	-0.005573341155	0.000158349011	-0.000119220324	-0.001964442253	-0.002813910605
5000.000000000000	19.999840502276	6.814045094613	-1.829567373341	0.005298611788	0.007074182290	0.960634542445	-0.953666060556	0.005972618090	0.003092026802	0.201270247605	-0.437743003613	0.003043642324	0.000776463356	0.056735222755	-0.215039524814	0.002322131493	0.000358140395	0.017031829360	-0.130067274630	0.001834688846	0.000001428243	-0.004417836534	-0.082904029849	0.001411516461	-0.000288142273	-0.011628993520	-0.050862292095	0.000998295484	-0.000354657709	-0.011204212501	-0.031490010063	0.000695486233	-0.000330984279	-0.009652965256	-0.020145017971	0.000543189273	-0.000328372149	-0.008923936576	-0.014130127080	0.000369342505	-0.000292530076	-0.006850830751	-0.008868367363	0.000255441087	-0.000225147320	-0.004451269134	-0.005572162146	0.000151181034	-0.000124281755	-0.001964423077	-0.002814169778
5000.000000000000	19.999673468468	6.818131390635	-1.829485530598	0.005314236599	0.007073825374	0.960769889996	-0.953641956564	0.005964588196	0.003095442269	0.201309375045	-0.437757735800	0.003039922928	0.000770385637	0.056741613607	-0.214992008898	0.002308562729	0.000365267030	0.017080892973	-0.130020780366	0.001833830969	0.000006060911	-0.004355914027	-0.082888485601	0.001412912515	-0.000287450622	-0.011587723799	-0.050871986665	0.000995889933	-0.000354330063	-0.011172248990	-0.031502175496	0.000703880825	-0.000333317938	-0.009645142152	-0.020150567873	0.000539115061	-0.000327115507	-0.008914516893	-0.014138058972	0.000369128980	-0.000292047019	-0.006847280564	-0.008874235281	0.000255547776	-0.000226199763	-0.004450469075	-0.005573540928	0.000151398250	-0.000116576213	-0.001963080059	-0.002813931681
5000.000000000000	19.994222426948	6.819981057382	-1.829488508284	0.005303050794	0.007078511220	0.960629853520	-0.953554450104	0.005967249448	0.003112156930	0.201226907048	-0.437647454671	0.003029497512	0.000779544050	0.056721912136	-0.214884609404	0.002312809537	0.000367169785	0.017099928324	-0.129933872242	0.001832103455	0.000000352759	-0.004307938718	-0.082841956866	0.001410796491	-0.000283853653	-0.011543521277	-0.050851765288	0.000990908899	-0.000354457051	-0.011152763338	-0.031502985077	0.000705330063	-0.000335086325	-0.009633608261	-0.020190006305	0.000546197407	-0.000330779794	-0.008906665381	-0.014139118435	0.000368914614	-0.000293657804	-0.006839885146	-0.008871829554	0.000254746316	-0.000227089713	-0.004442574650	-0.005571381451	0.000154942296	-0.000119216359	-0.001956228689	-0.002813472444
5000.000000000000	19.999231871521	6.825192836943	-1.829469624779	0.005310559175	0.007074358116	0.961120345673	-0.953689128853	0.005965745672	0.003111803044	0.201305218567	-0.437867569699	0.003037475258	0.000773625943	0.056693073437	-0.214937800362	0.002305643899	0.000352389740	0.017132051041	-0.129928348988	0.001832159705	0.000008552107	-0.004262407077	-0.082877311132	0.001410028931	-0.000288380194	-0.011530960298	-0.050892262262	0.000994509559	-0.000354754342	-0.011158353282	-0.031533447095	0.000704788357	-0.000325122974	-0.009633433687	-0.020196485671	0.000537810619	-0.000326494158	-0.008914860724	-0.014158136653	0.000369637373	-0.000292668172	-0.006858011112	-0.008880500586	0.000255677324	-0.000226990880	-0.004455753817	-0.005574611930	0.000149445712	-0.000124856241	-0.001963053191	-0.002812965558
5000.000000000000	20.002544935442	6.827712802553	-1.829120067077	0.005317277191	0.007076491589	0.961335134088	-0.953680404068	0.005979680754	0.003099022772	0.201350085977	-0.437915822576	0.003034758434	0.000775741346	0.056701676513	-0.214901474123	0.002315235178	0.000372204772	0.017176598647	-0.129870417109	0.001830640830	0.000001001837	-0.004201828970	-0.082866663433	0.001414386571	-0.000281505802	-0.011487767781	-0.050911996602	0.000997280339	-0.000351380154	-0.011128014869	-0.031553849740	0.000702836853	-0.000325405418	-0.009621379040	-0.020195915102	0.000546122924	-0.000320131148	-0.008916196849	-0.014170800763	0.000369604573	-0.000294514148	-0.006855980097	-0.008886897479	0.000256335959	-0.000225937512	-0.004454902322	-0.005576574679	0.000145924135	-0.000121423784	-0.001960610847	-0.002813116202
5000.000000000000	19.997071727788	6.827006469798	-1.828944431036	0.005310504928	0.007084806261	0.961297893856	-0.953646841966	0.005973464833	0.003110549895	0.201291009790	-0.437871869255	0.003031479661	0.000776044273	0.056678339847	-0.214826022846	0.002310264265	0.000377189003	0.017205726353	-0.129811775662	0.001837019470	0.000003273726	-0.004159009479	-0.082835426030	0.001410032984	-0.000284857671	-0.011441171094	-0.050905292475	0.000995424347	-0.000352969732	-0.011110941037	-0.031564802122	0.000700042341	-0.000323367614	-0.009607774552	-0.020190528351	0.000540361525	-0.000327467192	-0.008910896925	-0.014169014122	0.000370418101	-0.000295560452	-0.006850295462	-0.008888073253	0.000257238341	-0.000227523101	-0.004451390313	-0.005576808509	0.000155905409	-0.000113652614	-0.001959112295	-0.002812120317
5000.000000000000	20.003837015485	6.829739545516	-1.828574623797	0.005297939665	0.007075355590	0.961634138418	-0.953714122017	0.005987985545	0.003108999600	0.201346657669	-0.437999139689	0.003032383395	0.000777566685	0.056658520456	-0.214831957413	0.002302016619	0.000374708131	0.017245057707	-0.129782403882	0.001834922358	0.000011271834	-0.004106935718	-0.082845166267	0.001408859087	-0.000282317787	-0.011420960974	-0.050930047671	0.000996448951	-0.000357046243	-0.011100823999	-0.031576049612	0.000704583715	-0.000328837543	-0.009619466277	-0.020237486058	0.000539596397	-0.000334368421	-0.008914672838	-0.014187133914	0.000370926567	-0.000294727379	-0.006859605562	-0.008893231966	0.000255645229	-0.000227447970	-0.004455838409	-0.005579439402	0.000147483550	-0.000121500403	-0.001962286552	-0.002812458472
5000.000000000000	19.997879091498	6.832066873527	-1.828810776669	0.005321121759	0.007074875303	0.961411162247	-0.953671511239	0.005970489717	0.003117496885	0.201234626501	-0.437905391113	0.003036680265	0.000771213648	0.056628550366	-0.214723993420	0.002293994888	0.000378101396	0.017252420381	-0.129713257504	0.001832675391	0.000012357612	-0.004080466163	-0.082792563590	0.001415231324	-0.000281572184	-0.011385943353	-0.050909986570	0.000996084027	-0.000352277738	-0.011082417355	-0.031578134289	0.000711101913	-0.000330918342	-0.009606933224	-0.020236648007	0.000542811031	-0.000328953345	-0.008909186199	-0.014180056085	0.000369495135	-0.000293260819	-0.006851258361	-0.008889042002	0.000254829954	-0.000226542712	-0.004449413327	-0.005574821297	0.000150842414	-0.000121195577	-0.001956930370	-0.002811499188
5000.000000000000	19.997613678068	6.835766901319	-1.828765166170	0.005309977551	0.007087418234	0.961597403538	-0.953689952283	0.005995472747	0.003112818563	0.201256662696	-0.437945456416	0.003034182647	0.000770110370	0.056613761313	-0.214710948133	0.002318848243	0.000368066434	0.017289507157	-0.129665080133	0.001827479586	0.000005290655	-0.004030072575	-0.082775066231	0.001411958963	-0.000280397938	-0.011350841839	-0.050926302731	0.000994878705	-0.000351500553	-0.011064369154	-0.031592961199	0.000703972524	-0.000323494691	-0.009584526377	-0.020230391271	0.000534346947	-0.000332875077	-0.008905588812	-0.014188080350	0.000372383674	-0.000295079613	-0.006850993237	-0.008895686748	0.000255580108	-0.000227679183	-0.004450797064	-0.005575181020	0.000149657066	-0.000116988214	-0.001958122193	-0.002810910197
5000.000000000000	19.999060347000	6.838216692742	-1.828597706964	0.005320923399	0.007082101766	0.961848215870	-0.953730858414	0.005985410662	0.003124180649	0.201285436975	-0.438030014483	0.003035320826	0.000779576463	0.056607014146	-0.214695630379	0.002297469746	0.000369156634	0.017318528216	-0.129617185485	0.001823878729	0.000016226807	-0.003975181421	-0.082781314475	0.001408349502	-0.000282049543	-0.011319554087	-0.050945674776	0.000994441196	-0.000352112923	-0.011049349658	-0.031617528056	0.000701296445	-0.000325701132	-0.009590755619	-0.020250987437	0.000541103902	-0.000325366076	-0.008905118844	-0.014200256243	0.000369844011	-0.000294624143	-0.006858187932	-0.008901641989	0.000255832407	-0.000226443327	-0.004456167829	-0.005577306712	0.000151118883	-0.000123390323	-0.001957509621	-0.002809712617
5000.000000000000	19.998946492868	6.841188871779	-1.828492357905	0.005307194680	0.007087624852	0.961966487006	-0.953716162890	0.005979505757	0.003123244822	0.201277749009	-0.438045758807	0.003033631369	0.000775296320	0.056584240236	-0.214660034508	0.002302599249	0.000373669288	0.017340563956	-0.129564014465	0.001827451954	0.000014378927	-0.003932426506	-0.082765896519	0.001416327405	-0.000280943095	-0.011288487232	-0.050954956095	0.000996337102	-0.000351569416	-0.011040641870	-0.031634361531	0.000709994418	-0.000330783211	-0.009594231944	-0.020265792646	0.000543672515	-0.000322632263	-0.008907781994	-0.014209419265	0.000371364665	-0.000294234230	-0.006859175413	-0.008905452844	0.000256422878	-0.000226942612	-0.004455802324	-0.005579182160	0.000155079930	-0.000116314230	-0.001958948441	-0.002808406670
5000.000000000000	19.999450053386	6.845656070562	-1.828643482013	0.005303991735	0.007078656343	0.962124655933	-0.953767717310	0.005977152807	0.003110872795	0.201265640839	-0.438136764582	0.003038045904	0.000775052226	0.056558331077	-0.214642007716	0.002296516512	0.000381566279	0.017367489835	-0.129518822407	0.001827484748	0.000011149386	-0.003897761994	-0.082758356034	0.001412489854	-0.000281615793	-0.011269297605	-0.050967650868	0.000997673741	-0.000353272885	-0.011026008636	-0.031644446181	0.000700258989	-0.000327517620	-0.009589084378	-0.020270854357	0.000547653563	-0.000329461623	-0.008911973564	-0.014217768688	0.000372202872	-0.000294474265	-0.006864060685	-0.008905462535	0.000254904952	-0.000228125524	-0.004459199341	-0.005577884173	0.000149442958	-0.000123167334	-0.001960332537	-0.002808113820
5000.000000000000	20.001122851012	6.846356742244	-1.828128049726	0.005299461503	0.007091693637	0.962309881106	-0.953741706057	0.005974856438	0.003121504307	0.201286780495	-0.438151836717	0.003025510871	0.000776076359	0.056553685757	-0.214605498412	0.002297174718	0.000373651976	0.017400511643	-0.129469719253	0.001821057121	0.000009167053	-0.003833763196	-0.082750875588	0.001416085498	-0.000276950176	-0.011229953891	-0.050974973971	0.000998924437	-0.000342875893	-0.011012743272	-0.031665763267	0.000715760613	-0.000319554236	-0.009567330992	-0.020295130287	0.000549174270	-0.000328320407	-0.008906607062	-0.014227776619	0.000371879076	-0.000293012758	-0.006863667534	-0.008910477894	0.000257473643	-0.000227725586	-0.004460159422	-0.005580436399	0.000150307232	-0.000122175437	-0.001959114467	-0.002807818307
5000.000000000000	19.997508541495	6.852651708531	-1.828543567705	0.005294304911	0.007098338273	0.962244803880	-0.953733426244	0.005975911477	0.003104683722	0.201236081208	-0.438130691825	0.003029473339	0.000778054196	0.056518623930	-0.214530858154	0.002295604153	0.000365267401	0.017428538866	-0.129416644774	0.001825765686	0.000010048954	-0.003797783181	-0.082714429279	0.001409101824	-0.000276368172	-0.011197559893	-0.050969208230	0.000994318887	-0.000352071331	-0.010999476966	-0.031666431315	0.000707952746	-0.000322336174	-0.009566345409	-0.020286959184	0.000545021310	-0.000321376737	-0.008906017477	-0.014227156243	0.000370592469	-0.000295468178	-0.006861130250	-0.008907744792	0.000257285556	-0.000225581904	-0.004456720634	-0.005575823736	0.000150770462	-0.000119179262	-0.001957564665	-0.002806874552
5000.000000000000	19.994485903709	6.855672916863	-1.828535995960	0.005303949494	0.007083382614	0.962225874957	-0.953694240580	0.005988440779	0.003111155793	0.201188180618	-0.438082526825	0.003038140194	0.000762349610	0.056487912568	-0.214466202193	0.002301080709	0.000379170856	0.017435301053	-0.129346762608	0.001827201292	0.000015362123	-0.003757956751	-0.082679960403	0.001412908469	-0.000274248769	-0.011165187467	-0.050962380916	0.000998693543	-0.000348942108	-0.010977280399	-0.031676834053	0.000709253167	-0.000323966136	-0.009568325036	-0.020298318846	0.000537390072	-0.000320564983	-0.008899428593	-0.014229182693	0.000372351159	-0.000294018823	-0.006857968212	-0.008909757240	0.000255162999	-0.000228359914	-0.004455148251	-0.005574891831	0.000150640516	-0.000121635145	-0.001955610379	-0.002804938981
5000.000000000000	20.000322571703	6.858389156112	-1.828099671443	0.005307765433	0.007076973614	0.962706354532	-0.953742927064	0.005985230884	0.003112413478	0.201297222417	-0.438243059953	0.003039621971	0.000770956823	0.056506450089	-0.214498164764	0.002304031954	0.000369137083	0.017504725328	-0.129312005787	0.001828993602	0.000012355423	-0.003684863133	-0.082702016827	0.001417212560	-0.000275280197	-0.011122258448	-0.051004286020	0.000999854288	-0.000350940937	-0.010966265865	-0.031708648524	0.000711212131	-0.000329205057	-0.009575370333	-0.020313499181	0.000545475119	-0.000327636275	-0.008904436852	-0.014248548274	0.000370076947	-0.000296725563	-0.006866707946	-0.008920844306	0.000256089614	-0.000228415271	-0.004461487231	-0.005579557619	0.000149245955	-0.000118576766	-0.001957311455	-0.002805051843
5000.000000000000	20.000933443851	6.867062356280	-1.828511518787	0.005305109234	0.007094799476	0.962854137353	-0.953787377101	0.005979226036	0.003109266787	0.201290652070	-0.438310777898	0.003037799024	0.000768434661	0.056477232618	-0.214464730915	0.002286637685	0.000370681710	0.017511750972	-0.129281600384	0.001820906600	0.000020666892	-0.003656527383	-0.082694662768	0.001410997448	-0.000271803292	-0.011105352039	-0.051020968726	0.000995103490	-0.000347975138	-0.010953506321	-0.031718880194	0.000708136256	-0.000325481598	-0.009562667548	-0.020332245707	0.000548686168	-0.000325387919	-0.008908234739	-0.014255744848	0.000370954369	-0.000295167797	-0.006870879298	-0.008922380444	0.000256580362	-0.000227565713	-0.004464920289	-0.005578875118	0.000150114699	-0.000118094397	-0.001959884382	-0.002802396373
5000.000000000000	19.997612311441	6.865666584198	-1.828186016106	0.005287707723	0.007084760407	0.962821750039	-0.953707565914	0.005975467787	0.003095518905	0.201264314587	-0.438253195827	0.003036665126	0.000765094597	0.056463635109	-0.214380386031	0.002289236641	0.000375966149	0.017545984288	-0.129207958629	0.001827887718	0.000016127027	-0.003598205789	-0.082652279644	0.001412472990	-0.000269699139	-0.011060415379	-0.051017986611	0.000998960980	-0.000345782157	-0.010930834356	-0.031727745829	0.000712350675	-0.000327289528	-0.009547574813	-0.020341453444	0.000539052829	-0.000331583392	-0.008900259775	-0.014261569482	0.000371741774	-0.000294164116	-0.006865478858	-0.008922712552	0.000257131172	-0.000228174625	-0.004459366810	-0.005575875898	0.000151049986	-0.000118937518	-0.001954997154	-0.002802436696
5000.000000000000	20.001721945554	6.872355106975	-1.828248068257	0.005311636694	0.007083173714	0.963166781013	-0.953809195284	0.005982174553	0.003115390355	0.201305541826	-0.438392517690	0.003037562935	0.000768632357	0.056437831491	-0.214409510556	0.002286300455	0.000373062569	0.017582679561	-0.129178969813	0.001826993418	0.000017692515	-0.003551441177	-0.082672465919	0.001419126920	-0.000270304301	-0.011038844641	-0.051047633556	0.001002286715	-0.000347182428	-0.010929779492	-0.031762307830	0.000710525267	-0.000318131197	-0.009565233537	-0.020362881659	0.000547202141	-0.000318544401	-0.008907000449	-0.014273839013	0.000372310967	-0.000292882289	-0.006875147168	-0.008931043418	0.000255556543	-0.000227778604	-0.004468233851	-0.005580389315	0.000150664058	-0.000121021174	-0.001957961605	-0.002801861898
5000.000000000000	20.001334270771	6.872519336194	-1.828001574615	0.005313592640	0.007078683558	0.963222716805	-0.953793373003	0.005998208504	0.003114779879	0.201286528409	-0.438401851370	0.003033583124	0.000773277231	0.056419377566	-0.214356210631	0.002298358339	0.000350950103	0.017599099155	-0.129134284455	0.001822430206	0.000022412948	-0.003510548401	-0.082651053972	0.001411805289	-0.000264795653	-0.011005025621	-0.051052575293	0.001000384891	-0.000344916541	-0.010910768343	-0.031767006922	0.000713255887	-0.000322177283	-0.009549042658	-0.020376670861	0.000546559806	-0.000325548675	-0.008908871450	-0.014278490347	0.000373815570	-0.000296570569	-0.006874914439	-0.008930511750	0.000256493770	-0.000227236791	-0.004467327933	-0.005577079909	0.000154291497	-0.000117837591	-0.001958973651	-0.002800298665
5000.000000000000	19.997939494984	6.878258964823	-1.828248737722	0.005296107201	0.007084808952	0.963299442059	-0.953752001921	0.005987848651	0.003122169388	0.201276248568	-0.438393785014	0.003039291730	0.000773964038	0.056416956989	-0.214289672865	0.002287162389	0.000375078829	0.017636001883	-0.129078417209	0.001818056995	0.000021128180	-0.003459396355	-0.082625105788	0.001411444367	-0.000268318328	-0.010963459176	-0.051051672472	0.001001254072	-0.000343299760	-0.010885940854	-0.031772942122	0.000713261121	-0.000332655972	-0.009535584153	-0.020376973852	0.000543071216	-0.000331162890	-0.008904107610	-0.014284053399	0.000373082481	-0.000293511578	-0.006875864071	-0.008931059238	0.000257306780	-0.000228080370	-0.004464028802	-0.005575997023	0.000147313547	-0.000119377271	-0.001954933008	-0.002801081846
5000.000000000000	19.997118190890	6.877112929473	-1.827928380417	0.005290883000	0.007101277608	0.963339896320	-0.953768634313	0.005979271321	0.003121734535	0.201248733680	-0.438413042035	0.003033428177	0.000774834025	0.056378217186	-0.214263441698	0.002293665984	0.000364833994	0.017648780052	-0.129022126290	0.001817243190	0.000019022895	-0.003425093892	-0.082604925010	0.001418780276	-0.000269527505	-0.010935917347	-0.051050527808	0.001004807884	-0.000345465361	-0.010874952080	-0.031792315476	0.000707905791	-0.000327287248	-0.009548049437	-0.020380237907	0.000548828316	-0.000322711834	-0.008906352713	-0.014285823697	0.000374124491	-0.000295408244	-0.006876425756	-0.008931578388	0.000258444529	-0.000227914915	-0.004465396141	-0.005575065988	0.000148822723	-0.000120749844	-0.001955255207	-0.002797751641
