5000.000000000000	19.991838014884	6.185535248750	-1.824589732592	0.005342379023	0.006844908576	0.925251030614	-0.939745056742	0.005767140375	0.003014353429	0.201079659153	-0.429184119451	0.003095936041	0.000855500162	0.056685446427	-0.222723352550	0.002498326947	0.000291100301	0.008008719302	-0.137061547533	0.001897484882	-0.000200376589	-0.013888826548	-0.083031722829	0.001361646849	-0.000457110617	-0.017445960362	-0.048191549187	0.000913639826	-0.000477421868	-0.014429248387	-0.028650780983	0.000627235009	-0.000403123624	-0.011218766486	-0.017691867045	0.000455863532	-0.000359106440	-0.009429788107	-0.012119748761	0.000313515725	-0.000292972653	-0.006831321773	-0.007698628767	0.000224064884	-0.000222555237	-0.004415184799	-0.005015358081	0.000131202892	-0.000124987816	-0.002013060243	-0.002610845521
5000.000000000000	19.980711462513	6.121191418189	-1.819738677967	0.005352083225	0.006865728747	0.927595856814	-0.940541034484	0.005784924050	0.003031256084	0.201681065275	-0.429514144070	0.003090843699	0.000858811764	0.057154134158	-0.222582844156	0.002492864407	0.000291912129	0.008540785056	-0.137116110894	0.001908315149	-0.000187098202	-0.013516504353	-0.083215344370	0.001368074840	-0.000448061801	-0.017245307779	-0.048358566576	0.000919694944	-0.000460645580	-0.014297059082	-0.028782719851	0.000623486119	-0.000406912434	-0.011140998501	-0.017807523539	0.000462188377	-0.000359190772	-0.009395115997	-0.012216856201	0.000316603165	-0.000293021149	-0.006819208368	-0.007768215390	0.000226214931	-0.000222244161	-0.004411527744	-0.005055472638	0.000140019290	-0.000121128501	-0.002009096994	-0.002628245445
5000.000000000000	19.989179037494	6.116185259951	-1.817783469917	0.005361438996	0.006865856946	0.929738701095	-0.940929880967	0.005790973947	0.003060820791	0.202268126958	-0.429928241705	0.003106713215	0.000854249373	0.057526082398	-0.222609004821	0.002487061063	0.000306062288	0.008990528557	-0.137187777361	0.001903631966	-0.000181743523	-0.013256441650	-0.083420835351	0.001370506482	-0.000442551272	-0.017133873894	-0.048531074479	0.000918572053	-0.000463881166	-0.014225718342	-0.028904733817	0.000615070653	-0.000387873978	-0.011101777051	-0.017908638781	0.000461533166	-0.000364845238	-0.009385479968	-0.012301950586	0.000319360695	-0.000293038545	-0.006830152017	-0.007821962831	0.000226927776	-0.000222157879	-0.004424556573	-0.005088504927	0.000139040407	-0.000132003329	-0.002016188627	-0.002640693048
5000.000000000000	19.999209046579	6.131812969528	-1.817433493038	0.005349432830	0.006895261353	0.931259361992	-0.941192055627	0.005797112515	0.003061267336	0.202646076181	-0.430217878967	0.003097948868	0.000870486937	0.057760208823	-0.222569627611	0.002487286424	0.000303221089	0.009295551222	-0.137254668486	0.001903559158	-0.000178535449	-0.013053389687	-0.083558279086	0.001373929294	-0.000440978779	-0.017035687648	-0.048650358201	0.000930941368	-0.000466354557	-0.014156790578	-0.028997473878	0.000629034919	-0.000384641382	-0.011073929750	-0.017985659389	0.000466985309	-0.000359962101	-0.009381358214	-0.012370586219	0.000321116258	-0.000293543270	-0.006837924592	-0.007865142691	0.000227657230	-0.000223005583	-0.004431753642	-0.005111620028	0.000141435495	-0.000124872836	-0.002019148186	-0.002652408028
5000.000000000000	19.998434351609	6.163032751618	-1.818894428672	0.005341448949	0.006905511690	0.931924193052	-0.941392365063	0.005787726539	0.003055720710	0.202740490194	-0.430328480706	0.003103799229	0.000867810822	0.057867994289	-0.222471137966	0.002492007119	0.000314451645	0.009500224397	-0.137206343293	0.001903822877	-0.000170099887	-0.012916659411	-0.083594687566	0.001379619493	-0.000443571790	-0.016961352787	-0.048697542061	0.000924670852	-0.000466283247	-0.014106072076	-0.029026116895	0.000637507630	-0.000382529460	-0.011044255207	-0.018024929494	0.000465737243	-0.000358040762	-0.009368085068	-0.012406835097	0.000323228772	-0.000294071477	-0.006835716613	-0.007887765952	0.000228754715	-0.000223188820	-0.004429321237	-0.005124339656	0.000139170376	-0.000125484097	-0.002017591800	-0.002658701499
5000.000000000000	19.997010035302	6.191731551515	-1.820393900481	0.005360630700	0.006876684684	0.932472970256	-0.941559702172	0.005801076543	0.003058566532	0.202812834302	-0.430401468310	0.003099702901	0.000865370140	0.057941198296	-0.222341809055	0.002485189828	0.000321535768	0.009628679009	-0.137154411238	0.001909622910	-0.000168515070	-0.012797289195	-0.083620813819	0.001381449500	-0.000436270747	-0.016888243937	-0.048738167161	0.000928048782	-0.000466736223	-0.014072516787	-0.029069109853	0.000639663437	-0.000392086779	-0.011019088053	-0.018061123454	0.000464301091	-0.000355642725	-0.009352911699	-0.012433951675	0.000324222110	-0.000293942612	-0.006829506103	-0.007909392327	0.000229806147	-0.000222640197	-0.004428901603	-0.005134082473	0.000141185362	-0.000121886348	-0.002015126634	-0.002662658194
5000.000000000000	19.997540865682	6.219056705550	-1.821881170121	0.005365401396	0.006892882872	0.932921653126	-0.941797253363	0.005805436030	0.003055468753	0.202818954492	-0.430497954036	0.003098433621	0.000870848750	0.057992148654	-0.222268662469	0.002484715780	0.000316579574	0.009785364369	-0.137107859507	0.001915179055	-0.000167212562	-0.012691700391	-0.083649183943	0.001382157762	-0.000434395785	-0.016833611399	-0.048773212311	0.000918147020	-0.000456497676	-0.014033874141	-0.029090770278	0.000635065687	-0.000391592924	-0.010998974096	-0.018091197992	0.000473674888	-0.000350945251	-0.009349107345	-0.012461942914	0.000325717372	-0.000293969771	-0.006830118936	-0.007924158758	0.000231079911	-0.000223306001	-0.004430430587	-0.005144211013	0.000131976266	-0.000126761653	-0.002016067443	-0.002665550722
5000.000000000000	19.998772826308	6.244097253027	-1.822962226817	0.005342140376	0.006909124750	0.933368877121	-0.941963898479	0.005798915338	0.003066861477	0.202832077589	-0.430580174080	0.003104035107	0.000870708521	0.058034383073	-0.222163477588	0.002480257027	0.000323597637	0.009926484999	-0.137051251489	0.001910579812	-0.000167819227	-0.012593115478	-0.083673226059	0.001382607461	-0.000434251488	-0.016778477594	-0.048811309631	0.000924400514	-0.000462166549	-0.013994371855	-0.029121956695	0.000638751108	-0.000394658104	-0.010974418950	-0.018121232084	0.000474856237	-0.000353919866	-0.009342277210	-0.012488610987	0.000326660772	-0.000292443265	-0.006830268384	-0.007941306175	0.000231415887	-0.000224564824	-0.004429086478	-0.005153025858	0.000133908426	-0.000127168496	-0.002015001418	-0.002670190034
5000.000000000000	19.997192602142	6.268150650138	-1.824498064520	0.005366617155	0.006916734398	0.933565326368	-0.942186347809	0.005811603314	0.003063236659	0.202745765229	-0.430627873874	0.003095808428	0.000861903579	0.058024738211	-0.222058764054	0.002483241208	0.000316607445	0.009989252764	-0.136991225081	0.001909083641	-0.000163147133	-0.012521642276	-0.083672273536	0.001379689567	-0.000432779969	-0.016739350596	-0.048821842236	0.000921499868	-0.000467246798	-0.013953017322	-0.029135600382	0.000638215489	-0.000391690152	-0.010957917365	-0.018139106087	0.000471572660	-0.000354492294	-0.009337389274	-0.012506462572	0.000325850608	-0.000290973795	-0.006830235720	-0.007951293208	0.000230837316	-0.000222754920	-0.004428332592	-0.005156962155	0.000138502324	-0.000124750294	-0.002013521325	-0.002673562071
5000.000000000000	19.995942074418	6.291666529888	-1.825844910864	0.005366687696	0.006908272424	0.933809984028	-0.942385555609	0.005819814666	0.003072742648	0.202696176683	-0.430668543419	0.003102566982	0.000870155281	0.058037474322	-0.221954798447	0.002492112570	0.000320535856	0.010091439528	-0.136945254561	0.001905002365	-0.000158547511	-0.012432788981	-0.083673675463	0.001386018214	-0.000433233391	-0.016683020117	-0.048839553989	0.000929805095	-0.000456278489	-0.013928688612	-0.029173852329	0.000628829338	-0.000394495750	-0.010940956334	-0.018158571892	0.000476102307	-0.000352707948	-0.009328730784	-0.012524395452	0.000325704504	-0.000292856756	-0.006826525451	-0.007961320958	0.000231500413	-0.000223614376	-0.004426647059	-0.005163276408	0.000134975604	-0.000127606093	-0.002013360128	-0.002674503560
5000.000000000000	19.999718543674	6.310724173235	-1.826990395847	0.005357966990	0.006915918026	0.934047715508	-0.942690961490	0.005840723473	0.003060931696	0.202588050887	-0.430817019260	0.003098228406	0.000858501072	0.057977644813	-0.221881704714	0.002479450500	0.000326740101	0.010147498675	-0.136902316240	0.001910466058	-0.000164057119	-0.012384196811	-0.083691123253	0.001387747279	-0.000438038798	-0.016658782366	-0.048867841856	0.000931829948	-0.000453681612	-0.013917117522	-0.029180896952	0.000638672122	-0.000386079290	-0.010935796619	-0.018183605325	0.000469211999	-0.000352009039	-0.009331803459	-0.012536594003	0.000325875911	-0.000292935574	-0.006833444696	-0.007969145425	0.000231854786	-0.000223880652	-0.004430746632	-0.005168184323	0.000145491444	-0.000127928374	-0.002016950716	-0.002675193755
5000.000000000000	19.998542227349	6.329283870212	-1.827945370097	0.005356013513	0.006903497416	0.934256803695	-0.942826323664	0.005840805370	0.003042824364	0.202547496575	-0.430827085246	0.003106162806	0.000866526654	0.057992075859	-0.221790199767	0.002471641399	0.000325232429	0.010243181433	-0.136826869561	0.001906322749	-0.000152713620	-0.012306586853	-0.083692219311	0.001381537082	-0.000428858262	-0.016607759427	-0.048874556358	0.000929428701	-0.000463677011	-0.013879879151	-0.029208831699	0.000639992088	-0.000386199345	-0.010914373502	-0.018199984498	0.000473746922	-0.000352079739	-0.009326170748	-0.012556594969	0.000328321929	-0.000292782648	-0.006829951683	-0.007980336494	0.000232612692	-0.000223901857	-0.004428609987	-0.005171471177	0.000134429699	-0.000125171947	-0.002013808695	-0.002678877310
5000.000000000000	19.999391675192	6.347664673498	-1.829128916069	0.005378037600	0.006919418397	0.934490971012	-0.943078833468	0.005812235549	0.003065624779	0.202471100755	-0.430934705953	0.003099795391	0.000863996656	0.057963279332	-0.221707181445	0.002465367593	0.000324850750	0.010322526440	-0.136778706380	0.001908056468	-0.000160945870	-0.012247542318	-0.083701494440	0.001383797743	-0.000434496232	-0.016580665398	-0.048900485870	0.000929241222	-0.000459797231	-0.013859723619	-0.029219506053	0.000637574991	-0.000388762160	-0.010907188634	-0.018227210282	0.000473535786	-0.000349056814	-0.009326993466	-0.012571220934	0.000327674556	-0.000292556262	-0.006835284037	-0.007987046522	0.000233011269	-0.000225084816	-0.004430472440	-0.005175832195	0.000137411433	-0.000126888807	-0.002014876907	-0.002682204969
5000.000000000000	19.995419934788	6.364879898807	-1.830301106435	0.005369308002	0.006922013593	0.934467114895	-0.943252780244	0.005830453513	0.003075718866	0.202337380717	-0.430933036611	0.003097753572	0.000853100596	0.057931320210	-0.221597498267	0.002480902485	0.000322903623	0.010332762382	-0.136710537686	0.001912510544	-0.000155840254	-0.012192016391	-0.083679518337	0.001386949904	-0.000435177721	-0.016549540692	-0.048892120739	0.000924721993	-0.000455123907	-0.013847360438	-0.029215826144	0.000629894167	-0.000389052204	-0.010891659643	-0.018233277379	0.000477527073	-0.000349474794	-0.009321512044	-0.012579590821	0.000328807305	-0.000291743502	-0.006831666891	-0.007991051343	0.000233783203	-0.000224939609	-0.004429194226	-0.005177211924	0.000139108895	-0.000123769786	-0.002012878727	-0.002681761393
5000.000000000000	19.999571556974	6.384266976465	-1.831231573435	0.005368548702	0.006925270421	0.934764726844	-0.943439619961	0.005842131298	0.003063997995	0.202301052427	-0.431024405453	0.003095380316	0.000859035433	0.057925601252	-0.221542174812	0.002485915840	0.000332133548	0.010440801231	-0.136665511164	0.001909590402	-0.000153421839	-0.012124556787	-0.083693589752	0.001386795134	-0.000426899876	-0.016508847955	-0.048927334219	0.000930548972	-0.000454908376	-0.013816523183	-0.029253678982	0.000632337192	-0.000378387146	-0.010884006047	-0.018252485572	0.000474555619	-0.000349958322	-0.009318351279	-0.012596648314	0.000328939978	-0.000292439637	-0.006833836777	-0.008001158343	0.000232232929	-0.000224926087	-0.004431631973	-0.005185181715	0.000139203832	-0.000131067164	-0.002016595974	-0.002682253458
5000.000000000000	19.999322691377	6.399551704926	-1.832150077445	0.005373091181	0.006924158226	0.934840903622	-0.943629557896	0.005846808318	0.003052620905	0.202208161819	-0.431060109317	0.003091440601	0.000863273482	0.057898174228	-0.221462507853	0.002464259294	0.000325297706	0.010505441795	-0.136634531586	0.001905455611	-0.000154347457	-0.012069805225	-0.083687306249	0.001394178815	-0.000426057490	-0.016483924460	-0.048936836772	0.000928017478	-0.000462406229	-0.013805286715	-0.029272639044	0.000634142771	-0.000386061094	-0.010878070015	-0.018257183785	0.000475824929	-0.000347409812	-0.009315707244	-0.012608164136	0.000330161504	-0.000292116612	-0.006836696547	-0.008007106160	0.000233206235	-0.000225033181	-0.004433323265	-0.005186039233	0.000144920554	-0.000128885158	-0.002015557901	-0.002683664041
5000.000000000000	19.997851414424	6.412195183402	-1.832961751541	0.005371595111	0.006932192350	0.934909240990	-0.943783476363	0.005816763761	0.003068908790	0.202107951609	-0.431098402742	0.003091516207	0.000859105640	0.057861246028	-0.221382542122	0.002472137129	0.000329549979	0.010520291197	-0.136552726560	0.001906355013	-0.000147653619	-0.012027476778	-0.083673804972	0.001386199252	-0.000430682207	-0.016451454298	-0.048936984117	0.000931702875	-0.000457019615	-0.013784724304	-0.029268707724	0.000642792925	-0.000392041703	-0.010868886927	-0.018278242452	0.000473856182	-0.000348439180	-0.009315394966	-0.012619093140	0.000329697568	-0.000292963575	-0.006837452185	-0.008012275689	0.000233983676	-0.000225793077	-0.004431572659	-0.005186752413	0.000143536297	-0.000127258407	-0.002015008238	-0.002684750435
5000.000000000000	19.997236602957	6.423883638363	-1.833543710879	0.005368270782	0.006933546067	0.935074591601	-0.943910998921	0.005846148003	0.003075077806	0.202059432652	-0.431131573429	0.003099010519	0.000856268286	0.057867705456	-0.221294727314	0.002476954130	0.000325709942	0.010583048204	-0.136500112362	0.001901705852	-0.000148178094	-0.011958424390	-0.083672687530	0.001388100444	-0.000426947094	-0.016411136496	-0.048948251332	0.000931766890	-0.000448211908	-0.013754207123	-0.029293983522	0.000647699128	-0.000387968216	-0.010855678668	-0.018293450524	0.000477067164	-0.000350484606	-0.009308666424	-0.012631245298	0.000329383157	-0.000292982298	-0.006833769849	-0.008019774421	0.000234647528	-0.000224920865	-0.004431711149	-0.005193027235	0.000139910366	-0.000125034227	-0.002014097559	-0.002685039270
5000.000000000000	19.998200452395	6.435121919128	-1.834175217953	0.005372561356	0.006933219445	0.935218203598	-0.944099289081	0.005846808111	0.003075930022	0.201975640199	-0.431195150662	0.003099556551	0.000853395299	0.057835876161	-0.221233993303	0.002472106541	0.000328307975	0.010621992164	-0.136449745434	0.001910819478	-0.000151963042	-0.011916244335	-0.083684272650	0.001385997369	-0.000422101011	-0.016386976092	-0.048965967743	0.000931080809	-0.000457199081	-0.013744735214	-0.029306808798	0.000645369746	-0.000386850778	-0.010848940432	-0.018306055164	0.000473634305	-0.000343884772	-0.009312741945	-0.012645016883	0.000332308263	-0.000292690624	-0.006841286362	-0.008023535385	0.000233132483	-0.000225190818	-0.004433516678	-0.005193587129	0.000136297843	-0.000122866368	-0.002015366415	-0.002686079028
5000.000000000000	19.996161204257	6.447935064909	-1.834823091656	0.005388790374	0.006912247033	0.935388643626	-0.944202016403	0.005855805494	0.003068800014	0.201918987961	-0.431208327058	0.003093102075	0.000859181898	0.057841692706	-0.221154058288	0.002461495399	0.000325199301	0.010711421766	-0.136363572094	0.001903533794	-0.000144713189	-0.011841780672	-0.083675798209	0.001387019761	-0.000426381438	-0.016344026160	-0.048976846878	0.000942821751	-0.000449614603	-0.013714818495	-0.029329088696	0.000624835804	-0.000391096353	-0.010838810858	-0.018318948954	0.000475427826	-0.000351780437	-0.009305074140	-0.012660305525	0.000329288665	-0.000294325495	-0.006838020735	-0.008032657500	0.000233601314	-0.000224120960	-0.004431860554	-0.005196877406	0.000144257548	-0.000121292196	-0.002013830141	-0.002686574002
5000.000000000000	20.000540235758	6.454924641953	-1.835014406960	0.005376312669	0.006936853389	0.935574324741	-0.944425220859	0.005856440412	0.003052836163	0.201881300562	-0.431330514498	0.003098142909	0.000863224542	0.057796080513	-0.221091515884	0.002460946351	0.000329535614	0.010750390629	-0.136341164330	0.001906512684	-0.000145480909	-0.011801391499	-0.083683631737	0.001388486492	-0.000420255712	-0.016322113846	-0.049002362548	0.000931497498	-0.000447913794	-0.013701507263	-0.029342416185	0.000643781001	-0.000385208044	-0.010836614293	-0.018338522405	0.000478955309	-0.000345012558	-0.009307073848	-0.012668116455	0.000331694123	-0.000292650506	-0.006842688045	-0.008040711745	0.000234015598	-0.000225917686	-0.004437285857	-0.005199923217	0.000138175019	-0.000131311887	-0.002016247431	-0.002687857364
5000.000000000000	19.998066714193	6.459758825502	-1.835241446475	0.005382973609	0.006938568809	0.935617892408	-0.944514541844	0.005854688952	0.003072650054	0.201801273749	-0.431310764526	0.003100436258	0.000852379191	0.057789040819	-0.221001391761	0.002465906227	0.000334612460	0.010811592357	-0.136310390753	0.001904165257	-0.000145703401	-0.011748359741	-0.083670382612	0.001386349053	-0.000418835192	-0.016287760196	-0.049009153979	0.000933780581	-0.000451371379	-0.013687922503	-0.029348363461	0.000648807715	-0.000386376623	-0.010817900314	-0.018353188512	0.000477704542	-0.000351623590	-0.009303862635	-0.012680467515	0.000331186535	-0.000295005333	-0.006841031556	-0.008044940628	0.000234886885	-0.000226389167	-0.004435547904	-0.005201207590	0.000139374585	-0.000127989053	-0.002013785437	-0.002689888453
5000.000000000000	19.998442978043	6.465969722479	-1.835435037039	0.005390691905	0.006923427224	0.935777172338	-0.944662870599	0.005847191674	0.003078955381	0.201752191138	-0.431370481855	0.003097892167	0.000856294569	0.057770708254	-0.220948789710	0.002451412081	0.000325795576	0.010877769356	-0.136267575017	0.001904489672	-0.000149486600	-0.011694992257	-0.083668694372	0.001387186670	-0.000423307501	-0.016253999869	-0.049017006608	0.000927796924	-0.000460724912	-0.013663080691	-0.029368119837	0.000656405265	-0.000387895515	-0.010810432639	-0.018369875315	0.000479067467	-0.000355314555	-0.009303460298	-0.012689166586	0.000331121938	-0.000294109663	-0.006841521874	-0.008051636062	0.000234219559	-0.000226420570	-0.004435889136	-0.005205527332	0.000138481705	-0.000127627049	-0.002015011937	-0.002690623098
5000.000000000000	19.998168218411	6.473294650092	-1.835672373699	0.005376423623	0.006941728473	0.935895685666	-0.944755305501	0.005845754745	0.003062164964	0.201708656832	-0.431403669001	0.003088036149	0.000847274273	0.057759970305	-0.220874077250	0.002453129949	0.000321524851	0.010907209158	-0.136230064292	0.001899020720	-0.000145618103	-0.011640945077	-0.083666101705	0.001387014482	-0.000419928328	-0.016221812438	-0.049030697507	0.000932170552	-0.000456984841	-0.013643056386	-0.029379556772	0.000644729782	-0.000379938345	-0.010802933865	-0.018383968622	0.000481330037	-0.000348654265	-0.009300997095	-0.012704040245	0.000330373715	-0.000294369742	-0.006842933642	-0.008056804864	0.000234559494	-0.000226688665	-0.004435154777	-0.005207216976	0.000145905363	-0.000122226965	-0.002014733607	-0.002690843982
5000.000000000000	19.999084893323	6.480413310616	-1.835963542269	0.005376208157	0.006928741674	0.936113340769	-0.944886748457	0.005856834806	0.003078919351	0.201666711082	-0.431468009159	0.003087902999	0.000853117960	0.057730423505	-0.220818459214	0.002443842854	0.000335288419	0.010971863708	-0.136139454002	0.001907884409	-0.000139946814	-0.011586914335	-0.083674274549	0.001390898075	-0.000417908341	-0.016195855773	-0.049052407986	0.000937743029	-0.000456027995	-0.013638742495	-0.029398878789	0.000640670134	-0.000386982197	-0.010794222111	-0.018395113052	0.000479313509	-0.000348083368	-0.009301063885	-0.012717251678	0.000331766084	-0.000294491366	-0.006849057611	-0.008065200547	0.000234763013	-0.000225920685	-0.004440099290	-0.005210318689	0.000146566016	-0.000127808172	-0.002016569774	-0.002690390110
5000.000000000000	19.999879387563	6.484615046439	-1.835943864104	0.005373343663	0.006936160572	0.936229573567	-0.944977395655	0.005844751631	0.003062468632	0.201618676056	-0.431505443767	0.003083061464	0.000847386262	0.057729793074	-0.220759343152	0.002454303107	0.000330849940	0.011029253020	-0.136103309435	0.001903964863	-0.000139152380	-0.011541343396	-0.083667961288	0.001392809290	-0.000421380803	-0.016164132628	-0.049059804117	0.000936908263	-0.000449522319	-0.013612288752	-0.029419212067	0.000652916429	-0.000387140328	-0.010790850177	-0.018412693269	0.000480030613	-0.000348810740	-0.009299391913	-0.012728504720	0.000332638101	-0.000292981149	-0.006847057482	-0.008069629840	0.000234611695	-0.000225765862	-0.004441595346	-0.005213329223	0.000143606620	-0.000127430138	-0.002015728626	-0.002691698095
5000.000000000000	19.999248637157	6.490552179430	-1.836138369664	0.005385403358	0.006939468770	0.936346404529	-0.945089570464	0.005843994443	0.003062480703	0.201578493232	-0.431541037709	0.003088573575	0.000841933988	0.057727461408	-0.220688342271	0.002456010241	0.000331173196	0.011078723361	-0.136069623696	0.001908498814	-0.000144345160	-0.011486034102	-0.083664409006	0.001388926240	-0.000421800595	-0.016132153260	-0.049077612459	0.000931863098	-0.000448512587	-0.013596766842	-0.029427556510	0.000652296792	-0.000379448756	-0.010777641822	-0.018415987436	0.000479954945	-0.000351226027	-0.009293964579	-0.012739154687	0.000331998075	-0.000291659010	-0.006848726141	-0.008076290218	0.000234438614	-0.000225323690	-0.004441250728	-0.005213767953	0.000140816212	-0.000125780896	-0.002015096712	-0.002691363965
5000.000000000000	19.996993545567	6.494866054458	-1.836108667148	0.005371555825	0.006937393846	0.936447491196	-0.945111628675	0.005874024550	0.003062197248	0.201544118970	-0.431531669770	0.003087598838	0.000853830736	0.057721508934	-0.220608137593	0.002455749062	0.000335896245	0.011134061705	-0.135992822386	0.001905827796	-0.000132759484	-0.011432634740	-0.083659317971	0.001392282850	-0.000418876860	-0.016091707092	-0.049089089622	0.000937165830	-0.000447428271	-0.013573568909	-0.029454886352	0.000655555382	-0.000369515826	-0.010764921887	-0.018434204484	0.000484549174	-0.000347461245	-0.009291349742	-0.012749730589	0.000334098764	-0.000294005528	-0.006846074193	-0.008082190802	0.000235941249	-0.000225516393	-0.004440293972	-0.005218595199	0.000143922941	-0.000130240073	-0.002014863391	-0.002693769919
5000.000000000000	19.999130341368	6.495261275468	-1.835890392628	0.005388451252	0.006950289280	0.936657912825	-0.945251423162	0.005865813248	0.003065210223	0.201514711228	-0.431589443830	0.003088189420	0.000839886943	0.057725949330	-0.220565505894	0.002458822348	0.000332338408	0.011188738016	-0.135982443560	0.001901783106	-0.000140561509	-0.011375002632	-0.083671909195	0.001392787100	-0.000415145354	-0.016067116223	-0.049102176017	0.000934972081	-0.000452661972	-0.013565813439	-0.029455789277	0.000648834977	-0.000380386990	-0.010761569255	-0.018449785873	0.000485746609	-0.000349175971	-0.009294088259	-0.012765120874	0.000331949537	-0.000293382605	-0.006850597281	-0.008088697500	0.000235520400	-0.000226645794	-0.004442125971	-0.005219143295	0.000145702349	-0.000124929661	-0.002015858559	-0.002693433781
5000.000000000000	19.996298514906	6.498221791695	-1.835970143629	0.005394517788	0.006938848074	0.936718067725	-0.945327394465	0.005860227426	0.003064411882	0.201453503102	-0.431610839287	0.003094037200	0.000844101302	0.057713735729	-0.220506976917	0.002443447963	0.000324285374	0.011220692213	-0.135909327238	0.001904065134	-0.000132744668	-0.011326932715	-0.083662117753	0.001392530329	-0.000413114215	-0.016038242471	-0.049112179310	0.000936923106	-0.000444329878	-0.013541622018	-0.029466141426	0.000651865056	-0.000384944949	-0.010746717003	-0.018465318685	0.000482178275	-0.000349258170	-0.009291795049	-0.012774865472	0.000334956714	-0.000293960235	-0.006854525862	-0.008092425983	0.000236318554	-0.000227352410	-0.004443222187	-0.005220165809	0.000141431647	-0.000121130014	-0.002015708651	-0.002693149598
5000.000000000000	19.999727989541	6.503139610790	-1.835836866612	0.005379282245	0.006926785311	0.937018391545	-0.945439212114	0.005860017360	0.003070141232	0.201469654186	-0.431705328552	0.003082066537	0.000850698437	0.057705154846	-0.220466392569	0.002450567402	0.000336537424	0.011304650503	-0.135886472953	0.001903850448	-0.000130546833	-0.011271399753	-0.083683683126	0.001395865220	-0.000412458347	-0.016005693706	-0.049146378043	0.000932205225	-0.000440893321	-0.013520896195	-0.029501278016	0.000643399881	-0.000385681398	-0.010745604496	-0.018482407056	0.000480243679	-0.000346088193	-0.009297056255	-0.012790261254	0.000334161010	-0.000293672507	-0.006860082850	-0.008101666823	0.000235795731	-0.000226870603	-0.004447894939	-0.005223974102	0.000141371990	-0.000125977532	-0.002017963886	-0.002694669265
5000.000000000000	20.000160296527	6.506605056585	-1.835767925838	0.005390890650	0.006949170271	0.937226573301	-0.945525610071	0.005853223167	0.003075376886	0.201455798661	-0.431766616601	0.003084606184	0.000854818935	0.057703783028	-0.220412901974	0.002452008079	0.000335312029	0.011350065710	-0.135852786504	0.001902380416	-0.000126787662	-0.011216549747	-0.083691384296	0.001394502397	-0.000412340310	-0.015975617165	-0.049163874784	0.000939672473	-0.000451407442	-0.013520142796	-0.029525756771	0.000647463570	-0.000388874925	-0.010742687093	-0.018499420892	0.000485788853	-0.000348645202	-0.009295868096	-0.012803868867	0.000334550308	-0.000294275548	-0.006865419746	-0.008109216827	0.000237267842	-0.000226331456	-0.004452144998	-0.005227689687	0.000142957225	-0.000124749628	-0.002018277490	-0.002693854188
5000.000000000000	20.001047029270	6.512474358160	-1.835876286134	0.005388075550	0.006944422146	0.937423161182	-0.945610085293	0.005861759023	0.003065291334	0.201445397142	-0.431797714996	0.003079312677	0.000846319483	0.057708381916	-0.220362861190	0.002441184486	0.000337350668	0.011411901375	-0.135821302257	0.001903671866	-0.000136225491	-0.011158688119	-0.083692582492	0.001392147184	-0.000410829503	-0.015943898726	-0.049177008916	0.000937378617	-0.000450547302	-0.013486968910	-0.029523360905	0.000657124872	-0.000384283903	-0.010736162724	-0.018517979863	0.000480412513	-0.000349266508	-0.009296156632	-0.012817918561	0.000335063195	-0.000294276544	-0.006866516100	-0.008114363993	0.000237806457	-0.000227130796	-0.004452483680	-0.005229502622	0.000136952133	-0.000130285915	-0.002019352030	-0.002695564396
5000.000000000000	20.001248449048	6.513889139811	-1.835688253107	0.005373920412	0.006941225628	0.937512324816	-0.945697044900	0.005875900454	0.003058644709	0.201404073593	-0.431813419073	0.003092911557	0.000849049086	0.057696590975	-0.220300331418	0.002448196761	0.000342370721	0.011446555183	-0.135768162869	0.001901873004	-0.000134981281	-0.011108209903	-0.083690599631	0.001396937755	-0.000412079686	-0.015921415446	-0.049190370067	0.000937271460	-0.000446860892	-0.013491577960	-0.029544509240	0.000659847387	-0.000376502922	-0.010733391392	-0.018529823505	0.000480625271	-0.000343637687	-0.009296110125	-0.012828535951	0.000335305504	-0.000294396673	-0.006868708053	-0.008118796042	0.000236437618	-0.000226726562	-0.004454218898	-0.005230068580	0.000137665575	-0.000121979226	-0.002018674727	-0.002694156314
5000.000000000000	19.998587017447	6.513527215420	-1.835365107868	0.005378670387	0.006942160568	0.937618806556	-0.945686886125	0.005872589262	0.003074582716	0.201396256229	-0.431813842510	0.003074096429	0.000837560043	0.057704584278	-0.220235608282	0.002455535234	0.000330620824	0.011542930766	-0.135732476011	0.001903964022	-0.000132522248	-0.011049948769	-0.083683839910	0.001398648348	-0.000412545906	-0.015872909104	-0.049201251382	0.000936763769	-0.000444782470	-0.013462347592	-0.029569844501	0.000655101729	-0.000377478717	-0.010725294163	-0.018545591708	0.000483374789	-0.000347985534	-0.009294413278	-0.012838607230	0.000333119575	-0.000293994196	-0.006867437000	-0.008124437356	0.000235344234	-0.000226863588	-0.004454848857	-0.005233030026	0.000141292099	-0.000122327962	-0.002020350891	-0.002695849532
5000.000000000000	19.996516594111	6.516212045714	-1.835272203469	0.005365311573	0.006945007498	0.937797342751	-0.945718429991	0.005854977124	0.003075174827	0.201394560607	-0.431843216789	0.003079833027	0.000838318509	0.057730931330	-0.220182840973	0.002442166436	0.000338043556	0.011617969625	-0.135682685145	0.001903851252	-0.000122448761	-0.010986206143	-0.083689185382	0.001394396199	-0.000406376803	-0.015837794721	-0.049225971749	0.000932284742	-0.000448240640	-0.013439542670	-0.029594028930	0.000654301344	-0.000389323205	-0.010706426616	-0.018566419492	0.000485537670	-0.000346875431	-0.009291246696	-0.012853723007	0.000336724364	-0.000294863449	-0.006871151175	-0.008134345343	0.000237902900	-0.000226821528	-0.004455297160	-0.005236642367	0.000139815736	-0.000124456555	-0.002019040418	-0.002695620599
5000.000000000000	20.000891284161	6.518343699399	-1.834954528964	0.005386609951	0.006950687142	0.938044307940	-0.945854962485	0.005864496214	0.003065430797	0.201404758337	-0.431926023169	0.003091039219	0.000839864362	0.057727459312	-0.220149690265	0.002445870292	0.000330437002	0.011625925592	-0.135658506025	0.001897450656	-0.000128826524	-0.010931656469	-0.083704695067	0.001394292590	-0.000406511260	-0.015814679610	-0.049250111225	0.000935364099	-0.000444197771	-0.013418691303	-0.029613060593	0.000653352268	-0.000385118699	-0.010706781992	-0.018574280255	0.000487812788	-0.000343677383	-0.009296794740	-0.012868020178	0.000336879470	-0.000294055112	-0.006876771330	-0.008141891783	0.000237938668	-0.000227722422	-0.004463384641	-0.005239263155	0.000135364649	-0.000127418672	-0.002023161189	-0.002694734957
5000.000000000000	19.999160637688	6.520406233510	-1.834753231969	0.005393515079	0.006949642545	0.938197659207	-0.945848435841	0.005871166547	0.003067763367	0.201397250809	-0.431919229007	0.003090637674	0.000842839101	0.057732934651	-0.220087263315	0.002453678279	0.000330109789	0.011701272844	-0.135594414413	0.001899136573	-0.000124356482	-0.010882586627	-0.083699373796	0.001392668257	-0.000406322621	-0.015775315534	-0.049264514992	0.000942603954	-0.000440941742	-0.013398966485	-0.029617344807	0.000657911506	-0.000381049680	-0.010693924739	-0.018598933874	0.000480144186	-0.000353193201	-0.009294384713	-0.012880232623	0.000337083443	-0.000294221972	-0.006880383495	-0.008148203857	0.000237014039	-0.000227815721	-0.004463591036	-0.005240247919	0.000145674312	-0.000124456484	-0.002021559652	-0.002695273344
5000.000000000000	19.997431219469	6.525587806146	-1.834889375967	0.005385821023	0.006965077846	0.938296380344	-0.945888941369	0.005869938963	0.003073089087	0.201386380435	-0.431937038263	0.003073835772	0.000838370419	0.057734883343	-0.220026590953	0.002442945114	0.000344057948	0.011754828218	-0.135568805615	0.001903849484	-0.000126152312	-0.010822186803	-0.083703492599	0.001397230200	-0.000408505256	-0.015747381393	-0.049278488273	0.000940818801	-0.000443748701	-0.013378131911	-0.029634587503	0.000657129019	-0.000387674095	-0.010690631282	-0.018608881012	0.000485616311	-0.000348283311	-0.009294053757	-0.012891888175	0.000336200882	-0.000294958223	-0.006882502864	-0.008153292155	0.000237324746	-0.000227340093	-0.004466197026	-0.005241807362	0.000137781585	-0.000129187013	-0.002023290890	-0.002695345661
5000.000000000000	20.000065285063	6.522082784587	-1.834175873035	0.005376542072	0.006946653236	0.938549689305	-0.945930800657	0.005861888719	0.003067079505	0.201398490266	-0.431964108890	0.003083614695	0.000831294198	0.057771919598	-0.219986198626	0.002454605621	0.000336774412	0.011822370122	-0.135531193064	0.001898847617	-0.000123892636	-0.010759686053	-0.083703271136	0.001393680324	-0.000409077836	-0.015711001013	-0.049297255055	0.000943017420	-0.000437061028	-0.013363627057	-0.029669732903	0.000658058089	-0.000389316018	-0.010677228178	-0.018632370974	0.000479906608	-0.000346105576	-0.009291636297	-0.012908972060	0.000336800961	-0.000293225219	-0.006884779058	-0.008163234897	0.000236994945	-0.000227270770	-0.004468981487	-0.005247759589	0.000141054093	-0.000127196041	-0.002024554743	-0.002695570109
5000.000000000000	19.997852036247	6.520603051103	-1.833789072103	0.005388320836	0.006959729083	0.938664191151	-0.945996102725	0.005882777080	0.003076340584	0.201389395753	-0.432003661565	0.003082567915	0.000839720365	0.057764621676	-0.219936527904	0.002451073026	0.000334084308	0.011883257908	-0.135478558053	0.001904240668	-0.000121764831	-0.010711377503	-0.083706240464	0.001399855441	-0.000402932771	-0.015677359377	-0.049320791309	0.000935787846	-0.000444038489	-0.013347965259	-0.029686875632	0.000666130962	-0.000363573697	-0.010676368730	-0.018639290275	0.000486644461	-0.000344954912	-0.009295409861	-0.012920967942	0.000337312590	-0.000294926365	-0.006887659948	-0.008168563204	0.000236506666	-0.000227831143	-0.004470589382	-0.005247921124	0.000140539091	-0.000122213536	-0.002026146131	-0.002696503710
5000.000000000000	20.000377256495	6.529007810059	-1.834103882445	0.005383004958	0.006961342462	0.938922757857	-0.946083215403	0.005878303277	0.003081279988	0.201392670579	-0.432087388482	0.003081954614	0.000840798656	0.057757978926	-0.219904866579	0.002448865896	0.000350914317	0.011933184743	-0.135458034887	0.001899939361	-0.000122194534	-0.010655685375	-0.083723060212	0.001396348746	-0.000407576893	-0.015651719595	-0.049343659139	0.000941844385	-0.000438731780	-0.013340805127	-0.029704668499	0.000647000056	-0.000383174631	-0.010672819415	-0.018663231023	0.000487548564	-0.000344163140	-0.009295174229	-0.012935431352	0.000337431820	-0.000292304760	-0.006894064736	-0.008175454320	0.000238062115	-0.000227347782	-0.004474388234	-0.005252054646	0.000144876236	-0.000123053814	-0.002028356763	-0.002695851828
5000.000000000000	19.997250014840	6.530455326562	-1.833946888978	0.005400491599	0.006948514804	0.939014927685	-0.946116323680	0.005869000390	0.003078661322	0.201363869680	-0.432084278069	0.003084555548	0.000844131051	0.057760107212	-0.219842617525	0.002441129844	0.000337469134	0.011973836352	-0.135408857766	0.001899018263	-0.000118146868	-0.010618030212	-0.083713228150	0.001401096140	-0.000405824397	-0.015617966041	-0.049349366588	0.000941740224	-0.000442180092	-0.013312291518	-0.029723347421	0.000653262391	-0.000370250081	-0.010663023842	-0.018673311468	0.000488222075	-0.000350861471	-0.009294951628	-0.012940481093	0.000338867651	-0.000293942544	-0.006894833177	-0.008179090245	0.000238019978	-0.000227904960	-0.004477317329	-0.005252433114	0.000136724289	-0.000128300397	-0.002028775322	-0.002695207038
5000.000000000000	20.003228108862	6.526222535874	-1.832935387818	0.005400091932	0.006972065468	0.939352150890	-0.946160134714	0.005885663680	0.003071528705	0.201423029009	-0.432155454089	0.003080758779	0.000839655479	0.057793094575	-0.219808839949	0.002446089106	0.000335487152	0.012071058278	-0.135384878450	0.001904413567	-0.000114954331	-0.010538709394	-0.083733805662	0.001396099981	-0.000400447151	-0.015579164289	-0.049380712438	0.000948976752	-0.000444558698	-0.013299617139	-0.029735338873	0.000660241498	-0.000381646670	-0.010651314827	-0.018701679731	0.000489839304	-0.000349129684	-0.009289878268	-0.012963035705	0.000339912001	-0.000296188491	-0.006899384544	-0.008191543441	0.000237565444	-0.000229082391	-0.004479814530	-0.005259079527	0.000141024474	-0.000127361655	-0.002030344385	-0.002696421685
5000.000000000000	19.999172004254	6.523900891307	-1.832653851126	0.005387415310	0.006956186057	0.939348492163	-0.946181414229	0.005876024590	0.003079905582	0.201381571065	-0.432128623742	0.003083557073	0.000838505872	0.057780010734	-0.219740505142	0.002443215282	0.000337322260	0.012087895549	-0.135335728312	0.001903144629	-0.000116127600	-0.010500755121	-0.083712029858	0.001397304575	-0.000403165757	-0.015552146794	-0.049379280396	0.000936075175	-0.000438749627	-0.013279344500	-0.029746264589	0.000655786165	-0.000371868946	-0.010641730879	-0.018702602383	0.000493286731	-0.000351379712	-0.009291476782	-0.012968688548	0.000340095014	-0.000295695339	-0.006897681938	-0.008192798136	0.000239550581	-0.000228724582	-0.004479292650	-0.005259126273	0.000138978242	-0.000123581618	-0.002028022975	-0.002697732355
5000.000000000000	19.997499597465	6.522404504576	-1.832064494211	0.005386782950	0.006966345271	0.939585337463	-0.946147332380	0.005874611441	0.003090540167	0.201432273168	-0.432148196448	0.003071871502	0.000836699525	0.057823740174	-0.219688192188	0.002436274139	0.000339783712	0.012175781649	-0.135278458876	0.001901286750	-0.000116776011	-0.010420564713	-0.083720302001	0.001400970371	-0.000399603845	-0.015502891629	-0.049396404595	0.000947728380	-0.000441681467	-0.013262590404	-0.029776382291	0.000655444580	-0.000367286672	-0.010633430606	-0.018714895745	0.000493616284	-0.000349062982	-0.009282207708	-0.012985605371	0.000340545908	-0.000295566854	-0.006895686700	-0.008205202193	0.000238850238	-0.000228408424	-0.004479046061	-0.005263413256	0.000135405488	-0.000124499555	-0.002027500301	-0.002699029768
5000.000000000000	20.001776956033	6.521112981800	-1.831528288870	0.005380348055	0.006953652761	0.939825107470	-0.946260249326	0.005886391156	0.003074306396	0.201416972545	-0.432229375692	0.003084021529	0.000843654767	0.057807372038	-0.219651700149	0.002427609194	0.000350710997	0.012204043591	-0.135255136065	0.001901716727	-0.000115705648	-0.010376377396	-0.083727438672	0.001392843490	-0.000397184072	-0.015478169715	-0.049419896717	0.000947089045	-0.000434825439	-0.013246673522	-0.029794001005	0.000651879107	-0.000368010687	-0.010627131017	-0.018740893228	0.000489925012	-0.000343067717	-0.009284988818	-0.012999774442	0.000339977117	-0.000295650878	-0.006903069483	-0.008210634908	0.000238602274	-0.000230122817	-0.004483531449	-0.005264868917	0.000136553873	-0.000128498309	-0.002029821321	-0.002700350679
5000.000000000000	19.998113958883	6.515231038477	-1.830927316823	0.005387636522	0.006956074367	0.939833997519	-0.946259287415	0.005881239387	0.003083724624	0.201385810819	-0.432209577866	0.003071951564	0.000843299158	0.057801794237	-0.219585098074	0.002432532000	0.000346707743	0.012259956882	-0.135216873571	0.001897806922	-0.000110571733	-0.010330952263	-0.083707770617	0.001399385971	-0.000400819866	-0.015441444750	-0.049421960736	0.000945371899	-0.000437647028	-0.013220662191	-0.029797192616	0.000661941580	-0.000379859472	-0.010613383259	-0.018746848419	0.000493965402	-0.000346095055	-0.009282435932	-0.013005489508	0.000340241631	-0.000294124692	-0.006898779828	-0.008214765960	0.000238315049	-0.000227428887	-0.004479216371	-0.005267401968	0.000141604397	-0.000126045020	-0.002027956633	-0.002700200475
5000.000000000000	20.000656394327	6.518268711227	-1.830652616892	0.005397445547	0.006968857118	0.940134264659	-0.946317905735	0.005883648007	0.003073551401	0.201426569062	-0.432263066303	0.003077922759	0.000833523402	0.057822714746	-0.219541390141	0.002424847908	0.000349504833	0.012304129292	-0.135193724383	0.001898079244	-0.000107527332	-0.010267658053	-0.083724114098	0.001394890679	-0.000397122603	-0.015403242385	-0.049444858465	0.000943400801	-0.000435122842	-0.013203497957	-0.029828033811	0.000660954686	-0.000370326828	-0.010604555233	-0.018773928625	0.000492996864	-0.000345497913	-0.009277781263	-0.013023711510	0.000339225154	-0.000298076591	-0.006900848023	-0.008224387997	0.000239483945	-0.000228432697	-0.004483687672	-0.005270769932	0.000140626296	-0.000130168205	-0.002029082791	-0.002701746800
5000.000000000000	19.996250997382	6.516523711485	-1.830408356467	0.005389467535	0.006966148382	0.940133013527	-0.946348435472	0.005876886841	0.003089177948	0.201380057447	-0.432253940303	0.003079594187	0.000841328970	0.057810004941	-0.219489616405	0.002438180906	0.000339402469	0.012343169656	-0.135141286188	0.001899410606	-0.000116058022	-0.010229152791	-0.083696758304	0.001399605668	-0.000396757442	-0.015379101154	-0.049441479369	0.000944844103	-0.000438507718	-0.013187230811	-0.029833140974	0.000661180344	-0.000389983207	-0.010603695875	-0.018767619264	0.000492988673	-0.000343972040	-0.009274589444	-0.013025363545	0.000341024278	-0.000294637336	-0.006898656987	-0.008226492564	0.000239114623	-0.000228378947	-0.004481696269	-0.005273347452	0.000138790054	-0.000132594786	-0.002028350700	-0.002701955363
5000.000000000000	19.997716886109	6.518626927915	-1.830139735313	0.005403289781	0.006960871255	0.940410311524	-0.946406998572	0.005897410112	0.003083179034	0.201386872817	-0.432311036940	0.003082742335	0.000834320431	0.057816051077	-0.219464538534	0.002429896371	0.000334323186	0.012410538875	-0.135098191468	0.001898408902	-0.000109254126	-0.010176165220	-0.083713279299	0.001400561844	-0.000393897229	-0.015348851387	-0.049466074605	0.000951547176	-0.000437784455	-0.013167100566	-0.029859595611	0.000674975445	-0.000370523751	-0.010590523025	-0.018789380589	0.000490669466	-0.000345763982	-0.009271857014	-0.013041845712	0.000339628478	-0.000294221886	-0.006903745522	-0.008235023698	0.000239415417	-0.000228313660	-0.004484427562	-0.005277969072	0.000141265088	-0.000132743260	-0.002031608467	-0.002701257159
5000.000000000000	19.998307677849	6.516170573753	-1.829606804312	0.005387150176	0.006982951643	0.940627795294	-0.946469470853	0.005881898984	0.003082549954	0.201413480213	-0.432370655213	0.003081139363	0.000833265453	0.057826514028	-0.219431429809	0.002424281901	0.000341897039	0.012446951407	-0.135052507014	0.001898961612	-0.000108666846	-0.010125742627	-0.083714163127	0.001401956230	-0.000394791758	-0.015313207201	-0.049481259270	0.000943406510	-0.000436856145	-0.013145386553	-0.029865343562	0.000662703637	-0.000386074860	-0.010587172137	-0.018808410251	0.000491094827	-0.000347241038	-0.009275295790	-0.013052977285	0.000340852752	-0.000294680513	-0.006905123423	-0.008243190600	0.000238893009	-0.000228694208	-0.004487819626	-0.005280798555	0.000141904017	-0.000125207488	-0.002031767139	-0.002703308590
5000.000000000000	19.999794159422	6.515076710555	-1.829118140580	0.005404807329	0.006975780832	0.940836847701	-0.946506901290	0.005879818351	0.003066192467	0.201448676546	-0.432433603990	0.003077317603	0.000840466446	0.057826277810	-0.219369451821	0.002439828643	0.000347767294	0.012510914525	-0.135038911451	0.001900798376	-0.000111556122	-0.010064578842	-0.083712178679	0.001399879715	-0.000393322805	-0.015281946082	-0.049508781993	0.000946514666	-0.000431525373	-0.013143046719	-0.029887634927	0.000653751083	-0.000365793717	-0.010570114608	-0.018829824982	0.000489379784	-0.000346331000	-0.009271102121	-0.013065624670	0.000340116952	-0.000294899841	-0.006902868621	-0.008252657698	0.000239595565	-0.000230024455	-0.004488760708	-0.005283171321	0.000140986105	-0.000130152144	-0.002031242034	-0.002704837171
5000.000000000000	19.998180386042	6.515412253636	-1.828784386900	0.005389541432	0.006958620073	0.940959257647	-0.946533877968	0.005893844679	0.003082994701	0.201441436568	-0.432440409134	0.003085377420	0.000839595948	0.057807738659	-0.219320407851	0.002426768936	0.000335944478	0.012554358851	-0.135001452247	0.001903561417	-0.000107288769	-0.010019945235	-0.083704819376	0.001397191978	-0.000392568283	-0.015253214670	-0.049521749430	0.000951848249	-0.000437171265	-0.013112875449	-0.029899638224	0.000654714507	-0.000363614453	-0.010569887927	-0.018839668594	0.000494914928	-0.000344007843	-0.009270191777	-0.013073584915	0.000341585720	-0.000295904113	-0.006906330735	-0.008257667999	0.000239752027	-0.000229817847	-0.004490775705	-0.005284613914	0.000141847228	-0.000133230021	-0.002031910000	-0.002705709152
5000.000000000000	19.999252903698	6.517738337292	-1.828357069847	0.005391855920	0.006969099774	0.941187076187	-0.946519272542	0.005876802007	0.003066216589	0.201514692391	-0.432468469977	0.003080763292	0.000844144575	0.057850556162	-0.219258693635	0.002425462191	0.000340903661	0.012616357503	-0.134959828276	0.001901105512	-0.000105718762	-0.009941053761	-0.083706933142	0.001400885867	-0.000395746987	-0.015200709527	-0.049539857239	0.000942356326	-0.000434860297	-0.013081506708	-0.029913414725	0.000656714447	-0.000366442016	-0.010544768169	-0.018861034565	0.000493405659	-0.000351069784	-0.009263751391	-0.013088519206	0.000343149552	-0.000295869773	-0.006903730388	-0.008269250063	0.000240267177	-0.000229517644	-0.004488314477	-0.005288882085	0.000138739598	-0.000123173981	-0.002028246669	-0.002708469438
5000.000000000000	19.996254555422	6.518040074490	-1.828171447510	0.005391072532	0.006975132047	0.941276606904	-0.946552565920	0.005884504460	0.003085158183	0.201480138549	-0.432484471367	0.003084750021	0.000838239832	0.057838445334	-0.219208481120	0.002425031975	0.000340304919	0.012677648403	-0.134919971694	0.001895893026	-0.000102174722	-0.009903136433	-0.083693474774	0.001400834335	-0.000389888024	-0.015174945722	-0.049545994904	0.000950255833	-0.000436932292	-0.013066210721	-0.029930541751	0.000660486883	-0.000369899682	-0.010540485088	-0.018865663250	0.000497463523	-0.000344047271	-0.009260212518	-0.013099653625	0.000342249043	-0.000295036183	-0.006902296747	-0.008272557578	0.000239544117	-0.000228681146	-0.004488420466	-0.005290697985	0.000144401250	-0.000125823845	-0.002029455223	-0.002708225883
5000.000000000000	19.997418112660	6.518450836563	-1.827752814787	0.005382687428	0.006967786418	0.941446161343	-0.946594307798	0.005886756156	0.003082882596	0.201474470413	-0.432521196395	0.003077890415	0.000842727315	0.057834686301	-0.219157817509	0.002440146808	0.000347950865	0.012717148002	-0.134886824764	0.001896086192	-0.000105898013	-0.009851772518	-0.083691477807	0.001403684878	-0.000389307177	-0.015143589145	-0.049563608692	0.000946348056	-0.000428396480	-0.013059794740	-0.029940169333	0.000668445988	-0.000356013432	-0.010533418420	-0.018885843538	0.000495858683	-0.000349030136	-0.009257615411	-0.013110478413	0.000341981074	-0.000294559918	-0.006905505351	-0.008278972556	0.000240448093	-0.000228858149	-0.004489393556	-0.005291173129	0.000140822379	-0.000127539735	-0.002028429461	-0.002709995328
5000.000000000000	20.001149933973	6.518488861596	-1.827221438445	0.005383431560	0.006976346992	0.941769205806	-0.946664163518	0.005889622723	0.003068766073	0.201532060088	-0.432596903920	0.003073954806	0.000833961861	0.057846301240	-0.219127524238	0.002425128007	0.000347015067	0.012780747465	-0.134856407833	0.001902318625	-0.000101296556	-0.009787845100	-0.083700724501	0.001400305574	-0.000386832778	-0.015111040539	-0.049589375680	0.000949604269	-0.000431595541	-0.013036086583	-0.029961140622	0.000665886152	-0.000377791190	-0.010530705990	-0.018911600120	0.000496321483	-0.000350274992	-0.009258144834	-0.013129926631	0.000344859190	-0.000295543564	-0.006909493692	-0.008288060232	0.000240900429	-0.000229451603	-0.004493967958	-0.005297752973	0.000137210008	-0.000129406422	-0.002029929803	-0.002710395570
5000.000000000000	20.000611677526	6.516995287743	-1.826836033805	0.005392997043	0.006981194722	0.942017624792	-0.946732586028	0.005898355539	0.003068461210	0.201556803874	-0.432672584167	0.003079139328	0.000833359459	0.057854761382	-0.219120282987	0.002424903008	0.000365794222	0.012835429487	-0.134824630558	0.001899926799	-0.000099220396	-0.009737388079	-0.083726028087	0.001404394649	-0.000387935106	-0.015091464834	-0.049614937937	0.000947561206	-0.000429645942	-0.013025459722	-0.029985861417	0.000655971241	-0.000363795350	-0.010520898876	-0.018923734316	0.000498910075	-0.000343694761	-0.009261328507	-0.013140419404	0.000343099411	-0.000294657086	-0.006916037249	-0.008296569629	0.000241382277	-0.000229135019	-0.004496928757	-0.005300356747	0.000139609143	-0.000121145537	-0.002031026564	-0.002710914145
5000.000000000000	20.000309333807	6.516946530687	-1.826434422470	0.005378836817	0.006973396531	0.942147348835	-0.946707892199	0.005903529473	0.003085089947	0.201567047880	-0.432667209982	0.003076212398	0.000839130039	0.057874490063	-0.219053793773	0.002424782972	0.000344374264	0.012889534704	-0.134785205010	0.001901888743	-0.000097629051	-0.009681909719	-0.083699526416	0.001404955858	-0.000390570546	-0.015043225422	-0.049621248384	0.000943573684	-0.000431312821	-0.013002123485	-0.030001066300	0.000663997243	-0.000381675299	-0.010510334147	-0.018929144347	0.000497012710	-0.000342861175	-0.009253675123	-0.013149971338	0.000344513863	-0.000295189019	-0.006909199606	-0.008303625656	0.000239710264	-0.000229929578	-0.004495152725	-0.005305251571	0.000138384422	-0.000129694848	-0.002031338303	-0.002711499245
5000.000000000000	19.993478754047	6.515034551088	-1.826252563004	0.005390449483	0.006978732143	0.941980842053	-0.946685892345	0.005901600129	0.003074030324	0.201479048325	-0.432579238182	0.003083374566	0.000832299970	0.057848428185	-0.218953797335	0.002418986514	0.000356304492	0.012900478447	-0.134704765525	0.001894517599	-0.000096530364	-0.009644414930	-0.083658422517	0.001403749770	-0.000385681069	-0.015005291760	-0.049600671707	0.000951476369	-0.000422832461	-0.012970913251	-0.030002171951	0.000665824829	-0.000362669601	-0.010492098359	-0.018937036637	0.000496126772	-0.000350867233	-0.009243400349	-0.013148770609	0.000345918502	-0.000296247604	-0.006901181307	-0.008302777829	0.000240999536	-0.000228831478	-0.004488936725	-0.005303037480	0.000141705814	-0.000127405054	-0.002027102046	-0.002711478169
5000.000000000000	19.996039356225	6.515173779643	-1.825804701485	0.005384445443	0.006978246877	0.942385595306	-0.946797824986	0.005903556486	0.003070138591	0.201541055743	-0.432719510090	0.003087426880	0.000837458208	0.057854234231	-0.218964387817	0.002418773325	0.000352343209	0.012968047599	-0.134696473598	0.001896506881	-0.000100985362	-0.009586412005	-0.083690475384	0.001404465447	-0.000384134620	-0.014982431241	-0.049640547716	0.000950180001	-0.000434289047	-0.012965127699	-0.030025925551	0.000671196736	-0.000374091341	-0.010498730397	-0.018953965066	0.000494679599	-0.000346206492	-0.009250368520	-0.013169735397	0.000345359953	-0.000295155165	-0.006909829121	-0.008314203437	0.000242278143	-0.000229145271	-0.004497163795	-0.005310104002	0.000145417436	-0.000125223703	-0.002031261184	-0.002713511904
5000.000000000000	20.000724414955	6.517513464212	-1.825334960095	0.005381700716	0.006975744070	0.942896678301	-0.946870593532	0.005896722672	0.003077157403	0.201661195656	-0.432852182439	0.003077230824	0.000839351934	0.057895187995	-0.218949976936	0.002416341868	0.000358954867	0.013055458435	-0.134675703373	0.001895149637	-0.000093560368	-0.009508633608	-0.083718306810	0.001405547109	-0.000381032608	-0.014945258078	-0.049690576456	0.000956081217	-0.000426335491	-0.012950357692	-0.030058881658	0.000658218515	-0.000361995435	-0.010485124638	-0.018988289145	0.000500514901	-0.000345109078	-0.009250875568	-0.013190301849	0.000345559076	-0.000292403743	-0.006914763647	-0.008327253468	0.000241487688	-0.000229787730	-0.004502332913	-0.005315367722	0.000139143090	-0.000121562812	-0.002032550341	-0.002714737028
5000.000000000000	19.997590968359	6.514268205417	-1.824942785516	0.005390869540	0.006973786042	0.942797909887	-0.946867778117	0.005909089774	0.003087415610	0.201585680603	-0.432806454705	0.003080253284	0.000834244856	0.057862051981	-0.218866446073	0.002434223072	0.000351500072	0.013069122592	-0.134619819273	0.001899951314	-0.000096282717	-0.009476416379	-0.083687012993	0.001402320089	-0.000384448645	-0.014916581353	-0.049678010690	0.000949660571	-0.000428214805	-0.012933294790	-0.030063598205	0.000671019864	-0.000371253546	-0.010484838638	-0.018988938213	0.000499299388	-0.000342285473	-0.009245999300	-0.013195662434	0.000345003324	-0.000296209334	-0.006913247258	-0.008330551473	0.000241620254	-0.000229703335	-0.004500655659	-0.005315606486	0.000140421282	-0.000123254140	-0.002031126916	-0.002713974789
5000.000000000000	19.998332102148	6.515022195357	-1.824563806643	0.005371896400	0.006976842217	0.943075652079	-0.946902028579	0.005894201691	0.003092028540	0.201611375641	-0.432874103142	0.003075385473	0.000834438959	0.057872866527	-0.218846715447	0.002421294716	0.000350628907	0.013152948114	-0.134587783179	0.001892731438	-0.000095813971	-0.009415559886	-0.083697430159	0.001407250436	-0.000381415677	-0.014881676991	-0.049695954287	0.000945619312	-0.000424684920	-0.012913064497	-0.030077193661	0.000681576238	-0.000374650212	-0.010468473376	-0.019007243353	0.000501397605	-0.000349781964	-0.009242052478	-0.013210899880	0.000345127956	-0.000293991779	-0.006917909157	-0.008337658240	0.000242519653	-0.000229664495	-0.004500782992	-0.005318446328	0.000140362079	-0.000127945229	-0.002031259664	-0.002715795396
5000.000000000000	20.001275064422	6.513086903138	-1.823886309203	0.005370720709	0.006973947257	0.943377427278	-0.946964445483	0.005904026012	0.003090471815	0.201655918534	-0.432956121243	0.003080586822	0.000830819580	0.057888745674	-0.218822275949	0.002412662788	0.000343794691	0.013189999264	-0.134569393522	0.001890429317	-0.000094359203	-0.009357264069	-0.083718187588	0.001407740804	-0.000382761052	-0.014856216222	-0.049727760734	0.000951688533	-0.000426139477	-0.012886969546	-0.030104993855	0.000670712185	-0.000368683446	-0.010458247547	-0.019024774590	0.000499134279	-0.000345216595	-0.009244718913	-0.013226346624	0.000345753908	-0.000294894691	-0.006920226476	-0.008347714356	0.000241676995	-0.000230250947	-0.004505407731	-0.005322145953	0.000142015418	-0.000129565835	-0.002032577107	-0.002716977844
5000.000000000000	19.998083882597	6.511592320760	-1.823499878982	0.005377481516	0.006981326908	0.943421555607	-0.946941598895	0.005891750218	0.003084694334	0.201635148080	-0.432923851840	0.003079595832	0.000827535057	0.057885731135	-0.218753704662	0.002408479370	0.000350881407	0.013233932729	-0.134508666158	0.001895094412	-0.000093766070	-0.009318398914	-0.083690566268	0.001403874322	-0.000382266660	-0.014818624115	-0.049725634787	0.000954721586	-0.000425508757	-0.012876276837	-0.030112681937	0.000672785998	-0.000375806275	-0.010459545707	-0.019028211746	0.000499806573	-0.000343902555	-0.009237485743	-0.013232919680	0.000346525300	-0.000296218081	-0.006915495698	-0.008349225998	0.000241337974	-0.000229478221	-0.004503001374	-0.005325108794	0.000140720695	-0.000133609835	-0.002032491947	-0.002717768641
5000.000000000000	20.001204464056	6.510494054117	-1.822734565359	0.005372731989	0.006986927625	0.943784270458	-0.946924653218	0.005899328722	0.003093782132	0.201730377893	-0.432982816302	0.003075845435	0.000820003671	0.057933789688	-0.218723500736	0.002414608472	0.000353952680	0.013323258477	-0.134467673512	0.001895830772	-0.000087267508	-0.009231479749	-0.083705811733	0.001401950305	-0.000378482516	-0.014769368800	-0.049758504679	0.000955323005	-0.000423421635	-0.012848489177	-0.030148175464	0.000668207519	-0.000367339036	-0.010441519002	-0.019053656396	0.000500605963	-0.000345837386	-0.009231541053	-0.013251813553	0.000346861357	-0.000294607649	-0.006918164464	-0.008364343793	0.000243351652	-0.000230241232	-0.004505482038	-0.005332345074	0.000140433344	-0.000133376216	-0.002032511324	-0.002718579238
5000.000000000000	19.997921771444	6.511718519185	-1.822629358321	0.005385323225	0.006992068590	0.943846581053	-0.946920817494	0.005909366009	0.003083997977	0.201713321932	-0.432979651043	0.003076186547	0.000828922884	0.057929919856	-0.218665559927	0.002427998001	0.000353656988	0.013354179967	-0.134422493382	0.001891761798	-0.000090756171	-0.009187821636	-0.083683420842	0.001405701914	-0.000381167172	-0.014737531028	-0.049756849276	0.000958551033	-0.000424753854	-0.012832049882	-0.030157066432	0.000661264214	-0.000383809050	-0.010426751439	-0.019056967106	0.000499259390	-0.000341514946	-0.009225364147	-0.013259249259	0.000348548443	-0.000296449285	-0.006913544210	-0.008367623892	0.000242138385	-0.000229813316	-0.004503907958	-0.005332659023	0.000141580004	-0.000125894348	-0.002031125883	-0.002719979633
5000.000000000000	20.004103188090	6.508848242193	-1.821848479998	0.005359295176	0.006977902080	0.944296554420	-0.947059070353	0.005909044739	0.003098364375	0.201776262125	-0.433120520932	0.003079842232	0.000830685860	0.057937748296	-0.218681249916	0.002413112987	0.000358241070	0.013422643736	-0.134419569408	0.001893175397	-0.000089324926	-0.009128863934	-0.083725423442	0.001409225536	-0.000377300509	-0.014714619024	-0.049801047485	0.000953054774	-0.000427728429	-0.012822026678	-0.030182297861	0.000653854266	-0.000366303695	-0.010427460899	-0.019086662369	0.000501740653	-0.000344866878	-0.009236186451	-0.013280532706	0.000347567751	-0.000295239467	-0.006925938583	-0.008378687883	0.000243254934	-0.000230090538	-0.004510371190	-0.005336276492	0.000141691565	-0.000129523174	-0.002033796075	-0.002720926364
5000.000000000000	19.996988550124	6.506178922678	-1.821531036759	0.005373928163	0.006997611100	0.944162692496	-0.946965979487	0.005914374905	0.003091988498	0.201731482914	-0.433016428002	0.003086629977	0.000826761382	0.057932654443	-0.218565793439	0.002414504314	0.000339864227	0.013462339041	-0.134337622454	0.001898779147	-0.000088348424	-0.009073890361	-0.083671040524	0.001406750654	-0.000377732133	-0.014659255860	-0.049792390623	0.000951568251	-0.000423468132	-0.012787626937	-0.030183965360	0.000665561305	-0.000359764960	-0.010419191910	-0.019084026034	0.000499625112	-0.000345356519	-0.009222417240	-0.013278114741	0.000347240109	-0.000294070684	-0.006913677190	-0.008380451550	0.000242460090	-0.000228530377	-0.004501344399	-0.005337687629	0.000146987259	-0.000128994862	-0.002028820887	-0.002722336268
5000.000000000000	19.996837699419	6.505857024418	-1.821282652124	0.005373182459	0.006998931570	0.944311978351	-0.947003714985	0.005902720947	0.003105459513	0.201704261691	-0.433081781143	0.003085436457	0.000827521004	0.057912614739	-0.218531183028	0.002412231583	0.000361900614	0.013491459502	-0.134300874098	0.001894801734	-0.000081268038	-0.009039190264	-0.083672218750	0.001407547500	-0.000373227005	-0.014643215006	-0.049798761996	0.000959995803	-0.000419552976	-0.012774227391	-0.030189127346	0.000676985055	-0.000367345303	-0.010412836568	-0.019107263698	0.000501003454	-0.000341768725	-0.009221772900	-0.013292805263	0.000349206315	-0.000294466054	-0.006919799238	-0.008385281858	0.000243391254	-0.000230312783	-0.004506258959	-0.005338332237	0.000144351110	-0.000121538850	-0.002030859875	-0.002722414598
5000.000000000000	19.997425102957	6.502343750967	-1.820526298981	0.005391914989	0.006993448456	0.944526026388	-0.947025940319	0.005917442516	0.003080152430	0.201735772417	-0.433103439920	0.003065515427	0.000828069318	0.057934776736	-0.218492487983	0.002410076056	0.000371741680	0.013545331453	-0.134262147595	0.001893667641	-0.000086518052	-0.008978177332	-0.083677423060	0.001405846152	-0.000371874449	-0.014607240251	-0.049813533302	0.000959509941	-0.000427312290	-0.012752181961	-0.030214993390	0.000668801695	-0.000347614171	-0.010388921985	-0.019114511220	0.000505541786	-0.000339529252	-0.009217065791	-0.013306573194	0.000350896368	-0.000295636745	-0.006920404638	-0.008392625191	0.000243298422	-0.000230267831	-0.004505792687	-0.005341680646	0.000141505685	-0.000130049788	-0.002030288974	-0.002723683002
5000.000000000000	20.002789038951	6.503878102644	-1.820108345353	0.005367765733	0.006987333687	0.944925211879	-0.947126722707	0.005913288512	0.003087047709	0.201789135474	-0.433233904405	0.003079098357	0.000827066690	0.057934976421	-0.218493784906	0.002421897907	0.000367362056	0.013602448219	-0.134244658348	0.001893835921	-0.000081160551	-0.008925143130	-0.083705424178	0.001405741738	-0.000370851015	-0.014576065852	-0.049848470580	0.000957033082	-0.000418593114	-0.012746571703	-0.030242322757	0.000672883787	-0.000368383610	-0.010391871578	-0.019144153318	0.000499771797	-0.000343781166	-0.009223930713	-0.013321985675	0.000349678529	-0.000295333439	-0.006926697538	-0.008403039524	0.000242448787	-0.000230832049	-0.004514281614	-0.005347517518	0.000142213270	-0.000131156018	-0.002035255831	-0.002723076978
5000.000000000000	19.996456482228	6.501474484888	-1.819775554514	0.005375446101	0.007000121236	0.944848237564	-0.947071998263	0.005913309934	0.003096450125	0.201738499339	-0.433169519463	0.003082259441	0.000830371674	0.057918858877	-0.218399159104	0.002409523470	0.000364442653	0.013632515472	-0.134183605733	0.001893171108	-0.000084926709	-0.008877463691	-0.083669598710	0.001404985382	-0.000369796500	-0.014541791947	-0.049842134324	0.000958106534	-0.000423544575	-0.012720956538	-0.030246687800	0.000671721170	-0.000369423919	-0.010372256992	-0.019139806380	0.000502410865	-0.000342541068	-0.009216364193	-0.013325724866	0.000349505324	-0.000296585245	-0.006921354228	-0.008403404949	0.000242494639	-0.000231523615	-0.004507268518	-0.005346870755	0.000148295077	-0.000130805661	-0.002030579652	-0.002724929521
5000.000000000000	19.999691800917	6.500368948526	-1.819177799850	0.005382493076	0.006996306214	0.945141941233	-0.947104885229	0.005913940341	0.003108494146	0.201787355013	-0.433232939393	0.003086223883	0.000829300800	0.057946678543	-0.218390327179	0.002414305294	0.000369552063	0.013696479052	-0.134139705966	0.001889915259	-0.000082847267	-0.008817735096	-0.083682759954	0.001406032020	-0.000371722665	-0.014510074326	-0.049863475016	0.000956079665	-0.000416460224	-0.012710824464	-0.030255506562	0.000673603784	-0.000361450576	-0.010382129728	-0.019169564727	0.000502589436	-0.000339577259	-0.009211040366	-0.013342711264	0.000350374782	-0.000295741159	-0.006925034712	-0.008411410423	0.000243341720	-0.000228248735	-0.004508989290	-0.005351613693	0.000142359927	-0.000123390678	-0.002032319518	-0.002725404427
5000.000000000000	19.997716426214	6.498985078473	-1.818822952270	0.005379477216	0.006998123320	0.945261153505	-0.947127307430	0.005906794362	0.003091695464	0.201772544254	-0.433262447797	0.003076039593	0.000827455690	0.057931793225	-0.218335595421	0.002411924889	0.000360635535	0.013746476067	-0.134092567546	0.001886446227	-0.000085924424	-0.008766972069	-0.083666400047	0.001408418583	-0.000371016230	-0.014471805518	-0.049870850389	0.000959986161	-0.000423718836	-0.012686005176	-0.030290262598	0.000665357825	-0.000360896026	-0.010366582324	-0.019168049373	0.000506867802	-0.000345486435	-0.009212325841	-0.013351033239	0.000349332307	-0.000296406877	-0.006923731227	-0.008417576038	0.000243269402	-0.000229216749	-0.004510863513	-0.005354911687	0.000142865097	-0.000129169258	-0.002032576086	-0.002725637540
5000.000000000000	19.998593470589	6.495949699629	-1.818188180594	0.005369426492	0.006984840263	0.945468237138	-0.947152264117	0.005901737406	0.003095683863	0.201777421880	-0.433301315652	0.003073343697	0.000825704627	0.057945471151	-0.218318890917	0.002406107355	0.000366765851	0.013782050341	-0.134053538178	0.001888533228	-0.000079922367	-0.008716650023	-0.083669356872	0.001410622127	-0.000368314906	-0.014441809869	-0.049887817934	0.000959496899	-0.000425367991	-0.012675455406	-0.030298760541	0.000683729824	-0.000378507661	-0.010353125189	-0.019187123150	0.000505508998	-0.000337067105	-0.009210465559	-0.013367464867	0.000349987686	-0.000295800733	-0.006927386347	-0.008422987609	0.000243654325	-0.000231120574	-0.004511902716	-0.005357682059	0.000138797872	-0.000128392031	-0.002033980211	-0.002726294556
5000.000000000000	20.000388843974	6.499579664886	-1.818022334040	0.005368115771	0.006980503261	0.945721375683	-0.947226588876	0.005919556871	0.003092811258	0.201812067072	-0.433378780189	0.003077359745	0.000837378826	0.057935105208	-0.218270589847	0.002405337890	0.000360586585	0.013825776779	-0.134012437754	0.001891297451	-0.000078787556	-0.008661151099	-0.083673956445	0.001406197974	-0.000366389368	-0.014406942002	-0.049912181469	0.000956409923	-0.000411423523	-0.012652778191	-0.030316806882	0.000672862236	-0.000367284817	-0.010351318700	-0.019209261481	0.000508513495	-0.000338141363	-0.009210082522	-0.013375434619	0.000351617295	-0.000297061856	-0.006928469700	-0.008432358428	0.000244345277	-0.000230247223	-0.004514957218	-0.005361035173	0.000149363225	-0.000129218775	-0.002034443897	-0.002727328048
5000.000000000000	19.996670360087	6.495395612093	-1.817399784098	0.005377895261	0.006996474882	0.945740241683	-0.947169708755	0.005923381955	0.003099250279	0.201801252506	-0.433328429214	0.003074987786	0.000828088704	0.057940291984	-0.218195318806	0.002407302394	0.000359721854	0.013884973585	-0.133958362322	0.001892179111	-0.000076985255	-0.008606264633	-0.083648899981	0.001407979742	-0.000367199594	-0.014365305307	-0.049916276666	0.000962797571	-0.000415511726	-0.012620821582	-0.030322553607	0.000666576615	-0.000349433203	-0.010332211217	-0.019223828119	0.000506821742	-0.000342519579	-0.009202073684	-0.013385869128	0.000349762410	-0.000293983097	-0.006924444156	-0.008435384107	0.000243577264	-0.000230117738	-0.004510973331	-0.005361683033	0.000143579378	-0.000130701701	-0.002031036660	-0.002727978596
5000.000000000000	19.998660838057	6.494094937522	-1.816933898560	0.005377582463	0.006989112492	0.946018337391	-0.947240890450	0.005908958053	0.003090610845	0.201847762940	-0.433428460115	0.003081514870	0.000829861374	0.057946160088	-0.218176752822	0.002410224607	0.000353475954	0.013931266121	-0.133937016356	0.001889637527	-0.000073720223	-0.008550894997	-0.083652775638	0.001411241008	-0.000364134263	-0.014335478488	-0.049934847220	0.000962183344	-0.000417401535	-0.012610733056	-0.030348654834	0.000687538665	-0.000368655035	-0.010324843549	-0.019225485137	0.000502306082	-0.000340186711	-0.009203699931	-0.013399705871	0.000350951660	-0.000295560790	-0.006930846785	-0.008446188469	0.000243987034	-0.000230472070	-0.004515353901	-0.005364032247	0.000143635860	-0.000127387852	-0.002032279234	-0.002728855589
5000.000000000000	20.001978755640	6.491876264592	-1.816211856076	0.005378422808	0.006996537939	0.946359230796	-0.947280316286	0.005913209278	0.003099385279	0.201909714692	-0.433512815721	0.003081365816	0.000822748570	0.057957311955	-0.218147990293	0.002396583336	0.000361097786	0.014000073284	-0.133918650087	0.001886147942	-0.000073061466	-0.008488920962	-0.083669491261	0.001407268767	-0.000366508753	-0.014303861294	-0.049964363130	0.000962451924	-0.000418961921	-0.012600553967	-0.030369912902	0.000673633018	-0.000361304368	-0.010310567305	-0.019256413981	0.000507864846	-0.000345436048	-0.009201299479	-0.013412823050	0.000352213973	-0.000296032410	-0.006931736999	-0.008457139826	0.000245048325	-0.000231551859	-0.004519763408	-0.005370806212	0.000147658409	-0.000130998232	-0.002035083177	-0.002730094102
5000.000000000000	20.002928690556	6.487204939332	-1.815252520897	0.005372746401	0.006979847233	0.946655755332	-0.947196194864	0.005911628252	0.003104882107	0.201998022304	-0.433537383759	0.003078963526	0.000824881598	0.058000106080	-0.218113413060	0.002402947726	0.000353181847	0.014075190175	-0.133878734876	0.001889644278	-0.000071970328	-0.008415483328	-0.083671476768	0.001407010031	-0.000364614681	-0.014253137350	-0.049988024079	0.000961775595	-0.000409765062	-0.012574994704	-0.030391037678	0.000684181684	-0.000356369597	-0.010314560766	-0.019273790105	0.000508085556	-0.000341676747	-0.009196779050	-0.013429846188	0.000352638112	-0.000293838364	-0.006929393310	-0.008468509863	0.000244262817	-0.000229637562	-0.004517349459	-0.005377160928	0.000143751500	-0.000128425018	-0.002033504534	-0.002732461727
5000.000000000000	19.995254249297	6.487486993349	-1.815447290940	0.005377453786	0.007011518435	0.946406809096	-0.947225959989	0.005913136767	0.003104854008	0.201831182614	-0.433459866687	0.003075440473	0.000825846253	0.057944078516	-0.218014853523	0.002395806907	0.000349450171	0.014064047764	-0.133795687745	0.001889850182	-0.000071355884	-0.008393269699	-0.083618841236	0.001406836116	-0.000360812476	-0.014225690054	-0.049960335225	0.000959494537	-0.000416132781	-0.012554533588	-0.030388333907	0.000676964083	-0.000348817232	-0.010297879400	-0.019274352136	0.000508782248	-0.000343073759	-0.009189720318	-0.013426058291	0.000350700189	-0.000295869324	-0.006923789139	-0.008461649429	0.000243981027	-0.000230656702	-0.004512978720	-0.005374473451	0.000140982138	-0.000130216116	-0.002031492229	-0.002730677970
5000.000000000000	19.999796754112	6.489793772888	-1.814924194807	0.005375758032	0.007000586602	0.946785151188	-0.947250007047	0.005916735375	0.003107812106	0.201925975795	-0.433537453141	0.003068027695	0.000823404312	0.057963184204	-0.217988320499	0.002410501327	0.000364006358	0.014144456524	-0.133759688878	0.001887359198	-0.000068818453	-0.008324385869	-0.083640864161	0.001410079124	-0.000360162320	-0.014187687295	-0.049994582534	0.000965591152	-0.000419431616	-0.012533428745	-0.030410400252	0.000672431743	-0.000363898468	-0.010304952223	-0.019305802705	0.000508991941	-0.000341854573	-0.009188929059	-0.013447538087	0.000351518744	-0.000296089945	-0.006929839201	-0.008473785431	0.000244167396	-0.000231235758	-0.004517127298	-0.005377911344	0.000143209544	-0.000134069938	-0.002031805693	-0.002732601775
5000.000000000000	19.999394571903	6.489516755826	-1.814574605429	0.005363920649	0.006993149798	0.946906304219	-0.947277622513	0.005914713095	0.003100217723	0.201920734749	-0.433576317601	0.003071711458	0.000818662276	0.057954565758	-0.217948197425	0.002393998686	0.000364178128	0.014179473019	-0.133723255081	0.001883383433	-0.000062686165	-0.008271936181	-0.083621067425	0.001411294990	-0.000362486194	-0.014154695035	-0.050004570388	0.000964663855	-0.000411221379	-0.012511301442	-0.030432803121	0.000670160081	-0.000360638832	-0.010281932470	-0.019307837198	0.000509839680	-0.000333321583	-0.009187741283	-0.013455448301	0.000353076541	-0.000297103903	-0.006931869742	-0.008478050860	0.000244554733	-0.000231614749	-0.004518118237	-0.005379061772	0.000141794158	-0.000122994660	-0.002030951279	-0.002733634624
5000.000000000000	20.000833256511	6.487743355400	-1.813923150940	0.005380791038	0.007003072457	0.947156125621	-0.947271895634	0.005918696670	0.003092818308	0.201955824874	-0.433620819432	0.003080308399	0.000823926679	0.057977248606	-0.217917457856	0.002393549287	0.000350159818	0.014237237337	-0.133681129683	0.001889697480	-0.000065838535	-0.008214280315	-0.083631534047	0.001411705799	-0.000354950380	-0.014124956612	-0.050021834352	0.000961688991	-0.000415227435	-0.012497652150	-0.030440239285	0.000676151849	-0.000375002581	-0.010273916944	-0.019308669020	0.000511120116	-0.000344682992	-0.009185166255	-0.013470246136	0.000351643871	-0.000293747167	-0.006933531510	-0.008485548686	0.000245137138	-0.000230523059	-0.004518309553	-0.005383566810	0.000143645842	-0.000127413638	-0.002032071904	-0.002733381663
5000.000000000000	19.998385777618	6.484174021678	-1.813284102699	0.005368644042	0.007005668307	0.947202348162	-0.947223668621	0.005926716279	0.003111659886	0.201947206414	-0.433596406730	0.003075227364	0.000821009287	0.057973227473	-0.217840357024	0.002389791702	0.000361602719	0.014285409917	-0.133637665994	0.001881718576	-0.000066185875	-0.008156806604	-0.083607631536	0.001411095850	-0.000360023967	-0.014078733483	-0.050024233289	0.000962516435	-0.000417637342	-0.012468235302	-0.030458181132	0.000678412345	-0.000361154426	-0.010261235839	-0.019337340495	0.000506723256	-0.000344008457	-0.009179704813	-0.013476490244	0.000353243659	-0.000295166427	-0.006927630788	-0.008490791172	0.000244600544	-0.000230969626	-0.004514866272	-0.005386174569	0.000145402444	-0.000122892882	-0.002029706918	-0.002735970758
5000.000000000000	19.998749661351	6.483259273236	-1.812853516153	0.005373742258	0.006994074737	0.947450288950	-0.947239821163	0.005930370729	0.003097349445	0.201969317360	-0.433656620757	0.003069059887	0.000817766821	0.057964003680	-0.217820482677	0.002399531361	0.000357499271	0.014324919434	-0.133580476212	0.001883037299	-0.000067050139	-0.008101330525	-0.083611494470	0.001408570730	-0.000357970418	-0.014045866938	-0.050046470811	0.000962116460	-0.000412461060	-0.012459110952	-0.030473087117	0.000678751765	-0.000358689298	-0.010258413690	-0.019345949207	0.000507702271	-0.000339326230	-0.009176774836	-0.013493827257	0.000356101115	-0.000297415355	-0.006933086467	-0.008497867139	0.000243432860	-0.000232235064	-0.004520265748	-0.005388375338	0.000144504928	-0.000134057231	-0.002031486667	-0.002736293260
5000.000000000000	20.006450304962	6.485404710912	-1.812388261497	0.005353789124	0.007010379779	0.947956482020	-0.947328059664	0.005903865177	0.003109452892	0.202076014459	-0.433822149872	0.003077431144	0.000813776150	0.057969687951	-0.217856744100	0.002400904169	0.000363915881	0.014381336140	-0.133579284567	0.001876840387	-0.000060926129	-0.008054831331	-0.083654173460	0.001413316806	-0.000355390344	-0.014032667981	-0.050091990869	0.000964566319	-0.000409853949	-0.012451410027	-0.030508932927	0.000675544143	-0.000356866221	-0.010260071631	-0.019381459428	0.000509263609	-0.000342845640	-0.009186385622	-0.013512137331	0.000352070852	-0.000294031391	-0.006942338105	-0.008511470434	0.000245890090	-0.000231886311	-0.004529419243	-0.005393738701	0.000145860263	-0.000129487650	-0.002037196617	-0.002735778058
5000.000000000000	19.994991890755	6.483187087944	-1.812110146296	0.005390452122	0.007005426156	0.947661847395	-0.947196082126	0.005907932715	0.003118204320	0.201981852791	-0.433647292964	0.003089635053	0.000825119500	0.057962796404	-0.217708373706	0.002399512223	0.000364380570	0.014413263551	-0.133495310886	0.001883066993	-0.000062801384	-0.007998796075	-0.083575965865	0.001412798596	-0.000352726259	-0.013969740085	-0.050059413181	0.000963560155	-0.000408659201	-0.012412914523	-0.030504362409	0.000678634153	-0.000354632493	-0.010229727222	-0.019376424519	0.000510843699	-0.000343744517	-0.009165618344	-0.013507405026	0.000354186750	-0.000297750257	-0.006927768641	-0.008508424653	0.000245856057	-0.000230305200	-0.004517359615	-0.005393823537	0.000139454966	-0.000123012810	-0.002030461666	-0.002736132343
5000.000000000000	19.997280660034	6.481853690137	-1.811655809311	0.005370195479	0.006997600629	0.947927842372	-0.947260421232	0.005918726383	0.003115979076	0.201991320286	-0.433745453857	0.003074197710	0.000828255994	0.057961194350	-0.217686462597	0.002389252727	0.000374145693	0.014454818937	-0.133454148230	0.001888171978	-0.000064716085	-0.007951841067	-0.083589996904	0.001411443014	-0.000354731175	-0.013947909652	-0.050084244532	0.000966197726	-0.000411804853	-0.012406979440	-0.030519527939	0.000674527453	-0.000358457357	-0.010233871214	-0.019386226513	0.000512276131	-0.000340301313	-0.009171721721	-0.013519026053	0.000356357528	-0.000295074530	-0.006932474790	-0.008515368054	0.000245015897	-0.000230582961	-0.004521209305	-0.005395970415	0.000142984077	-0.000132454974	-0.002030944024	-0.002737175521
5000.000000000000	20.006417351712	6.482406677180	-1.810935465848	0.005353358020	0.007015723261	0.948591693919	-0.947373826940	0.005909681176	0.003121346577	0.202147481803	-0.433957048014	0.003081744937	0.000829487596	0.057992916160	-0.217722602651	0.002391002785	0.000370560055	0.014548397872	-0.133455112326	0.001882653958	-0.000062534344	-0.007874566752	-0.083644899590	0.001410443712	-0.000354338029	-0.013911691778	-0.050142558149	0.000965049152	-0.000405243031	-0.012389936080	-0.030563502228	0.000685913412	-0.000373424801	-0.010234865408	-0.019412361934	0.000512911902	-0.000336337201	-0.009179926255	-0.013549627145	0.000355195764	-0.000296973322	-0.006945980772	-0.008533855803	0.000247595308	-0.000231153242	-0.004534065053	-0.005404140850	0.000144884335	-0.000128577125	-0.002038223259	-0.002738365771
5000.000000000000	20.000794480206	6.486244154973	-1.811094009161	0.005369691053	0.007015846296	0.948474363551	-0.947330494431	0.005933998951	0.003102919728	0.202081745900	-0.433883680012	0.003076891479	0.000818641880	0.057962331241	-0.217639192152	0.002383818148	0.000360200458	0.014565917191	-0.133383726018	0.001882290519	-0.000056915776	-0.007832831039	-0.083598380047	0.001412488564	-0.000352612364	-0.013880736264	-0.050128487942	0.000968678198	-0.000405441279	-0.012374622594	-0.030566752889	0.000676336642	-0.000354519950	-0.010223565612	-0.019429893805	0.000514180676	-0.000340542462	-0.009170416322	-0.013551363207	0.000354652033	-0.000295122559	-0.006937963510	-0.008535998378	0.000246424759	-0.000231809058	-0.004528465741	-0.005404566600	0.000139418443	-0.000129843534	-0.002034061735	-0.002738703674
5000.000000000000	19.994677226980	6.486514948612	-1.810980304150	0.005376595181	0.006995553795	0.948355572954	-0.947249135401	0.005913644088	0.003109618683	0.202012347818	-0.433782600382	0.003071790053	0.000821555473	0.057967913915	-0.217530731644	0.002386773418	0.000365103598	0.014601502439	-0.133304126919	0.001881358049	-0.000061371476	-0.007786354551	-0.083553901859	0.001410506302	-0.000350136366	-0.013831950834	-0.050111925913	0.000967631623	-0.000411566897	-0.012341868552	-0.030560065787	0.000684029614	-0.000351155235	-0.010188942139	-0.019439449022	0.000517073584	-0.000338728695	-0.009157286037	-0.013554250139	0.000354969352	-0.000295891083	-0.006929570115	-0.008532796736	0.000245537946	-0.000230560151	-0.004518456556	-0.005403045389	0.000139952752	-0.000123041470	-0.002029075626	-0.002739614625
5000.000000000000	19.998029955603	6.483434972449	-1.810206125450	0.005359463116	0.006996684742	0.948713252872	-0.947329096581	0.005936657484	0.003110333502	0.202097125516	-0.433903874706	0.003082315897	0.000827023279	0.057963704902	-0.217530430865	0.002382693987	0.000373181372	0.014639324142	-0.133283795752	0.001883700092	-0.000054368803	-0.007728187585	-0.083575450404	0.001405254134	-0.000351627657	-0.013800905614	-0.050146379227	0.000972172108	-0.000401611391	-0.012329179428	-0.030589775810	0.000671472825	-0.000357488843	-0.010200862584	-0.019442128747	0.000517433910	-0.000339322032	-0.009159685307	-0.013568705916	0.000355819364	-0.000295778454	-0.006936745724	-0.008544057472	0.000244803539	-0.000232043858	-0.004524389130	-0.005407714804	0.000140838923	-0.000128736553	-0.002032914899	-0.002739294779
5000.000000000000	19.999917495888	6.481532421196	-1.809589804726	0.005357026922	0.007017686793	0.949010274505	-0.947300787810	0.005927573580	0.003109073239	0.202154699737	-0.433967906041	0.003078104114	0.000827916432	0.057981312196	-0.217529003006	0.002391340525	0.000366736343	0.014695432353	-0.133262408358	0.001882225334	-0.000056262216	-0.007678841859	-0.083585827576	0.001419407836	-0.000346497652	-0.013775096988	-0.050167014449	0.000972698644	-0.000410882043	-0.012310029634	-0.030612677900	0.000687119392	-0.000354823022	-0.010201355564	-0.019455369701	0.000511828145	-0.000340180450	-0.009164571119	-0.013585719792	0.000357447638	-0.000297045014	-0.006938505453	-0.008552292717	0.000247003413	-0.000230444226	-0.004530243674	-0.005412284016	0.000144829478	-0.000134478674	-0.002034188338	-0.002740581085
5000.000000000000	19.999364007848	6.479770582853	-1.808853263447	0.005360131901	0.007010290259	0.949147055342	-0.947204254876	0.005933276074	0.003115510105	0.202183827028	-0.433953450384	0.003082330497	0.000819502183	0.058010923952	-0.217462782503	0.002398687969	0.000367819622	0.014759759460	-0.133222201932	0.001884869339	-0.000058823971	-0.007616160763	-0.083574465851	0.001413004038	-0.000351980074	-0.013737139508	-0.050180034255	0.000968448600	-0.000405286581	-0.012299546483	-0.030625356104	0.000673498839	-0.000357880537	-0.010186856869	-0.019466329495	0.000511533730	-0.000337392242	-0.009154643428	-0.013593376395	0.000357703510	-0.000295361699	-0.006939627232	-0.008558001513	0.000245659717	-0.000232925231	-0.004529580362	-0.005415022085	0.000143335097	-0.000130441748	-0.002032675690	-0.002741060564
5000.000000000000	19.998862572571	6.478433852439	-1.808370914939	0.005376095505	0.007018970992	0.949325197362	-0.947240676744	0.005942976983	0.003113955639	0.202189697861	-0.433987057993	0.003080115882	0.000815532491	0.058001202848	-0.217415951932	0.002389395291	0.000366138628	0.014809828258	-0.133178325138	0.001880642410	-0.000056586149	-0.007553491606	-0.083566735884	0.001415323945	-0.000348266009	-0.013691984157	-0.050192591437	0.000966578615	-0.000402280393	-0.012271677037	-0.030648802571	0.000678542812	-0.000356812964	-0.010166070610	-0.019493513286	0.000513614397	-0.000337905904	-0.009151580778	-0.013607405190	0.000356044997	-0.000294542536	-0.006936288128	-0.008565164699	0.000247127613	-0.000231870339	-0.004528104503	-0.005418879427	0.000148384509	-0.000124382201	-0.002032170878	-0.002742180353
5000.000000000000	19.999619460672	6.481282026381	-1.808250575956	0.005370866681	0.007017608884	0.949550162875	-0.947300855253	0.005927852678	0.003114492751	0.202207255250	-0.434059060699	0.003066355046	0.000821564111	0.057982800743	-0.217385898130	0.002396215623	0.000366300834	0.014850546877	-0.133118607593	0.001882114323	-0.000056862709	-0.007503242653	-0.083563577456	0.001415314644	-0.000346555799	-0.013666412825	-0.050214309538	0.000967358260	-0.000406687037	-0.012257409562	-0.030658561874	0.000679345474	-0.000363659965	-0.010157746268	-0.019500094716	0.000513227926	-0.000340960599	-0.009152982358	-0.013618958725	0.000357059383	-0.000294689778	-0.006943638672	-0.008572737185	0.000247196906	-0.000233587676	-0.004531567578	-0.005417682032	0.000149273908	-0.000128558205	-0.002032455527	-0.002742324264
