5000.000000000000	25.014670391656	6.073349274769	-1.618015750249	0.004117954277	0.006673242098	1.182225300862	-0.983868222693	0.005637928471	0.003730731052	0.282936690816	-0.534704637468	0.003313404478	0.000819699220	0.062607592260	-0.276734124622	0.002346123604	0.000173428623	0.016192375161	-0.154851227057	0.001727998716	0.000050787571	0.002941526402	-0.101500254413	0.001516078175	-0.000114642274	-0.007710007937	-0.072681420614	0.001269093692	-0.000315332652	-0.014649749019	-0.050464429693	0.000946195360	-0.000429466882	-0.016295630684	-0.033293839405	0.000732726158	-0.000484662112	-0.016631389584	-0.024151332666	0.000528225962	-0.000472802708	-0.014982367674	-0.016045715968	0.000377673823	-0.000455338205	-0.012538022353	-0.009648489566	0.000178731292	-0.000332835265	-0.007063942582	-0.003622229712
5000.000000000000	25.013177290877	5.967883780716	-1.602373345513	0.004103459311	0.006684915412	1.187130051944	-0.979405631442	0.005602890079	0.003761154891	0.286658490052	-0.534126277588	0.003330267264	0.000833966333	0.064498437699	-0.277166347064	0.002348128361	0.000204623243	0.017221190236	-0.154901480140	0.001734063274	0.000065025453	0.003961699427	-0.101466365373	0.001518024128	-0.000088991827	-0.006712462609	-0.072893119986	0.001272970523	-0.000301273601	-0.013942014322	-0.050927410700	0.000957375366	-0.000425885101	-0.015893888711	-0.033779182839	0.000743132306	-0.000465917469	-0.016415261249	-0.024611291886	0.000542386898	-0.000470975554	-0.014888701010	-0.016419205531	0.000388574296	-0.000454197259	-0.012534896709	-0.009957229232	0.000186185450	-0.000329337736	-0.007121026922	-0.003776663563
5000.000000000000	24.987263050528	6.011267882857	-1.600302942528	0.004077622756	0.006704637776	1.189331945440	-0.976320951922	0.005608501107	0.003795898987	0.288798666793	-0.533339460441	0.003318858726	0.000864828680	0.065739495798	-0.277124547227	0.002335708371	0.000213540395	0.017977813387	-0.154917610849	0.001730959904	0.000077883796	0.004591587817	-0.101438152011	0.001519216705	-0.000079826521	-0.006151223277	-0.072985790585	0.001275862704	-0.000287831776	-0.013517851318	-0.051132616181	0.000957795787	-0.000413339881	-0.015637754552	-0.034005672242	0.000747178778	-0.000465126355	-0.016249082115	-0.024830535570	0.000546612219	-0.000469949707	-0.014795139715	-0.016616022622	0.000393303451	-0.000453501542	-0.012502133221	-0.010113240984	0.000193924315	-0.000331005606	-0.007127341977	-0.003860132427
5000.000000000000	24.974062556365	6.109747850857	-1.603369696496	0.004094669450	0.006709124198	1.190976217333	-0.974211655114	0.005606245942	0.003805013936	0.290274815980	-0.532824687702	0.003323025744	0.000868066086	0.066612785761	-0.277171412219	0.002353390746	0.000210245018	0.018459065676	-0.154937348548	0.001734257133	0.000075555567	0.004984409373	-0.101440714882	0.001522697245	-0.000074625593	-0.005786724297	-0.073047579853	0.001273524723	-0.000283625506	-0.013247002637	-0.051268487152	0.000964218026	-0.000409031245	-0.015440220891	-0.034145506143	0.000757785359	-0.000464691521	-0.016142235941	-0.024980577488	0.000553116660	-0.000464329906	-0.014736986929	-0.016743099693	0.000398203375	-0.000453257971	-0.012481352125	-0.010217652085	0.000192718061	-0.000325752067	-0.007134565450	-0.003912643259
5000.000000000000	24.991704902629	6.222524248719	-1.607202368001	0.004096397966	0.006704479767	1.193305134264	-0.972501977025	0.005609203229	0.003838321433	0.292102340760	-0.532827955472	0.003331685811	0.000881739579	0.067390609160	-0.277527532501	0.002356346663	0.000225903239	0.018826123336	-0.155187354468	0.001737095754	0.000082157327	0.005299222537	-0.101483898687	0.001524639343	-0.000067573559	-0.005461029197	-0.073165852342	0.001283249011	-0.000274836186	-0.013002196514	-0.051434502952	0.000971569461	-0.000396961188	-0.015329199344	-0.034341196376	0.000757239008	-0.000460085244	-0.016069844097	-0.025143574475	0.000553382012	-0.000464491396	-0.014699820374	-0.016892888766	0.000401855733	-0.000452325080	-0.012484292562	-0.010332018728	0.000200558492	-0.000333169670	-0.007151760920	-0.003979778529
5000.000000000000	24.988563563062	6.333912539290	-1.612622365199	0.004095817598	0.006688838226	1.194363241727	-0.971366591020	0.005606693903	0.003829885932	0.293000106682	-0.532652972539	0.003340240789	0.000888467055	0.067858416059	-0.277612587813	0.002365573962	0.000205899714	0.019063780193	-0.155237443650	0.001734686651	0.000085308603	0.005503583686	-0.101476788540	0.001528390770	-0.000068718862	-0.005265560086	-0.073199568982	0.001287140069	-0.000273656090	-0.012847224078	-0.051511597441	0.000973990877	-0.000400369663	-0.015227419571	-0.034426830435	0.000759639753	-0.000456405554	-0.016012967029	-0.025226846984	0.000556976518	-0.000464388096	-0.014666423224	-0.016962817816	0.000404791300	-0.000453260377	-0.012472662482	-0.010393530962	0.000198972803	-0.000330923649	-0.007156769838	-0.004011795097
5000.000000000000	24.983571343376	6.435051884168	-1.617724863165	0.004097296769	0.006711819679	1.195155492545	-0.970466710586	0.005620375873	0.003847512781	0.293703445255	-0.532491096853	0.003341791120	0.000884904896	0.068206356540	-0.277667898623	0.002356940466	0.000218374102	0.019238685449	-0.155264661348	0.001729309322	0.000088279520	0.005659338594	-0.101455012308	0.001525386156	-0.000066953221	-0.005098991123	-0.073213405141	0.001289899419	-0.000264562101	-0.012721875136	-0.051552541242	0.000971626622	-0.000406490045	-0.015156808047	-0.034493634207	0.000764650729	-0.000455926855	-0.015961452748	-0.025286500020	0.000559688199	-0.000461277463	-0.014632320357	-0.017018937597	0.000405373642	-0.000451019782	-0.012456125380	-0.010436684530	0.000201255813	-0.000331111397	-0.007155293431	-0.004036179817
5000.000000000000	24.986899601343	6.534837624267	-1.622817211422	0.004116021638	0.006710428692	1.195997095316	-0.969741589051	0.005609975852	0.003847634694	0.294351786627	-0.532431168842	0.003343869998	0.000902339240	0.068515139939	-0.277780794475	0.002375414112	0.000212858576	0.019375945362	-0.155303257787	0.001736248075	0.000085147170	0.005791599924	-0.101444529647	0.001530666754	-0.000061611634	-0.004972052759	-0.073215130254	0.001284747470	-0.000270562757	-0.012612712217	-0.051606443410	0.000975270404	-0.000399978889	-0.015082190597	-0.034536436263	0.000766197815	-0.000454014863	-0.015918026758	-0.025340300801	0.000559648964	-0.000460346532	-0.014605596866	-0.017064613102	0.000406547205	-0.000451825102	-0.012443946587	-0.010477734916	0.000198698205	-0.000327604204	-0.007154507094	-0.004059170017
5000.000000000000	24.998599209592	6.634550616965	-1.628106317497	0.004125607955	0.006723195942	1.197012047610	-0.969146909176	0.005614886057	0.003854325613	0.295017754839	-0.532529190157	0.003342670125	0.000892716480	0.068780302007	-0.278014238847	0.002375921900	0.000221184007	0.019438971128	-0.155397211268	0.001733753638	0.000078049822	0.005868997920	-0.101457822614	0.001528383897	-0.000063552595	-0.004855314286	-0.073243613263	0.001287162595	-0.000259082258	-0.012535257101	-0.051672423370	0.000986264522	-0.000398059914	-0.015025915522	-0.034613869035	0.000767518282	-0.000448257846	-0.015895513076	-0.025403355858	0.000560820906	-0.000460039222	-0.014598017906	-0.017116530875	0.000408254144	-0.000451467947	-0.012447809539	-0.010520114152	0.000202186976	-0.000325950578	-0.007165646656	-0.004079973901
5000.000000000000	25.011925886677	6.719816535056	-1.632274505373	0.004122622304	0.006727500109	1.198163253182	-0.968568835743	0.005613427024	0.003861486623	0.295782033403	-0.532660427954	0.003344123959	0.000902068800	0.069071835161	-0.278255483139	0.002366915300	0.000227437051	0.019541451580	-0.155519178618	0.001738295628	0.000088812738	0.005971997863	-0.101474462710	0.001526160295	-0.000059931446	-0.004728571300	-0.073272517958	0.001294870624	-0.000264046162	-0.012429153998	-0.051745498077	0.000980995186	-0.000402514709	-0.014999484470	-0.034698263952	0.000766037571	-0.000452336354	-0.015868350241	-0.025474820128	0.000561495786	-0.000456271935	-0.014583806938	-0.017176224476	0.000411423052	-0.000450985867	-0.012445571092	-0.010570444428	0.000207386748	-0.000335352944	-0.007173574963	-0.004109175773
5000.000000000000	25.006537961801	6.799755065262	-1.637033382455	0.004115409034	0.006719336593	1.198410874552	-0.968164375825	0.005624951335	0.003881752645	0.296040007969	-0.532544548410	0.003346627292	0.000898720983	0.069203195457	-0.278248408529	0.002377511945	0.000213725908	0.019616122360	-0.155491739752	0.001736622557	0.000089370456	0.006040301003	-0.101435804932	0.001524381435	-0.000058990960	-0.004648888501	-0.073262612581	0.001290704987	-0.000258429384	-0.012358645551	-0.051752559226	0.000981185131	-0.000397449740	-0.014930849329	-0.034718673247	0.000756096508	-0.000445673599	-0.015834261537	-0.025493708000	0.000561781033	-0.000460292409	-0.014564057375	-0.017196627204	0.000410514839	-0.000451441482	-0.012434147665	-0.010588415067	0.000201892838	-0.000328066764	-0.007169765902	-0.004119101364
5000.000000000000	25.002389078338	6.871363129957	-1.641263484809	0.004125837650	0.006720332309	1.198685592114	-0.967838287472	0.005606099025	0.003875042422	0.296269408364	-0.532480412017	0.003347844520	0.000905269922	0.069327806641	-0.278237360238	0.002365373369	0.000224147082	0.019671507587	-0.155472923449	0.001738662811	0.000088035853	0.006108949475	-0.101404938586	0.001528920341	-0.000056556184	-0.004573837843	-0.073243724707	0.001291996107	-0.000264595174	-0.012292887341	-0.051759912174	0.000979551431	-0.000394928031	-0.014902124863	-0.034726167506	0.000764482256	-0.000456488470	-0.015801423031	-0.025522244535	0.000561130180	-0.000460337300	-0.014542599697	-0.017219334981	0.000411662039	-0.000449330342	-0.012422997071	-0.010606764688	0.000203371362	-0.000328780297	-0.007166992743	-0.004129015385
5000.000000000000	24.984607782717	6.934400296756	-1.645477563418	0.004129379152	0.006729852748	1.198340947338	-0.967596800393	0.005621485711	0.003878565536	0.296164632747	-0.532239072022	0.003354220722	0.000907295509	0.069334375655	-0.278044684693	0.002349539384	0.000213602634	0.019723561353	-0.155348094568	0.001739231864	0.000088952123	0.006160499512	-0.101331126961	0.001526413572	-0.000059589744	-0.004528546339	-0.073188637457	0.001289938854	-0.000257647572	-0.012247037239	-0.051721612437	0.000971031679	-0.000400140243	-0.014834846698	-0.034718535863	0.000764731999	-0.000448075021	-0.015768915085	-0.025510529216	0.000561633516	-0.000459330737	-0.014517071347	-0.017216127274	0.000412336876	-0.000448411904	-0.012404226528	-0.010604183220	0.000200708110	-0.000328425825	-0.007156001508	-0.004126491814
5000.000000000000	24.992808708737	7.000395569252	-1.649221872467	0.004145593165	0.006752075630	1.198945029637	-0.967354059019	0.005631172441	0.003882819776	0.296511755608	-0.532343790942	0.003352609295	0.000902509561	0.069456571416	-0.278188683170	0.002373328145	0.000207064976	0.019744158459	-0.155392238776	0.001743319934	0.000082120506	0.006199187483	-0.101325940364	0.001530658113	-0.000057117302	-0.004469510776	-0.073191683174	0.001289470465	-0.000262920460	-0.012194012001	-0.051759758458	0.000981361072	-0.000389793493	-0.014830036495	-0.034730420649	0.000766136584	-0.000451951272	-0.015751751350	-0.025553021329	0.000564219945	-0.000457660752	-0.014512629735	-0.017246182793	0.000413901568	-0.000450961757	-0.012406660211	-0.010629121860	0.000199132019	-0.000328727500	-0.007161763170	-0.004139768694
5000.000000000000	24.985867611158	7.052176927811	-1.652336089360	0.004128306680	0.006735719196	1.198975504024	-0.967093983093	0.005625975271	0.003879479856	0.296615633462	-0.532225094600	0.003348889808	0.000894684327	0.069507254166	-0.278110565313	0.002359585478	0.000213221650	0.019804094452	-0.155347347904	0.001739140583	0.000090016649	0.006258327567	-0.101273735699	0.001527899870	-0.000061722771	-0.004396940525	-0.073168887420	0.001293216858	-0.000258306605	-0.012134922297	-0.051745102849	0.000975877213	-0.000397859304	-0.014780873954	-0.034758188197	0.000765808720	-0.000450441600	-0.015723191640	-0.025564073029	0.000566108937	-0.000455815154	-0.014491514342	-0.017262852801	0.000414683657	-0.000449898808	-0.012394897878	-0.010639386055	0.000209633980	-0.000327947880	-0.007155660198	-0.004147097680
5000.000000000000	25.020723512601	7.106265894171	-1.654408502237	0.004134951458	0.006756255482	1.200586479835	-0.966760074288	0.005622475392	0.003875386282	0.297524872280	-0.532677796025	0.003347928684	0.000909174108	0.069763542994	-0.278613356222	0.002363922403	0.000240185530	0.019805309682	-0.155570323303	0.001737431111	0.000088002210	0.006286234362	-0.101335940691	0.001530509902	-0.000062435662	-0.004309003913	-0.073234796007	0.001291131364	-0.000254980102	-0.012061688716	-0.051856462868	0.000984112123	-0.000385727078	-0.014760261747	-0.034873782979	0.000770260022	-0.000451124146	-0.015724115422	-0.025651819921	0.000568681971	-0.000455831634	-0.014503167080	-0.017336612961	0.000416288952	-0.000449407953	-0.012417484899	-0.010705296212	0.000201843109	-0.000330220480	-0.007181228859	-0.004181749469
5000.000000000000	25.009879115661	7.153176619689	-1.657593002308	0.004131416969	0.006753494561	1.200489122664	-0.966591774777	0.005616721886	0.003887763063	0.297485141647	-0.532555149422	0.003362662626	0.000905403130	0.069779401740	-0.278513420034	0.002367794494	0.000213688088	0.019826031021	-0.155491407878	0.001735961106	0.000089848160	0.006323883258	-0.101285592479	0.001524345427	-0.000052451497	-0.004266417053	-0.073192848012	0.001294954563	-0.000260692329	-0.012026896732	-0.051837130915	0.000981993482	-0.000396155284	-0.014707298987	-0.034870428025	0.000766306924	-0.000446169007	-0.015699672723	-0.025660981609	0.000569517669	-0.000455603141	-0.014488832328	-0.017342416855	0.000414985012	-0.000448332537	-0.012407784841	-0.010709693702	0.000207176373	-0.000330761642	-0.007177334907	-0.004181347388
5000.000000000000	24.998599378822	7.200877058697	-1.660705055235	0.004149045251	0.006754860439	1.200253227861	-0.966438831931	0.005624684424	0.003883317285	0.297444699846	-0.532389838201	0.003347910059	0.000916399437	0.069771641099	-0.278374097271	0.002367079348	0.000214541445	0.019857043118	-0.155412675032	0.001742924970	0.000095007014	0.006368645935	-0.101221177309	0.001527356922	-0.000056656898	-0.004224243706	-0.073156151004	0.001296625979	-0.000258383542	-0.011987740074	-0.051811958480	0.000984787508	-0.000394483114	-0.014697095745	-0.034866188001	0.000768628813	-0.000442180983	-0.015671223003	-0.025657868823	0.000570167772	-0.000458190163	-0.014472587610	-0.017343858076	0.000416993757	-0.000449712794	-0.012396878707	-0.010709081395	0.000208083146	-0.000331164594	-0.007168625198	-0.004182513147
5000.000000000000	24.995353220547	7.243013476572	-1.663342400109	0.004145378022	0.006769905930	1.200320369947	-0.966307915532	0.005628418025	0.003894170254	0.297490613646	-0.532348923311	0.003348112093	0.000910266916	0.069812168691	-0.278342307651	0.002371151489	0.000207936024	0.019885203019	-0.155365703626	0.001736720914	0.000087638044	0.006400802066	-0.101181745361	0.001524966496	-0.000054518217	-0.004178271841	-0.073129469237	0.001291090567	-0.000252546392	-0.011934032482	-0.051815845573	0.000971012647	-0.000390075575	-0.014660067275	-0.034861320869	0.000771776824	-0.000449489403	-0.015651805955	-0.025671774689	0.000566178072	-0.000453782508	-0.014461710103	-0.017356389532	0.000416236256	-0.000448497455	-0.012392157448	-0.010715917169	0.000207207798	-0.000326479294	-0.007168107948	-0.004185895931
5000.000000000000	24.990938987651	7.284943478008	-1.666037062743	0.004145066831	0.006753363412	1.200381584939	-0.966177683396	0.005627874760	0.003907781135	0.297554645453	-0.532300796529	0.003353770300	0.000902590869	0.069838869285	-0.278340802915	0.002369638420	0.000215477848	0.019899140322	-0.155333824835	0.001737388429	0.000089661925	0.006429747117	-0.101157174825	0.001529729079	-0.000052586278	-0.004147129764	-0.073116086518	0.001292157706	-0.000246608813	-0.011906152062	-0.051811354009	0.000991561583	-0.000390878776	-0.014634230316	-0.034879377140	0.000773993611	-0.000450428061	-0.015639916902	-0.025689966605	0.000570960064	-0.000458328845	-0.014454334101	-0.017367616825	0.000416915854	-0.000447894912	-0.012390379881	-0.010727550263	0.000202994891	-0.000331952831	-0.007170158457	-0.004189202724
5000.000000000000	24.972379319101	7.322775537134	-1.668782243893	0.004169429876	0.006764816602	1.199905538433	-0.966083042719	0.005647212435	0.003894725790	0.297347266023	-0.532070085023	0.003355279080	0.000903592223	0.069806533642	-0.278093984195	0.002377328509	0.000228103689	0.019949670905	-0.155207742393	0.001744997155	0.000093276361	0.006474847840	-0.101083057394	0.001530647991	-0.000055140367	-0.004110269792	-0.073068560373	0.001291649714	-0.000248437376	-0.011882123442	-0.051772959209	0.000978798079	-0.000396852929	-0.014607345741	-0.034859203616	0.000773083347	-0.000441853166	-0.015609543485	-0.025674914473	0.000572515305	-0.000456571047	-0.014436341203	-0.017358205099	0.000417109311	-0.000448769111	-0.012376417811	-0.010715755103	0.000208652485	-0.000329931979	-0.007159049245	-0.004184193482
5000.000000000000	24.962687924726	7.355284219580	-1.671077580874	0.004168319927	0.006765235834	1.199636119966	-0.966030509434	0.005641644610	0.003900171065	0.297201950800	-0.531948576561	0.003359156382	0.000906319357	0.069766342349	-0.277996813406	0.002362434209	0.000213027178	0.019954692901	-0.155128099906	0.001740208296	0.000089596482	0.006492435487	-0.101033063114	0.001530813511	-0.000057373889	-0.004090489824	-0.073028742468	0.001293755961	-0.000255166689	-0.011861506867	-0.051756753418	0.000983823708	-0.000389538906	-0.014598022000	-0.034840414332	0.000765775554	-0.000449711531	-0.015600365113	-0.025667557900	0.000568316355	-0.000454204667	-0.014431498633	-0.017354603128	0.000417021584	-0.000449306663	-0.012374948547	-0.010712822588	0.000204897982	-0.000328468638	-0.007158376841	-0.004177738104
5000.000000000000	24.964700092046	7.389475891377	-1.673167619432	0.004168805165	0.006777891249	1.199942401662	-0.965956532440	0.005647747446	0.003891849297	0.297353192192	-0.532002706687	0.003361149066	0.000895045780	0.069823738726	-0.278074500496	0.002378472122	0.000214339650	0.019949366755	-0.155123068424	0.001740897602	0.000089731007	0.006507875992	-0.101023689883	0.001522942764	-0.000051074742	-0.004051453955	-0.073020403884	0.001293161932	-0.000255855482	-0.011827060371	-0.051774542857	0.000982548911	-0.000390102114	-0.014576516829	-0.034854161774	0.000774965613	-0.000447867458	-0.015594407938	-0.025701083372	0.000570583370	-0.000453280608	-0.014435475763	-0.017372980493	0.000417088749	-0.000450676816	-0.012380616898	-0.010726638331	0.000207088686	-0.000325804383	-0.007166837739	-0.004181894034
5000.000000000000	25.038950129809	7.429131128535	-1.673226187613	0.004152015201	0.006752947979	1.203126062855	-0.965523905324	0.005640683451	0.003913562422	0.299130213177	-0.533022379513	0.003363690331	0.000910325888	0.070265126663	-0.279133445772	0.002371154644	0.000201962396	0.019907878934	-0.155688461754	0.001741250745	0.000091385358	0.006521057744	-0.101210919572	0.001525122702	-0.000052102897	-0.003931692117	-0.073203460575	0.001291310330	-0.000243831316	-0.011736570089	-0.052001900890	0.000980645357	-0.000397126665	-0.014571372642	-0.035083028982	0.000778622875	-0.000445687968	-0.015630396355	-0.025871045813	0.000576022963	-0.000455605255	-0.014482187227	-0.017517163393	0.000421005416	-0.000449743934	-0.012443816730	-0.010845405221	0.000208095167	-0.000325935873	-0.007226077806	-0.004249024161
5000.000000000000	24.970158498302	7.456762795692	-1.677039172287	0.004177593836	0.006773053722	1.200642955600	-0.965666329624	0.005636824635	0.003909990372	0.297772314951	-0.532120865533	0.003364046164	0.000905316519	0.069961018261	-0.278237247648	0.002370169937	0.000214512207	0.019986852568	-0.155163442489	0.001734820371	0.000083855017	0.006575749347	-0.101010163302	0.001523157155	-0.000052685924	-0.003953601314	-0.073025216016	0.001291120627	-0.000252450537	-0.011740594846	-0.051816111616	0.000985490607	-0.000394082349	-0.014515652768	-0.034932297127	0.000766120901	-0.000447905091	-0.015577457922	-0.025757946958	0.000572517071	-0.000454898271	-0.014434403042	-0.017423843441	0.000419142036	-0.000449519705	-0.012392638593	-0.010768312175	0.000205408387	-0.000337631246	-0.007181141831	-0.004200775371
5000.000000000000	24.982573450663	7.482572531272	-1.678069205845	0.004182650484	0.006764563448	1.201370975023	-0.965483007862	0.005642167667	0.003907977480	0.298226019679	-0.532309640703	0.003358733504	0.000910127612	0.070085867717	-0.278421920958	0.002378700707	0.000222585028	0.019998313449	-0.155269461956	0.001737051224	0.000091882088	0.006610345742	-0.101016319074	0.001530063508	-0.000052443211	-0.003894566421	-0.073055537388	0.001292873439	-0.000253292084	-0.011686386417	-0.051875157711	0.000988050137	-0.000380639541	-0.014516072782	-0.034983603338	0.000771948171	-0.000446319684	-0.015572674876	-0.025808563016	0.000571823116	-0.000455261334	-0.014440111998	-0.017471805230	0.000417734022	-0.000449311878	-0.012406588623	-0.010798669558	0.000205071493	-0.000330789156	-0.007194214196	-0.004219884870
5000.000000000000	24.984653575718	7.503974666403	-1.679110743503	0.004172310506	0.006766606854	1.201581355224	-0.965354649707	0.005662045498	0.003905912026	0.298370159457	-0.532342964698	0.003374192502	0.000903525316	0.070127667974	-0.278457822053	0.002378523954	0.000217227685	0.019997529018	-0.155270634046	0.001736035682	0.000085772960	0.006632499498	-0.101001774212	0.001525474100	-0.000050272823	-0.003854882798	-0.073049293753	0.001288948892	-0.000248056507	-0.011650551965	-0.051879202387	0.000991250122	-0.000393282920	-0.014484709467	-0.035002986980	0.000766397214	-0.000446786111	-0.015563378252	-0.025834481443	0.000573792301	-0.000455405804	-0.014440711904	-0.017492993316	0.000419020638	-0.000449442951	-0.012413127468	-0.010815098829	0.000207551152	-0.000332219481	-0.007201184427	-0.004226815305
5000.000000000000	25.041182768041	7.539229128493	-1.679384335313	0.004171431304	0.006786140217	1.204067368130	-0.964963296223	0.005643162411	0.003918780100	0.299707738261	-0.533076199253	0.003368148661	0.000907397224	0.070499759609	-0.279284741936	0.002376657347	0.000209309875	0.019984036607	-0.155674634676	0.001736833701	0.000086128752	0.006647208696	-0.101137753595	0.001526342778	-0.000050264311	-0.003743574379	-0.073169385166	0.001290735304	-0.000248603270	-0.011564459542	-0.052064771055	0.000986522238	-0.000385953404	-0.014445620426	-0.035160485749	0.000778143773	-0.000453057545	-0.015585290647	-0.025982499482	0.000577195933	-0.000453279912	-0.014473350535	-0.017605505979	0.000421954383	-0.000449632904	-0.012455613227	-0.010914068087	0.000213756933	-0.000333320715	-0.007247144044	-0.004280000575
5000.000000000000	25.070792571583	7.564297816431	-1.679774681738	0.004146949257	0.006772342277	1.205509930210	-0.964603808889	0.005645722550	0.003917351589	0.300556416509	-0.533435226370	0.003372665947	0.000923780402	0.070757596311	-0.279699506474	0.002371464793	0.000214138370	0.020013985075	-0.155903146125	0.001744237365	0.000088562276	0.006699550392	-0.101202130597	0.001526674987	-0.000047451297	-0.003647014080	-0.073247917368	0.001295608349	-0.000242319641	-0.011491393698	-0.052159791961	0.000985627607	-0.000385628119	-0.014435553075	-0.035265151949	0.000774502356	-0.000447472601	-0.015579041548	-0.026068918359	0.000573966771	-0.000454845705	-0.014480421943	-0.017686526690	0.000425187622	-0.000448784385	-0.012477487675	-0.010978496999	0.000215982265	-0.000328121435	-0.007272290031	-0.004315296644
5000.000000000000	25.014138244218	7.581382759345	-1.682366259458	0.004163461547	0.006778035850	1.203380787818	-0.964706519660	0.005632143494	0.003908863645	0.299444943715	-0.532665803459	0.003361187945	0.000925233968	0.070475650091	-0.278903768157	0.002377902467	0.000222414870	0.020083581152	-0.155465758343	0.001738072139	0.000088916152	0.006750723834	-0.101013644358	0.001522284726	-0.000049697243	-0.003664950314	-0.073102326807	0.001293434901	-0.000243675301	-0.011494399717	-0.052003715542	0.000990829319	-0.000386446236	-0.014388806885	-0.035149807145	0.000781690158	-0.000439371078	-0.015529774275	-0.025975284182	0.000577512723	-0.000455874705	-0.014437001963	-0.017611409486	0.000422843687	-0.000448412297	-0.012437294388	-0.010913233367	0.000207097658	-0.000326470658	-0.007233603280	-0.004276757846
5000.000000000000	24.992626248809	7.595350618930	-1.683757411870	0.004147579117	0.006772654823	1.202770924768	-0.964647135640	0.005625643963	0.003909229372	0.299146370994	-0.532422341424	0.003364535814	0.000902827972	0.070421245451	-0.278652850401	0.002375312710	0.000230292281	0.020116587628	-0.155297626144	0.001734365562	0.000092965889	0.006783933504	-0.100932128000	0.001526135890	-0.000045639741	-0.003636480721	-0.073041048243	0.001286546708	-0.000241385766	-0.011462103875	-0.051954768357	0.000994751505	-0.000388933929	-0.014357812185	-0.035121898127	0.000782677997	-0.000444708318	-0.015498996160	-0.025959094844	0.000579963958	-0.000451280161	-0.014420916322	-0.017600059502	0.000421772603	-0.000447941212	-0.012424869247	-0.010900880330	0.000206543689	-0.000335144817	-0.007225354327	-0.004267752490
5000.000000000000	24.978812304779	7.610123740892	-1.684851044707	0.004172551419	0.006781991888	1.202359347848	-0.964574660157	0.005640702780	0.003922568168	0.298955134436	-0.532225980279	0.003363903457	0.000912861228	0.070367617691	-0.278441489006	0.002369642483	0.000206166498	0.020157553623	-0.155184903932	0.001738994318	0.000092199319	0.006824344462	-0.100865776840	0.001526107343	-0.000042896152	-0.003604067788	-0.072998275959	0.001286513756	-0.000243552793	-0.011432621782	-0.051929266816	0.000986066539	-0.000385080875	-0.014342278645	-0.035107229068	0.000776589013	-0.000437088235	-0.015481246074	-0.025954153232	0.000577645398	-0.000454122626	-0.014412056888	-0.017597952316	0.000422484924	-0.000449128244	-0.012419812785	-0.010892780546	0.000209566003	-0.000332529479	-0.007218774960	-0.004262730066
5000.000000000000	24.971470168043	7.624334213824	-1.685825478630	0.004165694714	0.006785915447	1.202242769465	-0.964538243859	0.005651260411	0.003925184629	0.298903139857	-0.532152839735	0.003362247032	0.000909897389	0.070364974074	-0.278391270365	0.002386074356	0.000216603485	0.020160111848	-0.155134192717	0.001740318715	0.000087253425	0.006845922548	-0.100834449465	0.001521611973	-0.000048029077	-0.003579976603	-0.072970250761	0.001289042809	-0.000242569472	-0.011400533513	-0.051914086300	0.000989450615	-0.000382475188	-0.014324868654	-0.035112284796	0.000771782939	-0.000435421176	-0.015468220791	-0.025961331086	0.000578433430	-0.000451434174	-0.014407944394	-0.017605719925	0.000423565238	-0.000449339760	-0.012422982881	-0.010900060774	0.000212335027	-0.000333179671	-0.007223384941	-0.004262034212
5000.000000000000	24.985515266881	7.646031252353	-1.686483533292	0.004165300816	0.006804153738	1.203063054981	-0.964320038117	0.005630731770	0.003926177280	0.299339263715	-0.532330398383	0.003361558869	0.000910694637	0.070512106188	-0.278637876293	0.002372643937	0.000212772957	0.020179114842	-0.155216450157	0.001740114335	0.000086706264	0.006884914733	-0.100861556692	0.001527638964	-0.000048366516	-0.003511219157	-0.073002065209	0.001290548407	-0.000241003559	-0.011354820973	-0.051981225351	0.000988363165	-0.000381312916	-0.014286715659	-0.035165325408	0.000781427527	-0.000437376742	-0.015465095554	-0.026024225704	0.000576254970	-0.000450967017	-0.014414792645	-0.017652080888	0.000424542730	-0.000448502318	-0.012437120196	-0.010939593179	0.000206659350	-0.000336224797	-0.007238913965	-0.004282111762
5000.000000000000	24.981388067608	7.664635746567	-1.687621906783	0.004178320221	0.006810851169	1.202998134152	-0.964245804731	0.005642152390	0.003924787723	0.299358883327	-0.532278550950	0.003364792936	0.000917472848	0.070514472315	-0.278565994783	0.002366951118	0.000215584394	0.020192085560	-0.155179237800	0.001739586563	0.000091925237	0.006908642375	-0.100821755442	0.001520088763	-0.000045285929	-0.003477230970	-0.072988533883	0.001290042443	-0.000242106408	-0.011318717787	-0.051977106963	0.000992435922	-0.000381611965	-0.014277482519	-0.035182245061	0.000780788914	-0.000433950058	-0.015453354428	-0.026038735780	0.000577754436	-0.000454825059	-0.014414451527	-0.017665891979	0.000424848528	-0.000449511771	-0.012441114996	-0.010945177950	0.000210173871	-0.000337988185	-0.007242831947	-0.004284016539
5000.000000000000	24.970114838941	7.683594894126	-1.689036480676	0.004187176996	0.006773855786	1.202767932965	-0.964183380172	0.005661729076	0.003933018269	0.299258598838	-0.532164785255	0.003360601170	0.000906443351	0.070486407567	-0.278473532281	0.002380217545	0.000210684231	0.020208360770	-0.155112175194	0.001735828384	0.000091921642	0.006936307523	-0.100770901455	0.001526028982	-0.000046824173	-0.003449992439	-0.072958440145	0.001293721882	-0.000244988107	-0.011295779929	-0.051961569501	0.000985258111	-0.000382733883	-0.014256714919	-0.035184551978	0.000789229830	-0.000443874551	-0.015441742662	-0.026035985519	0.000576784039	-0.000453244445	-0.014409373835	-0.017671195030	0.000424026287	-0.000448807227	-0.012440930933	-0.010945887576	0.000209657831	-0.000331518519	-0.007244198944	-0.004282760767
5000.000000000000	24.991906734189	7.699019297820	-1.689137118105	0.004175375425	0.006772339538	1.203778142836	-0.964013561400	0.005626343514	0.003920701205	0.299802050088	-0.532458155388	0.003371858952	0.000906381638	0.070639612947	-0.278779516400	0.002377578528	0.000231682593	0.020211646793	-0.155251790879	0.001735649640	0.000093354667	0.006954635581	-0.100818270336	0.001518754538	-0.000041612746	-0.003388753493	-0.073000552106	0.001292912766	-0.000242681172	-0.011243299441	-0.052036171197	0.000998281994	-0.000382449499	-0.014252986493	-0.035257871099	0.000783482364	-0.000440815989	-0.015444193662	-0.026114046905	0.000577905497	-0.000453619979	-0.014426004310	-0.017727685469	0.000423670900	-0.000450286858	-0.012464425251	-0.010992462904	0.000208724665	-0.000334761849	-0.007268859580	-0.004305554871
5000.000000000000	25.007172687614	7.714321823033	-1.689343673012	0.004181625137	0.006772230228	1.204553614786	-0.963828521100	0.005644677540	0.003933653858	0.300243350642	-0.532649602822	0.003363388826	0.000909829866	0.070795124652	-0.279008623644	0.002377260274	0.000210215491	0.020220843193	-0.155349167498	0.001729368904	0.000088142045	0.006987070586	-0.100847978232	0.001522696745	-0.000043178743	-0.003325190153	-0.073026268330	0.001292617314	-0.000238155169	-0.011197139963	-0.052098801017	0.000988232829	-0.000376606294	-0.014194716022	-0.035327320210	0.000783761554	-0.000440048039	-0.015441378921	-0.026171927680	0.000581749967	-0.000454863674	-0.014434141340	-0.017773290812	0.000426958160	-0.000451553332	-0.012480681697	-0.011030608536	0.000209010119	-0.000331492190	-0.007285181933	-0.004324601252
5000.000000000000	24.989287735914	7.724981385334	-1.690422740740	0.004182131623	0.006777938066	1.204040364158	-0.963788664191	0.005644053512	0.003932487819	0.299970409443	-0.532426475784	0.003360048679	0.000909249358	0.070726487550	-0.278795236782	0.002368099737	0.000214603687	0.020243159708	-0.155222699668	0.001733497888	0.000083938339	0.007020026676	-0.100779047737	0.001517674760	-0.000038953318	-0.003308568678	-0.072982843150	0.001282390707	-0.000234219652	-0.011162282970	-0.052056491670	0.000988889054	-0.000376355914	-0.014174153077	-0.035288903989	0.000781189016	-0.000434345204	-0.015422682159	-0.026160322165	0.000579451275	-0.000450688965	-0.014423957337	-0.017767410531	0.000426849448	-0.000450701551	-0.012477682946	-0.011021814230	0.000217425062	-0.000334413388	-0.007281346238	-0.004316447819
5000.000000000000	24.986108448085	7.738823738165	-1.691115285470	0.004179318788	0.006764915297	1.204059305914	-0.963677488077	0.005633653476	0.003920676450	0.299994086026	-0.532351098384	0.003362882831	0.000916139688	0.070764413968	-0.278761838226	0.002369139687	0.000214042118	0.020282810555	-0.155161461923	0.001731406941	0.000091377478	0.007059907761	-0.100751881161	0.001523941758	-0.000041201709	-0.003262736480	-0.072964558430	0.001291960208	-0.000239748228	-0.011137028527	-0.052068220530	0.000991955641	-0.000380415967	-0.014159834929	-0.035316544288	0.000788653739	-0.000433792346	-0.015410017517	-0.026181802759	0.000581997981	-0.000453393229	-0.014422507113	-0.017784276650	0.000425893067	-0.000450134813	-0.012479489206	-0.011035236889	0.000209238687	-0.000337399410	-0.007286422811	-0.004319034879
5000.000000000000	25.004096159289	7.749046308820	-1.690826478786	0.004166467246	0.006773393966	1.204919950237	-0.963440015749	0.005634275243	0.003917711485	0.300522159173	-0.532576328408	0.003373389988	0.000906324330	0.070927293932	-0.278996830108	0.002376934147	0.000213648818	0.020300086188	-0.155281733916	0.001733762088	0.000090971426	0.007100020730	-0.100765280390	0.001520807106	-0.000040594831	-0.003186188031	-0.073002781304	0.001286751506	-0.000239731700	-0.011065045993	-0.052125052840	0.000987644194	-0.000380338317	-0.014128574409	-0.035368435343	0.000785694781	-0.000440302007	-0.015404991605	-0.026246563266	0.000581050534	-0.000450732279	-0.014428844680	-0.017839509358	0.000428029335	-0.000451233720	-0.012495394909	-0.011076720668	0.000215372351	-0.000335148402	-0.007302634000	-0.004343494303
5000.000000000000	24.959204737038	7.761060973318	-1.692875229022	0.004149993307	0.006722353737	1.203347947082	-0.963502251178	0.005617951217	0.003878250517	0.299707261174	-0.532018192955	0.003352678009	0.000898051098	0.070702661138	-0.278411274839	0.002359811103	0.000202962394	0.020345119432	-0.154967387166	0.001727156397	0.000091887758	0.007137961183	-0.100635877492	0.001513300655	-0.000039935968	-0.003194961571	-0.072896157065	0.001285013443	-0.000238964847	-0.011071044779	-0.052015710856	0.000986439014	-0.000375889038	-0.014114128175	-0.035305125482	0.000775196386	-0.000432046379	-0.015370551586	-0.026183971673	0.000581268501	-0.000448631781	-0.014405236060	-0.017790717038	0.000425010618	-0.000448766454	-0.012472678985	-0.011027878914	0.000212105458	-0.000335866393	-0.007279374404	-0.004314497096
5000.000000000000	25.084923869438	7.788656587753	-1.690398470795	0.004128152945	0.006758179797	1.208628899724	-0.962787969501	0.005598735588	0.003907247191	0.302556422224	-0.533631967323	0.003358902457	0.000913924762	0.071536036856	-0.280227735677	0.002359475732	0.000210432461	0.020271477619	-0.155893974818	0.001727022671	0.000092385981	0.007129863145	-0.100979364561	0.001505971907	-0.000043853276	-0.003009271175	-0.073164151722	0.001284981599	-0.000234408677	-0.010915525585	-0.052391547357	0.000987109463	-0.000368542806	-0.014089482676	-0.035645276174	0.000782257129	-0.000430219226	-0.015426206864	-0.026478887090	0.000584951835	-0.000447973908	-0.014479185671	-0.018024513296	0.000430554658	-0.000451091685	-0.012568090922	-0.011232326421	0.000220181847	-0.000333052803	-0.007377360302	-0.004425847118
5000.000000000000	25.080203738023	7.802737069137	-1.691083098337	0.004133298206	0.006803195049	1.208627734066	-0.962602291267	0.005626789098	0.003948997978	0.302648564262	-0.533538960680	0.003368319738	0.000923399885	0.071574326815	-0.280119259276	0.002379677864	0.000221781009	0.020339555828	-0.155849842951	0.001740755548	0.000090990856	0.007195998607	-0.100930586130	0.001519193593	-0.000040848952	-0.002949353642	-0.073158441955	0.001293890307	-0.000227561127	-0.010869320974	-0.052387018635	0.001001119582	-0.000379035328	-0.014051920308	-0.035659167679	0.000785641279	-0.000437675372	-0.015402115168	-0.026495978842	0.000590784591	-0.000450919078	-0.014465778302	-0.018047268133	0.000434524656	-0.000451613633	-0.012566872544	-0.011249773916	0.000222787725	-0.000334200877	-0.007378590252	-0.004434698472
5000.000000000000	24.995188594914	7.810415046384	-1.693863535942	0.004154239355	0.006800066063	1.205479727333	-0.962752764290	0.005647257464	0.003941193601	0.301013059439	-0.532415308441	0.003362091377	0.000927250702	0.071144296740	-0.278915903411	0.002383636347	0.000228695737	0.020455866008	-0.155220907070	0.001741927324	0.000098264902	0.007280340747	-0.100665625804	0.001523294040	-0.000037991643	-0.002973807086	-0.072970425140	0.001292648110	-0.000227460869	-0.010878121751	-0.052169685765	0.000995707006	-0.000376615253	-0.014021687060	-0.035471866050	0.000788901460	-0.000430358729	-0.015336631870	-0.026354330778	0.000589792321	-0.000449162573	-0.014406040315	-0.017938203051	0.000431859976	-0.000450652406	-0.012510327374	-0.011146510344	0.000214370291	-0.000330721006	-0.007322362950	-0.004376032256
5000.000000000000	24.969037806989	7.822447630724	-1.695258663340	0.004161072075	0.006815580190	1.204720322738	-0.962740597301	0.005640705528	0.003950320622	0.300617912840	-0.532119335289	0.003367567209	0.000928297209	0.071045631142	-0.278618949352	0.002375442990	0.000213015769	0.020497211822	-0.155033915825	0.001741073078	0.000093654940	0.007324892503	-0.100579778734	0.001518490886	-0.000038614060	-0.002957058404	-0.072911940190	0.001293960192	-0.000232465830	-0.010858364140	-0.052113625613	0.001000653592	-0.000374506035	-0.013988188017	-0.035441828819	0.000790695803	-0.000435510822	-0.015311486538	-0.026330912096	0.000590203526	-0.000452160649	-0.014395813713	-0.017923477261	0.000432107958	-0.000450041142	-0.012502778973	-0.011129439010	0.000213364983	-0.000334672434	-0.007315041964	-0.004362876252
5000.000000000000	24.977207612430	7.838896145352	-1.695905061604	0.004174647369	0.006796895614	1.205135252842	-0.962626470057	0.005652230802	0.003943012553	0.300844822125	-0.532203619002	0.003370979977	0.000918479225	0.071133659813	-0.278744121173	0.002382639017	0.000232412029	0.020506630197	-0.155073374438	0.001736418971	0.000094513551	0.007338841997	-0.100586649794	0.001521702282	-0.000033557052	-0.002911596619	-0.072913926193	0.001292417659	-0.000227472191	-0.010823735768	-0.052152230500	0.000999997775	-0.000371681010	-0.013956572644	-0.035483593543	0.000785396113	-0.000430033178	-0.015312663187	-0.026378375153	0.000586467729	-0.000448888849	-0.014405267630	-0.017955173461	0.000432942047	-0.000450620915	-0.012516828592	-0.011154412995	0.000213529410	-0.000336037076	-0.007328631851	-0.004372812154
5000.000000000000	24.991211048480	7.854869649083	-1.696278993351	0.004166311649	0.006807327562	1.205841276538	-0.962473091989	0.005653001220	0.003943636713	0.301281765983	-0.532391881095	0.003375213675	0.000916184925	0.071248860366	-0.278948640955	0.002379480083	0.000213380596	0.020504296919	-0.155177744192	0.001742858432	0.000089505422	0.007366643601	-0.100602345389	0.001521391151	-0.000033433480	-0.002858429793	-0.072939980896	0.001297886771	-0.000230835953	-0.010768253478	-0.052200653795	0.000998552491	-0.000383053324	-0.013951975669	-0.035542144184	0.000788348779	-0.000429337275	-0.015311527342	-0.026435232359	0.000590561116	-0.000450738964	-0.014413541146	-0.018003500067	0.000433457139	-0.000452502544	-0.012536604201	-0.011191164793	0.000211424769	-0.000339426582	-0.007348027001	-0.004391415284
5000.000000000000	24.981036027195	7.867118931008	-1.697122704266	0.004187144683	0.006804585842	1.205703519133	-0.962379391794	0.005639619184	0.003957861635	0.301218543862	-0.532286238899	0.003369867758	0.000907627284	0.071249426192	-0.278852655702	0.002386319711	0.000219632690	0.020538790892	-0.155117598075	0.001735049140	0.000098162449	0.007408780833	-0.100551438082	0.001521196209	-0.000032920205	-0.002814193391	-0.072922095329	0.001295070353	-0.000226919710	-0.010728586007	-0.052194822105	0.000998416739	-0.000371509708	-0.013905069476	-0.035556152252	0.000786526804	-0.000432204440	-0.015289946122	-0.026445054194	0.000591559129	-0.000452514186	-0.014410717275	-0.018016210480	0.000433714477	-0.000452511954	-0.012538215940	-0.011198193218	0.000223622104	-0.000336579401	-0.007350677384	-0.004393204700
5000.000000000000	24.981042752236	7.883140451597	-1.697991563450	0.004192892944	0.006789693042	1.205860044077	-0.962288923355	0.005662112018	0.003940533471	0.301336107307	-0.532281917039	0.003375666060	0.000918525397	0.071286224330	-0.278867407958	0.002374210148	0.000206607053	0.020563124775	-0.155090705298	0.001738295149	0.000093395424	0.007441418402	-0.100541322009	0.001524815398	-0.000028455509	-0.002767479877	-0.072912757421	0.001292812665	-0.000224556468	-0.010692922871	-0.052207994166	0.000997720974	-0.000378260723	-0.013882034522	-0.035575424701	0.000792060484	-0.000427995334	-0.015283123457	-0.026476079361	0.000590583721	-0.000452549125	-0.014412314846	-0.018039461887	0.000433818230	-0.000454138755	-0.012547364809	-0.011214044933	0.000222264642	-0.000340770989	-0.007358939076	-0.004399248651
5000.000000000000	24.970192094862	7.891827129962	-1.698701317207	0.004211296775	0.006817930678	1.205727835195	-0.962210504076	0.005661631772	0.003944477718	0.301253467484	-0.532177349542	0.003376165497	0.000913869810	0.071306900329	-0.278794066129	0.002373364127	0.000226679414	0.020582494957	-0.155024021919	0.001738303177	0.000098225206	0.007472068156	-0.100508240711	0.001528511816	-0.000032135614	-0.002734789456	-0.072897238025	0.001293911796	-0.000225623170	-0.010669688468	-0.052208946192	0.000997482469	-0.000360467395	-0.013854704365	-0.035600593491	0.000798858036	-0.000441102676	-0.015271342060	-0.026489222233	0.000591948159	-0.000449791121	-0.014415451662	-0.018047383610	0.000434406529	-0.000453192219	-0.012550794797	-0.011218574164	0.000219833608	-0.000339349416	-0.007363002868	-0.004396115724
5000.000000000000	25.082837757953	7.917807885272	-1.696665535109	0.004142319942	0.006814042482	1.210238671413	-0.961635329574	0.005625148839	0.003956732953	0.303740786400	-0.533618592894	0.003374462228	0.000919641768	0.071983426717	-0.280357630756	0.002386384542	0.000228190793	0.020499203292	-0.155845039584	0.001736244763	0.000093644790	0.007452181964	-0.100802221592	0.001519308145	-0.000033486598	-0.002578953113	-0.073127354224	0.001299874154	-0.000224804254	-0.010538448976	-0.052520183948	0.000996934435	-0.000369081329	-0.013853259679	-0.035897520464	0.000794601739	-0.000431298417	-0.015324202545	-0.026742578532	0.000596002884	-0.000450171535	-0.014478879325	-0.018257288504	0.000439272784	-0.000453340339	-0.012639395770	-0.011397106705	0.000220687418	-0.000342724863	-0.007449342085	-0.004495364515
5000.000000000000	24.956774672260	7.921485577009	-1.700444448381	0.004177804252	0.006820545664	1.205445725321	-0.961967803125	0.005644221342	0.003934627854	0.301209237761	-0.531952198086	0.003382441229	0.000929969520	0.071323970434	-0.278576232070	0.002377698224	0.000234413231	0.020652881984	-0.154899816002	0.001738671245	0.000097470548	0.007558230606	-0.100411535296	0.001525830936	-0.000031417424	-0.002647838125	-0.072845801200	0.001296126775	-0.000223203392	-0.010581799009	-0.052188312586	0.000997465537	-0.000373130420	-0.013811716550	-0.035595799403	0.000798251518	-0.000434998197	-0.015236131995	-0.026513579783	0.000593908210	-0.000450319628	-0.014399773824	-0.018074603375	0.000436067095	-0.000453662471	-0.012552497028	-0.011232530622	0.000216443225	-0.000335790065	-0.007366664427	-0.004400835697
5000.000000000000	24.941887564649	7.938120912989	-1.701877901237	0.004196261820	0.006819827794	1.205046013527	-0.961943860270	0.005657012024	0.003951021688	0.300996869475	-0.531776168075	0.003381706431	0.000916783510	0.071276721335	-0.278422099998	0.002377708106	0.000222281478	0.020677794103	-0.154778454794	0.001741801046	0.000102082405	0.007591217672	-0.100358343400	0.001521623452	-0.000033307823	-0.002622748136	-0.072802982801	0.001290805705	-0.000222847048	-0.010559785826	-0.052162824916	0.000998959512	-0.000375478034	-0.013783840252	-0.035566913935	0.000792387849	-0.000431973476	-0.015221867277	-0.026518159742	0.000592016962	-0.000449786696	-0.014398146223	-0.018071051332	0.000436822143	-0.000453603203	-0.012552172215	-0.011226527829	0.000214641908	-0.000337488069	-0.007367613244	-0.004393833164
5000.000000000000	24.930196716949	7.949664188533	-1.702697535642	0.004128815977	0.006676506580	1.204818061929	-0.961836876175	0.005595007010	0.003895344478	0.300880037152	-0.531625731160	0.003331185398	0.000892719806	0.071282127183	-0.278305484034	0.002335065343	0.000201160001	0.020715746729	-0.154681709954	0.001712462816	0.000091541646	0.007635248613	-0.100322978225	0.001497152314	-0.000026142198	-0.002582373029	-0.072774136301	0.001270440238	-0.000224881338	-0.010516225498	-0.052161831414	0.000983439510	-0.000365008829	-0.013765178501	-0.035583185966	0.000777721615	-0.000420874863	-0.015204972763	-0.026533714051	0.000586982569	-0.000442916743	-0.014397036187	-0.018083533437	0.000427923840	-0.000449295138	-0.012557419117	-0.011231559180	0.000216522853	-0.000335333330	-0.007369592443	-0.004391271458
5000.000000000000	25.061413035315	7.975727337473	-1.700038736330	0.004107839407	0.006641021568	1.210142787040	-0.961130795677	0.005563791450	0.003883077465	0.303836353097	-0.533312950934	0.003338074516	0.000898988693	0.072085321847	-0.280129222010	0.002349430098	0.000202787649	0.020633983251	-0.155666844512	0.001710126276	0.000091643972	0.007615719945	-0.100665189958	0.001496103475	-0.000027819138	-0.002401599492	-0.073065496519	0.001277176106	-0.000219122040	-0.010383046150	-0.052527567481	0.000986914616	-0.000356448805	-0.013753060205	-0.035948003388	0.000778531685	-0.000418513888	-0.015262874413	-0.026833216139	0.000584706273	-0.000445893469	-0.014471671333	-0.018331112969	0.000433022771	-0.000446519318	-0.012660604907	-0.011441118844	0.000217025026	-0.000337424632	-0.007468624365	-0.004511819936
5000.000000000000	25.053277005623	7.991493402112	-1.701019156639	0.004179338984	0.006805488603	1.210033851166	-0.961071956545	0.005634820443	0.003967341325	0.303748027296	-0.533202440667	0.003382239330	0.000923549341	0.072101963306	-0.280053025813	0.002384804254	0.000224136287	0.020670033819	-0.155563988743	0.001739308163	0.000093579522	0.007654213720	-0.100631982981	0.001514619122	-0.000023935801	-0.002364539146	-0.073029955377	0.001293782659	-0.000215310617	-0.010342364411	-0.052526257886	0.001003497400	-0.000360020329	-0.013722792037	-0.035949420287	0.000794857326	-0.000435249928	-0.015248085480	-0.026847352976	0.000599158893	-0.000450496173	-0.014469787138	-0.018338816218	0.000442047648	-0.000454928132	-0.012659043619	-0.011449186200	0.000221615742	-0.000346285248	-0.007472827436	-0.004509187823
5000.000000000000	24.988015375695	7.997959774713	-1.703207064328	0.004201163223	0.006818044292	1.207718903949	-0.961179932305	0.005642462190	0.003961036695	0.302550400803	-0.532380424060	0.003376101973	0.000934847203	0.071777457538	-0.279168703291	0.002373399065	0.000214586111	0.020748296311	-0.155098590451	0.001730900758	0.000094989489	0.007721031411	-0.100423251631	0.001519113628	-0.000028337555	-0.002373694068	-0.072889990991	0.001297116773	-0.000220615107	-0.010349126570	-0.052369918777	0.000999257961	-0.000359476069	-0.013692882345	-0.035820070511	0.000791732439	-0.000431801502	-0.015203193886	-0.026745560369	0.000599613615	-0.000451885494	-0.014434392412	-0.018261175106	0.000438512973	-0.000454538859	-0.012623989164	-0.011373992318	0.000225207607	-0.000339242085	-0.007436642227	-0.004464028457
5000.000000000000	24.996222265296	8.011919502950	-1.703457641532	0.004205889195	0.006806736929	1.208191465083	-0.960951912558	0.005659622584	0.003956685060	0.302868463285	-0.532429466267	0.003371630858	0.000923523432	0.071923475687	-0.279243432260	0.002373404918	0.000220781503	0.020805733856	-0.155146106107	0.001737886555	0.000101822918	0.007784111169	-0.100431165640	0.001517187866	-0.000024116958	-0.002299529281	-0.072921335468	0.001299699605	-0.000219186182	-0.010289447342	-0.052411572115	0.001001248362	-0.000368190786	-0.013661749724	-0.035873024092	0.000791905846	-0.000424850654	-0.015197081098	-0.026804550017	0.000598751352	-0.000448534074	-0.014443806768	-0.018308607411	0.000441472547	-0.000455876858	-0.012645671910	-0.011409473635	0.000219283258	-0.000336956853	-0.007455232947	-0.004479854640
5000.000000000000	24.999589989124	8.019098113719	-1.703394779116	0.004195592329	0.006803783894	1.208605530278	-0.960734325419	0.005648314386	0.003970210838	0.303146758210	-0.532435630150	0.003371619018	0.000927507472	0.072040385128	-0.279325567657	0.002384992092	0.000211917682	0.020866093541	-0.155180790296	0.001735398559	0.000100681403	0.007847635240	-0.100440890475	0.001519767953	-0.000025207460	-0.002228425650	-0.072938737530	0.001299033527	-0.000216826476	-0.010230425467	-0.052465132278	0.001006863710	-0.000364955470	-0.013634309779	-0.035940074278	0.000799078415	-0.000427750741	-0.015186626950	-0.026860297814	0.000598507917	-0.000450780221	-0.014451920795	-0.018355284502	0.000441933165	-0.000455917046	-0.012663912786	-0.011439693301	0.000220192832	-0.000343460556	-0.007472641074	-0.004492657821
5000.000000000000	25.000975794856	8.028521151537	-1.703690267947	0.004191046436	0.006810246442	1.208853262918	-0.960552243465	0.005652841107	0.003974856977	0.303332623532	-0.532413379827	0.003385671763	0.000918806393	0.072158237306	-0.279338242604	0.002388908404	0.000225545787	0.020929795411	-0.155196800569	0.001739654141	0.000102026867	0.007913902961	-0.100445767632	0.001519032028	-0.000025907665	-0.002160352209	-0.072973400736	0.001298148824	-0.000216227618	-0.010181367922	-0.052511570694	0.001009672326	-0.000358201460	-0.013617967943	-0.035995946126	0.000802186941	-0.000433230284	-0.015190066099	-0.026919504059	0.000599658135	-0.000450760304	-0.014474568578	-0.018404278238	0.000443655807	-0.000457159258	-0.012697687064	-0.011473985706	0.000221350968	-0.000345056025	-0.007497340711	-0.004504724345
5000.000000000000	24.969438515188	8.032671867393	-1.704501957463	0.004200394817	0.006807333490	1.207901860524	-0.960487380127	0.005650994909	0.003954957810	0.302876619925	-0.531985446719	0.003372315842	0.000929560427	0.072081874954	-0.278923842212	0.002372971159	0.000217895942	0.021040621526	-0.154962567467	0.001735545259	0.000104475565	0.008003973756	-0.100355870936	0.001520868728	-0.000024481181	-0.002120130773	-0.072922498011	0.001300861044	-0.000218104291	-0.010142826468	-0.052462617429	0.001002336453	-0.000362892500	-0.013564183862	-0.035964361649	0.000802538748	-0.000425096071	-0.015162937931	-0.026907524450	0.000602546289	-0.000446746513	-0.014459232445	-0.018392434996	0.000443526024	-0.000456283650	-0.012689813006	-0.011457366847	0.000218147859	-0.000338786159	-0.007492792545	-0.004492364593
5000.000000000000	24.983104602108	8.046651604886	-1.704838290395	0.004216142662	0.006825900185	1.208631030461	-0.960354708240	0.005655902956	0.003957303615	0.303257396814	-0.532192808642	0.003377092924	0.000927166851	0.072207146290	-0.279160629366	0.002376574877	0.000221353147	0.021033560144	-0.155051088482	0.001740236853	0.000100929810	0.008023227650	-0.100389600426	0.001516438555	-0.000017298905	-0.002066033214	-0.072945106854	0.001298678087	-0.000213460536	-0.010105680451	-0.052524160272	0.001004571496	-0.000360649522	-0.013567510737	-0.036034844207	0.000806016815	-0.000427594966	-0.015173865441	-0.026974470639	0.000603735543	-0.000450985959	-0.014481401179	-0.018440195291	0.000444372634	-0.000458778047	-0.012715422215	-0.011495757314	0.000226024912	-0.000338210372	-0.007514732413	-0.004509062696
5000.000000000000	25.067967795853	8.073378568382	-1.703553630132	0.004181495026	0.006809441951	1.212222494641	-0.959753678125	0.005636668804	0.003959724421	0.305252756772	-0.533216854960	0.003389501184	0.000934322829	0.072823407365	-0.280349062010	0.002380087805	0.000224018830	0.021030759837	-0.155664218986	0.001740214804	0.000097807557	0.008039587438	-0.100612790471	0.001519331411	-0.000018934699	-0.001909970404	-0.073117004288	0.001300486313	-0.000208739675	-0.009973808684	-0.052781660213	0.001011866493	-0.000352688528	-0.013521127271	-0.036260228728	0.000809559305	-0.000428246874	-0.015188814856	-0.027189067514	0.000606807676	-0.000452217654	-0.014521652744	-0.018620173937	0.000449295551	-0.000456735947	-0.012779753188	-0.011649731088	0.000224591863	-0.000350132879	-0.007583339961	-0.004592003620
5000.000000000000	24.922501316640	8.063891920459	-1.707136707208	0.004196402010	0.006807678394	1.206655477801	-0.960243276786	0.005644769232	0.003956993927	0.302293595726	-0.531362362721	0.003369674387	0.000922153355	0.072002593250	-0.278314657260	0.002384017792	0.000233287918	0.021170855407	-0.154582558362	0.001731030780	0.000107249913	0.008150059246	-0.100163570058	0.001515611941	-0.000016314260	-0.002002669206	-0.072807237787	0.001291833560	-0.000213275697	-0.010039248285	-0.052402936754	0.001003256965	-0.000362867569	-0.013476229762	-0.035951119553	0.000800796280	-0.000425748761	-0.015104501116	-0.026918413144	0.000602329437	-0.000448203181	-0.014442122540	-0.018405346763	0.000442733831	-0.000456942919	-0.012689036598	-0.011451116503	0.000220321984	-0.000343569754	-0.007487908124	-0.004476914309
5000.000000000000	24.959779840617	8.075025156569	-1.706548284620	0.004186734080	0.006757944814	1.208262963540	-0.960046051025	0.005617944138	0.003939134540	0.303132426597	-0.531879133314	0.003376271797	0.000923069032	0.072221134241	-0.278887176177	0.002362231797	0.000211979153	0.021126048369	-0.154840395930	0.001728378036	0.000106581111	0.008144258328	-0.100254059480	0.001508818860	-0.000024452571	-0.001930055985	-0.072862947031	0.001290342510	-0.000211233559	-0.009975045339	-0.052510085560	0.001007024426	-0.000360910863	-0.013463669787	-0.036046613661	0.000803111169	-0.000424065606	-0.015116096639	-0.027022577094	0.000602238396	-0.000446719729	-0.014466149493	-0.018487829138	0.000442513568	-0.000454216810	-0.012724739918	-0.011521641179	0.000219251888	-0.000346068591	-0.007525698754	-0.004514182501
5000.000000000000	25.198800867139	8.113739017617	-1.701400432003	0.004136157576	0.006826352272	1.217787915254	-0.958853018126	0.005621841179	0.003993017196	0.308420110955	-0.534917198228	0.003396707013	0.000952936982	0.073682224196	-0.282210139985	0.002393698325	0.000227614548	0.020946878384	-0.156635344850	0.001736984766	0.000098604845	0.008056949265	-0.100881608433	0.001513836849	-0.000013571240	-0.001648714412	-0.073358640406	0.001304914276	-0.000201016219	-0.009728704885	-0.053141843808	0.001020037195	-0.000353978938	-0.013434683733	-0.036684688385	0.000822851652	-0.000419632457	-0.015205571831	-0.027542264342	0.000609023904	-0.000451319994	-0.014584845339	-0.018922873210	0.000455238377	-0.000458029981	-0.012885922618	-0.011899276342	0.000230743737	-0.000350897060	-0.007690616108	-0.004733861155
5000.000000000000	25.023146765545	8.109747428176	-1.706280897194	0.004157231235	0.006846264959	1.211268553109	-0.959376368934	0.005644393558	0.003992177833	0.304875247100	-0.532696123748	0.003379256403	0.000937287080	0.072711640754	-0.279776445056	0.002402156483	0.000232096664	0.021127346734	-0.155312492636	0.001740581500	0.000107007462	0.008198234728	-0.100346974305	0.001515428167	-0.000019680292	-0.001746504207	-0.072975078493	0.001298717837	-0.000206462130	-0.009806784233	-0.052693160037	0.001011947149	-0.000356644549	-0.013375422408	-0.036265752098	0.000812383678	-0.000423770099	-0.015094667008	-0.027215341398	0.000609131322	-0.000451816615	-0.014477061376	-0.018659863326	0.000450845473	-0.000457637499	-0.012769325439	-0.011666361273	0.000227793233	-0.000348356411	-0.007577398718	-0.004595079869
5000.000000000000	25.028228090382	8.118379546557	-1.706333073629	0.004142971821	0.006847334696	1.211619477087	-0.959165144248	0.005633999595	0.003999671065	0.305119041054	-0.532741065075	0.003376570320	0.000950420376	0.072784216721	-0.279838406156	0.002387721953	0.000230245591	0.021154009754	-0.155333218369	0.001739347345	0.000113623523	0.008242355784	-0.100315871740	0.001519668752	-0.000017089579	-0.001685774157	-0.072959813747	0.001299343652	-0.000205303167	-0.009741153074	-0.052707039270	0.001018028431	-0.000348917815	-0.013344832443	-0.036288485425	0.000811152361	-0.000426251342	-0.015071844284	-0.027249157113	0.000609292275	-0.000450917952	-0.014466776415	-0.018695661164	0.000451223941	-0.000457574369	-0.012768721601	-0.011692824222	0.000225634908	-0.000348016896	-0.007581517531	-0.004610904894
5000.000000000000	25.016373224044	8.129669522862	-1.707306698882	0.004159584022	0.006847503891	1.211313390937	-0.959119431332	0.005634532930	0.003987480193	0.304946303085	-0.532599508445	0.003374665484	0.000944580621	0.072723322621	-0.279696919296	0.002398530184	0.000234762915	0.021158816082	-0.155209046971	0.001736843529	0.000101552656	0.008265874017	-0.100249166498	0.001516967667	-0.000016734504	-0.001649478958	-0.072904845986	0.001302505941	-0.000201926777	-0.009707635101	-0.052675677242	0.001004006330	-0.000349994123	-0.013304231336	-0.036271933757	0.000818178518	-0.000414769552	-0.015045132084	-0.027250816875	0.000614708706	-0.000447462377	-0.014454394498	-0.018696765110	0.000452273993	-0.000456738928	-0.012763734823	-0.011691829363	0.000231003579	-0.000343061323	-0.007577671668	-0.004608412100
5000.000000000000	25.017117661850	8.142035593659	-1.707864896278	0.004150822587	0.006840758536	1.211479262240	-0.958980004348	0.005649263420	0.003989819460	0.305068897384	-0.532608688914	0.003383514015	0.000942534209	0.072749014576	-0.279717213591	0.002391707597	0.000227820872	0.021158601862	-0.155196640677	0.001735676621	0.000106002737	0.008285854653	-0.100207198928	0.001511139729	-0.000016468129	-0.001606218165	-0.072883522590	0.001301842622	-0.000199205270	-0.009665978138	-0.052676270596	0.001012860892	-0.000353606978	-0.013276020465	-0.036305067260	0.000817582484	-0.000424829543	-0.015029806348	-0.027274692611	0.000610693743	-0.000449030632	-0.014446517354	-0.018719360813	0.000453798454	-0.000458116728	-0.012763395823	-0.011707868451	0.000229533936	-0.000341700742	-0.007581483369	-0.004614395657
5000.000000000000	25.012928955757	8.152326490332	-1.708388031644	0.004146944560	0.006851538771	1.211477514500	-0.958880190726	0.005652083964	0.003994060423	0.305050085321	-0.532570952169	0.003384981685	0.000936674650	0.072750558019	-0.279675882664	0.002384288296	0.000226405785	0.021149049925	-0.155147559359	0.001736097480	0.000106524118	0.008314123789	-0.100154787479	0.001512842264	-0.000012439989	-0.001558932207	-0.072845755037	0.001300696326	-0.000204409463	-0.009615545278	-0.052664832243	0.001014941241	-0.000344403668	-0.013234192093	-0.036312955625	0.000815273913	-0.000413069565	-0.015002168223	-0.027286731657	0.000610096345	-0.000444986082	-0.014434655766	-0.018734734010	0.000452197565	-0.000455608678	-0.012759029860	-0.011723301359	0.000229649525	-0.000342807813	-0.007582804509	-0.004620946264
5000.000000000000	25.009912122659	8.161579071158	-1.709014950455	0.004159879704	0.006851189460	1.211529845124	-0.958800355513	0.005626690198	0.003984378234	0.305059788140	-0.532567505808	0.003390108131	0.000942526040	0.072733433031	-0.279675551800	0.002391492069	0.000233335640	0.021139641579	-0.155084208209	0.001728600944	0.000105617673	0.008320844282	-0.100102576202	0.001513310110	-0.000011500821	-0.001524907968	-0.072806986316	0.001303078152	-0.000200371786	-0.009582182283	-0.052654785539	0.001009786344	-0.000351385940	-0.013206085602	-0.036298317053	0.000815476726	-0.000418299786	-0.014985607270	-0.027306473974	0.000615005288	-0.000446398090	-0.014427609093	-0.018749330883	0.000453444950	-0.000456131771	-0.012758336480	-0.011734947849	0.000227548573	-0.000346043686	-0.007585311424	-0.004626250407
5000.000000000000	25.011440349164	8.174937744430	-1.709447807300	0.004157323378	0.006850281102	1.211658170598	-0.958685521048	0.005627475281	0.003982569319	0.305062329433	-0.532494093372	0.003379077660	0.000943862833	0.072791016724	-0.279695564436	0.002380664777	0.000236746035	0.021143396015	-0.155016949194	0.001734369866	0.000102493113	0.008353046443	-0.100072294748	0.001509283890	-0.000011305367	-0.001472865523	-0.072756805513	0.001298630365	-0.000197465335	-0.009521485045	-0.052655522081	0.001013639797	-0.000348711815	-0.013161200991	-0.036331888587	0.000813458550	-0.000420105729	-0.014952239452	-0.027332782855	0.000613648500	-0.000443577570	-0.014416677012	-0.018765540192	0.000453844503	-0.000456780109	-0.012749539384	-0.011753887785	0.000231071208	-0.000346639532	-0.007586048726	-0.004629791388
5000.000000000000	25.001958298586	8.187592502718	-1.710491421492	0.004158813967	0.006863430059	1.211532928418	-0.958620436887	0.005633208113	0.003977169283	0.305001440718	-0.532448700207	0.003376935995	0.000938098497	0.072738677572	-0.279622227449	0.002387336735	0.000238656636	0.021135454917	-0.154946621403	0.001735483534	0.000107257927	0.008371804390	-0.100010264458	0.001509663544	-0.000016042062	-0.001434584477	-0.072714235427	0.001294248147	-0.000200967438	-0.009481201062	-0.052636188759	0.001014351844	-0.000349226497	-0.013141450280	-0.036319543385	0.000812652716	-0.000418623386	-0.014930110375	-0.027338981626	0.000613733407	-0.000446633025	-0.014403683294	-0.018773854700	0.000454063573	-0.000456124498	-0.012745124785	-0.011759607378	0.000226953647	-0.000353097758	-0.007586516419	-0.004631841119
5000.000000000000	25.005669897422	8.201610562619	-1.711095389689	0.004139716713	0.006853406413	1.211728303329	-0.958511062049	0.005628726665	0.003982772561	0.305134576731	-0.532480759652	0.003384885083	0.000933440089	0.072749616694	-0.279648309906	0.002384244137	0.000238057531	0.021121544022	-0.154934655591	0.001735047252	0.000107522697	0.008382244894	-0.099964810273	0.001510210363	-0.000007505553	-0.001395080472	-0.072688864395	0.001296337826	-0.000199171108	-0.009433935100	-0.052638985609	0.001013325482	-0.000353585053	-0.013108157147	-0.036335237594	0.000814951669	-0.000418640573	-0.014908645031	-0.027361338743	0.000615594625	-0.000447814675	-0.014393967177	-0.018795302247	0.000454626548	-0.000457024621	-0.012745081503	-0.011776872820	0.000234218884	-0.000350598493	-0.007590126846	-0.004640966685
5000.000000000000	25.003193629541	8.207711352495	-1.711409779197	0.004169500797	0.006862818543	1.211729979624	-0.958423304987	0.005627933523	0.003997888923	0.305155069905	-0.532478108274	0.003382341728	0.000949754130	0.072736889527	-0.279639300506	0.002381441200	0.000229711380	0.021108401199	-0.154898326991	0.001728643929	0.000106407781	0.008391077502	-0.099905758891	0.001507805433	-0.000003021923	-0.001364526731	-0.072649385914	0.001295277813	-0.000194223134	-0.009391247182	-0.052620079752	0.001013424451	-0.000340076053	-0.013063500705	-0.036340968202	0.000815996414	-0.000417540489	-0.014889185252	-0.027374468215	0.000615043030	-0.000445334007	-0.014385117378	-0.018809389382	0.000456242985	-0.000457744388	-0.012744799555	-0.011790578639	0.000232235821	-0.000351873842	-0.007592265337	-0.004645102565
5000.000000000000	24.999876909258	8.223371540425	-1.712339368687	0.004150028940	0.006874582954	1.211799110727	-0.958358412503	0.005621625008	0.004004385958	0.305198797654	-0.532477775831	0.003380400383	0.000942709342	0.072734524600	-0.279634855677	0.002389252545	0.000238675144	0.021100584628	-0.154862592103	0.001732829202	0.000103955540	0.008412030042	-0.099857770678	0.001512733726	-0.000008342015	-0.001319145731	-0.072618125682	0.001294642845	-0.000196580929	-0.009343282790	-0.052609404782	0.001006539472	-0.000338741240	-0.013023532101	-0.036337792010	0.000818904514	-0.000417445919	-0.014865881195	-0.027392940737	0.000615505927	-0.000445387227	-0.014376315152	-0.018828220770	0.000456052799	-0.000455914589	-0.012741900751	-0.011802151898	0.000230642446	-0.000345646451	-0.007592297299	-0.004651950864
5000.000000000000	25.003001377891	8.233030846529	-1.712690564722	0.004165455367	0.006851094819	1.211904646917	-0.958276643255	0.005628087068	0.003994836234	0.305254781021	-0.532484202004	0.003384837870	0.000937263621	0.072716573565	-0.279649116514	0.002380982824	0.000230490520	0.021077542047	-0.154828869112	0.001737159732	0.000105988156	0.008415658584	-0.099801685905	0.001507904962	-0.000003531272	-0.001283326612	-0.072581833120	0.001293955418	-0.000198246152	-0.009307081461	-0.052598398207	0.001020284663	-0.000340653158	-0.013003818770	-0.036347951774	0.000813312804	-0.000410454999	-0.014842526453	-0.027408321122	0.000615174614	-0.000443247710	-0.014368561909	-0.018845543224	0.000456850231	-0.000455998571	-0.012742359495	-0.011816012112	0.000232649957	-0.000346417196	-0.007596179931	-0.004658817067
5000.000000000000	24.997575179089	8.248217044527	-1.713760741579	0.004133070027	0.006856973173	1.211894639413	-0.958211637941	0.005637815741	0.003998626120	0.305252852632	-0.532487253185	0.003381568329	0.000936976571	0.072689554219	-0.279612509072	0.002391313704	0.000223987309	0.021069110816	-0.154770959189	0.001732316584	0.000101766500	0.008428812412	-0.099748435027	0.001508335173	-0.000008272814	-0.001243099747	-0.072542486945	0.001293356616	-0.000197810213	-0.009263121438	-0.052585045648	0.001015028739	-0.000340168024	-0.012958624804	-0.036353857339	0.000810482974	-0.000414265161	-0.014828277318	-0.027423829428	0.000617595938	-0.000442197443	-0.014355367163	-0.018857061941	0.000457001143	-0.000455852733	-0.012738198776	-0.011825952866	0.000230079283	-0.000343813329	-0.007595484999	-0.004662718283
5000.000000000000	25.002362231338	8.262300217150	-1.714403962607	0.004149969164	0.006868802423	1.212119187960	-0.958126361624	0.005630946411	0.003987564296	0.305363768513	-0.532536886244	0.003382358255	0.000941893478	0.072705265204	-0.279667181670	0.002392632814	0.000226024381	0.021031803858	-0.154768374020	0.001731807030	0.000106652467	0.008438834534	-0.099704614102	0.001506240788	-0.000003532477	-0.001202987943	-0.072504460653	0.001293402760	-0.000189641179	-0.009211472097	-0.052579298752	0.001011824920	-0.000347856387	-0.012934648064	-0.036388610219	0.000817627356	-0.000415245083	-0.014807145266	-0.027447883228	0.000615825215	-0.000444826674	-0.014348700706	-0.018882112916	0.000457366435	-0.000455665608	-0.012739153729	-0.011843329244	0.000232060076	-0.000345862585	-0.007600180657	-0.004671776203
5000.000000000000	24.995303655644	8.274865011777	-1.715270729201	0.004140860927	0.006851464955	1.212066887238	-0.958031687840	0.005647204369	0.004007226016	0.305357530076	-0.532505804391	0.003374287324	0.000928309490	0.072677104447	-0.279620931580	0.002390391740	0.000220889224	0.021024002048	-0.154703578458	0.001729339116	0.000108790892	0.008457325915	-0.099633369554	0.001505518147	-0.000011881233	-0.001163968089	-0.072465658502	0.001294688620	-0.000193926948	-0.009166835550	-0.052562156173	0.001012381974	-0.000335796674	-0.012899436042	-0.036370100246	0.000818935057	-0.000412170348	-0.014780607333	-0.027461057060	0.000617797599	-0.000440112471	-0.014335046624	-0.018895599454	0.000459503976	-0.000454519761	-0.012733843268	-0.011853639525	0.000230558874	-0.000343448162	-0.007599670217	-0.004676179005
5000.000000000000	25.000911926747	8.287346672793	-1.715770876196	0.004145897798	0.006867918611	1.212332201911	-0.957973260047	0.005633753620	0.003990181147	0.305463910237	-0.532564804376	0.003395676490	0.000933551302	0.072672606270	-0.279701509079	0.002390476723	0.000231580626	0.020991757380	-0.154695719694	0.001727681507	0.000110672436	0.008452535981	-0.099596993689	0.001506281802	-0.000002041241	-0.001127033429	-0.072426716089	0.001294066000	-0.000194363374	-0.009128552669	-0.052565295521	0.001015409570	-0.000334821490	-0.012870953757	-0.036395426639	0.000826861269	-0.000410959460	-0.014765840351	-0.027482466987	0.000618656890	-0.000443783385	-0.014330369283	-0.018916996348	0.000459005025	-0.000457592883	-0.012736834206	-0.011871784039	0.000228001755	-0.000352428772	-0.007605685721	-0.004684624784
5000.000000000000	25.002026481788	8.295209809581	-1.715991544540	0.004159742610	0.006850805247	1.212468579509	-0.957864421316	0.005634500223	0.003989620727	0.305540631367	-0.532579538054	0.003391577082	0.000940497784	0.072689348747	-0.279694451541	0.002395699576	0.000239433296	0.020988047038	-0.154659987572	0.001728880045	0.000105345742	0.008476417598	-0.099538854584	0.001507620860	-0.000004289121	-0.001080819305	-0.072389640659	0.001295357117	-0.000190701077	-0.009074779410	-0.052552255228	0.001015659988	-0.000335018838	-0.012824135263	-0.036393590442	0.000816735359	-0.000408143689	-0.014734679339	-0.027502422940	0.000619426436	-0.000441953066	-0.014313472373	-0.018939625767	0.000458653099	-0.000455614390	-0.012732500197	-0.011890816391	0.000228684585	-0.000341566067	-0.007606889880	-0.004693725879
5000.000000000000	24.995019134208	8.315276291157	-1.717609636858	0.004156150057	0.006872698603	1.212397662059	-0.957860870684	0.005643546504	0.004009331994	0.305488763842	-0.532600932681	0.003388853176	0.000948038873	0.072628716907	-0.279675391466	0.002384523478	0.000224041018	0.020945321525	-0.154612759690	0.001732521487	0.000103638672	0.008468836689	-0.099472958541	0.001506042230	0.000001570008	-0.001053613056	-0.072350628727	0.001293607895	-0.000186907434	-0.009044263880	-0.052535290742	0.001021680793	-0.000337693262	-0.012804814714	-0.036392474728	0.000815748642	-0.000408482066	-0.014720968476	-0.027511433435	0.000621635605	-0.000441281684	-0.014309013276	-0.018949896084	0.000458859592	-0.000455692957	-0.012732607432	-0.011895534180	0.000233713646	-0.000342476818	-0.007608147128	-0.004694510569
5000.000000000000	25.001450939438	8.328012753806	-1.718046877840	0.004155742316	0.006864773309	1.212683223012	-0.957742351889	0.005634328331	0.004003543726	0.305630591639	-0.532659335665	0.003381174308	0.000951196579	0.072656238577	-0.279744497090	0.002391128874	0.000228405244	0.020924800987	-0.154598850434	0.001727775786	0.000104219280	0.008482772237	-0.099440360853	0.001503422885	-0.000003909274	-0.001007856474	-0.072314471449	0.001294149026	-0.000188078095	-0.008983235974	-0.052534763656	0.001015896597	-0.000331004649	-0.012768215228	-0.036406525375	0.000815707087	-0.000412595981	-0.014694639314	-0.027540252416	0.000621978435	-0.000441325974	-0.014298148400	-0.018973648820	0.000459827234	-0.000454883592	-0.012732239604	-0.011918680362	0.000233384352	-0.000346506082	-0.007612390440	-0.004704420609
5000.000000000000	24.997970449491	8.354616311208	-1.719870537572	0.004174002622	0.006874743581	1.212666144522	-0.957684122574	0.005637506845	0.003997552892	0.305624313308	-0.532637396405	0.003382459511	0.000931700207	0.072614008426	-0.279723781480	0.002376225452	0.000232281792	0.020893413344	-0.154553715627	0.001728372104	0.000097425879	0.008483147187	-0.099372934267	0.001504060110	-0.000002733519	-0.000974253725	-0.072271405234	0.001286742588	-0.000192970910	-0.008948303131	-0.052527338408	0.001010213631	-0.000341560683	-0.012734564728	-0.036416035657	0.000817670035	-0.000411513839	-0.014675369426	-0.027554597473	0.000618673293	-0.000441887465	-0.014290276316	-0.018988402214	0.000460467818	-0.000456665840	-0.012731927001	-0.011927045538	0.000233789180	-0.000350750781	-0.007614477153	-0.004709154529
5000.000000000000	24.998299847869	8.363446664172	-1.720175850771	0.004148428167	0.006875928233	1.212852393196	-0.957575373691	0.005635740450	0.004007247508	0.305721138947	-0.532658317521	0.003383621771	0.000936851792	0.072633360572	-0.279745872625	0.002387200730	0.000231128721	0.020874897820	-0.154517200893	0.001732633780	0.000103505339	0.008501914126	-0.099315806025	0.001497678949	-0.000004468659	-0.000924586695	-0.072232832903	0.001287917457	-0.000186413824	-0.008891244598	-0.052509635803	0.001022023610	-0.000338784563	-0.012690440921	-0.036442923163	0.000818443469	-0.000403603531	-0.014645757377	-0.027577192840	0.000621309708	-0.000441397430	-0.014276396845	-0.019009380730	0.000461598498	-0.000455567897	-0.012725524900	-0.011945769011	0.000230722794	-0.000350417400	-0.007614719135	-0.004718562195
5000.000000000000	25.000318117878	8.381595711512	-1.721224393113	0.004154653429	0.006888513389	1.212952626114	-0.957495095239	0.005641223011	0.003989755876	0.305778964282	-0.532694402398	0.003397938908	0.000939326723	0.072607975831	-0.279767682465	0.002390923964	0.000237577456	0.020855138355	-0.154490641424	0.001725144133	0.000102672022	0.008509360331	-0.099264431540	0.001499560328	-0.000001106265	-0.000877991495	-0.072186270776	0.001292340673	-0.000185955301	-0.008839064555	-0.052501684926	0.001019079110	-0.000336053940	-0.012654509024	-0.036456711883	0.000822378094	-0.000400845459	-0.014619301831	-0.027596406139	0.000622903651	-0.000439176191	-0.014268243677	-0.019029388192	0.000462166549	-0.000453978100	-0.012724515106	-0.011958924857	0.000230785685	-0.000350315080	-0.007617493512	-0.004724992937
5000.000000000000	24.996066903482	8.397646890336	-1.722429620719	0.004153690485	0.006881007560	1.212901344436	-0.957460932798	0.005632779991	0.004004863736	0.305741103503	-0.532684179431	0.003381054492	0.000938789385	0.072554442276	-0.279734159528	0.002377008682	0.000224118718	0.020813836813	-0.154431662217	0.001723550309	0.000104913111	0.008515199332	-0.099204573013	0.001500289296	-0.000002955383	-0.000856981751	-0.072143620532	0.001285985025	-0.000184486570	-0.008803616606	-0.052484503982	0.001023323614	-0.000326288629	-0.012619618418	-0.036465742050	0.000823133869	-0.000407632226	-0.014602249735	-0.027603734926	0.000621524813	-0.000440509201	-0.014260171547	-0.019039515750	0.000462579125	-0.000455931508	-0.012725224045	-0.011964558765	0.000235687922	-0.000349648692	-0.007617039376	-0.004728106015
5000.000000000000	24.999976714181	8.420074928865	-1.723745350336	0.004163276699	0.006877852310	1.213138331130	-0.957418428560	0.005633126957	0.004002535945	0.305848307386	-0.532767780085	0.003391727957	0.000937505758	0.072556300809	-0.279810614399	0.002386181880	0.000222713905	0.020791349390	-0.154423046767	0.001728995935	0.000101238504	0.008523433181	-0.099151023374	0.001496711983	-0.000000999035	-0.000812144798	-0.072103082183	0.001289385282	-0.000179692245	-0.008755855250	-0.052477600582	0.001018497070	-0.000329499124	-0.012577061388	-0.036482288380	0.000821313982	-0.000409552971	-0.014588229185	-0.027629919474	0.000624450840	-0.000441202353	-0.014251001573	-0.019062086137	0.000462971211	-0.000455369704	-0.012723833077	-0.011986355009	0.000238074326	-0.000349539730	-0.007622984327	-0.004737024361
5000.000000000000	24.995609381956	8.434639801093	-1.724754542906	0.004162223550	0.006887000814	1.213047190419	-0.957355405316	0.005650114942	0.003996814905	0.305798103802	-0.532723651811	0.003402240416	0.000936243568	0.072511269883	-0.279753492512	0.002395526930	0.000215493422	0.020763164810	-0.154346913625	0.001728141499	0.000100205026	0.008525759878	-0.099078380705	0.001498169539	-0.000003513655	-0.000772830283	-0.072053918599	0.001290373529	-0.000181532182	-0.008714777148	-0.052450973415	0.001019116413	-0.000328200553	-0.012555605991	-0.036464597523	0.000828724012	-0.000407924264	-0.014558140542	-0.027636001749	0.000619917312	-0.000440133004	-0.014240024361	-0.019072648964	0.000463605257	-0.000454977866	-0.012719997974	-0.011992738104	0.000238417950	-0.000344522178	-0.007620823601	-0.004739688319
5000.000000000000	24.997930563092	8.449111221744	-1.725615046881	0.004169889869	0.006898254779	1.213245303119	-0.957324586014	0.005644854892	0.003995161975	0.305868414896	-0.532785608002	0.003393141323	0.000945345673	0.072497501209	-0.279793529897	0.002387188871	0.000230557563	0.020723768630	-0.154331082695	0.001721628242	0.000102035344	0.008523060973	-0.099032511281	0.001495732050	-0.000000769375	-0.000740076158	-0.072020310683	0.001284827811	-0.000183959593	-0.008667319236	-0.052442363787	0.001016950824	-0.000322030634	-0.012516474517	-0.036463502203	0.000828918247	-0.000400877433	-0.014539096110	-0.027659149749	0.000625409384	-0.000436460399	-0.014233944270	-0.019093846252	0.000465112425	-0.000455142083	-0.012721246399	-0.012008222061	0.000232121866	-0.000348683596	-0.007626730402	-0.004745836608
5000.000000000000	24.996622736114	8.462956956053	-1.726560639813	0.004166464838	0.006895008122	1.213255769945	-0.957282022980	0.005649795761	0.004006111742	0.305861224149	-0.532798927692	0.003394612649	0.000939750515	0.072451062233	-0.279791055336	0.002388294612	0.000215325565	0.020690199775	-0.154279797950	0.001721387627	0.000101689839	0.008531942167	-0.098966218753	0.001495012831	-0.000000168551	-0.000695091414	-0.071969302029	0.001284313748	-0.000177125118	-0.008625355745	-0.052428527752	0.001012942640	-0.000319979989	-0.012484759812	-0.036493604292	0.000817349772	-0.000402642767	-0.014515685367	-0.027678048411	0.000621143414	-0.000439533354	-0.014222209530	-0.019106932196	0.000463718386	-0.000455455581	-0.012717940621	-0.012020136644	0.000233749410	-0.000349381694	-0.007626795337	-0.004751034033
5000.000000000000	24.996590226419	8.480940582099	-1.727621594136	0.004171483581	0.006888013845	1.213322302555	-0.957216352897	0.005652319857	0.004012518531	0.305886324538	-0.532815226460	0.003396487794	0.000937699698	0.072441386277	-0.279804795226	0.002381834154	0.000214215002	0.020651365010	-0.154219777313	0.001721984905	0.000100417687	0.008534863302	-0.098906147868	0.001496402587	-0.000001242372	-0.000658057144	-0.071911433383	0.001288211002	-0.000186930571	-0.008573661566	-0.052417360256	0.001019002490	-0.000328972649	-0.012451463672	-0.036496763794	0.000821033130	-0.000402797374	-0.014493705162	-0.027692560706	0.000626995591	-0.000440817539	-0.014211046509	-0.019123943816	0.000464627900	-0.000454579657	-0.012715240966	-0.012033681274	0.000238843235	-0.000345820153	-0.007628875338	-0.004756419974
5000.000000000000	24.996907411946	8.505599467351	-1.729069407133	0.004170275463	0.006885678903	1.213425618939	-0.957114857180	0.005655406782	0.004013034423	0.305977316699	-0.532837738098	0.003399558422	0.000938603896	0.072418093965	-0.279790800330	0.002393913634	0.000232137429	0.020640474244	-0.154200560819	0.001723176662	0.000101545982	0.008559166694	-0.098826180204	0.001493551361	0.000001905960	-0.000603056650	-0.071876010366	0.001289488276	-0.000176791374	-0.008513326123	-0.052396267497	0.001019023593	-0.000331243845	-0.012401780846	-0.036500181679	0.000830030996	-0.000397279837	-0.014466758994	-0.027710530709	0.000625110672	-0.000438596696	-0.014195309253	-0.019148278143	0.000466557815	-0.000454670035	-0.012711390021	-0.012051027312	0.000240334886	-0.000352484233	-0.007628941523	-0.004767107732
5000.000000000000	24.997902887533	8.528372247563	-1.730622290053	0.004170972280	0.006882488648	1.213510829590	-0.957078157473	0.005646252952	0.004011383432	0.306042528212	-0.532885148819	0.003404092236	0.000942119541	0.072370805297	-0.279789599894	0.002374548480	0.000230259467	0.020608879069	-0.154179314644	0.001722601740	0.000109596332	0.008552746599	-0.098763494995	0.001492823023	0.000002531133	-0.000574799061	-0.071844101714	0.001290185919	-0.000174660751	-0.008474005611	-0.052385475466	0.001012318799	-0.000326906980	-0.012372370582	-0.036515671726	0.000825955158	-0.000398535212	-0.014444556489	-0.027727524294	0.000624647297	-0.000439609826	-0.014186490407	-0.019169390460	0.000465542447	-0.000454722783	-0.012713950738	-0.012061918471	0.000239471972	-0.000349254857	-0.007631100978	-0.004774345133
5000.000000000000	24.997420061671	8.535303609621	-1.731072925023	0.004172805941	0.006890592432	1.213582186509	-0.957039169826	0.005646134617	0.003998738226	0.306066932750	-0.532932354672	0.003400352109	0.000945867377	0.072328088393	-0.279815601999	0.002382722530	0.000214974252	0.020556514394	-0.154141705868	0.001723744611	0.000104820120	0.008551427418	-0.098698395509	0.001492978963	0.000001560135	-0.000543053162	-0.071794275181	0.001282062414	-0.000174780140	-0.008431226660	-0.052360253369	0.001013978841	-0.000323993874	-0.012341658196	-0.036520572379	0.000825791511	-0.000397859047	-0.014423915210	-0.027743893766	0.000626361031	-0.000440727111	-0.014181137464	-0.019185881696	0.000467500305	-0.000454920841	-0.012713359482	-0.012073738370	0.000234194761	-0.000348236978	-0.007633413767	-0.004780283657
5000.000000000000	24.997156747407	8.560217561691	-1.732753871966	0.004158541279	0.006889671194	1.213663626505	-0.956998854972	0.005655349664	0.004006232485	0.306102339054	-0.532977743560	0.003393855164	0.000930839994	0.072287539535	-0.279822913067	0.002401850987	0.000217861049	0.020520088119	-0.154118125168	0.001723552870	0.000104462617	0.008550432237	-0.098630282681	0.001491314490	-0.000005191886	-0.000503046951	-0.071751015559	0.001289803454	-0.000172263257	-0.008383400615	-0.052342658158	0.001021708557	-0.000319724684	-0.012300551149	-0.036535215122	0.000828562621	-0.000392967928	-0.014403396146	-0.027754539521	0.000626215275	-0.000436642384	-0.014167872412	-0.019203207621	0.000468299009	-0.000454968890	-0.012712857964	-0.012088596061	0.000235086597	-0.000351209431	-0.007636244350	-0.004787686617
5000.000000000000	24.997805998930	8.577764505586	-1.733794412927	0.004172916060	0.006897797385	1.213776278401	-0.956950284827	0.005648536284	0.004013295009	0.306164898047	-0.533014053336	0.003403205762	0.000943446914	0.072262129354	-0.279838417319	0.002401576686	0.000220471120	0.020491461920	-0.154085816311	0.001729396194	0.000054527779	0.008556206339	-0.098569922540	0.001490827755	0.000005807554	-0.000467223359	-0.071708102955	0.001256756398	-0.000181151234	-0.008337344069	-0.052334712902	0.001011685648	-0.000320135988	-0.012270439832	-0.036546329720	0.000831407040	-0.000401129330	-0.014380156048	-0.027780412619	0.000630351774	-0.000433564840	-0.014157179182	-0.019225884685	0.000471141632	-0.000447125314	-0.012711958729	-0.012103755910	0.000232469473	-0.000349360114	-0.007638920053	-0.004795387700
