5000.000000000000	24.990908951240	5.861133596305	-1.513029109300	0.003803945839	0.006206423462	1.082818091401	-0.912691335380	0.005217264588	0.003390030801	0.251645729953	-0.494386843160	0.003045317172	0.000672427500	0.049779323033	-0.251290290738	0.002080087015	0.000102452913	0.011149848132	-0.136111866502	0.001502131281	0.000020876330	0.003233805950	-0.087595664228	0.001324216097	-0.000062942488	-0.004485454339	-0.063670535709	0.001127799661	-0.000230521792	-0.010939949484	-0.045533693055	0.000860377937	-0.000347380986	-0.013407901986	-0.030897630695	0.000685284935	-0.000407310193	-0.014514825678	-0.022810118160	0.000507472922	-0.000422093712	-0.013561986809	-0.015278912482	0.000361031511	-0.000419934435	-0.011636075955	-0.009178778354	0.000181894767	-0.000307866364	-0.006669051405	-0.003388125740
5000.000000000000	24.986134464177	5.560048384609	-1.481291250131	0.003758763431	0.006208564774	1.089528327671	-0.906562448139	0.005185765453	0.003430335352	0.256933843279	-0.493713456907	0.003049687520	0.000718660893	0.052399666068	-0.252084995487	0.002100346179	0.000119819697	0.012394262268	-0.136441153214	0.001495943269	0.000038016162	0.004349529383	-0.087563535291	0.001322236719	-0.000038279409	-0.003299857437	-0.063818826529	0.001132665850	-0.000204342516	-0.010003590005	-0.045992296956	0.000880230546	-0.000335812750	-0.012819901301	-0.031455639796	0.000702331678	-0.000395725695	-0.014140694514	-0.023381076469	0.000519628075	-0.000416527168	-0.013367910902	-0.015786478876	0.000378224856	-0.000416299994	-0.011591683290	-0.009608299432	0.000191392771	-0.000312689709	-0.006722235836	-0.003619178991
5000.000000000000	24.977161119354	5.541012817026	-1.472973165182	0.003757923762	0.006215506877	1.093259595488	-0.902563940221	0.005173042276	0.003461533473	0.260103895356	-0.492950431046	0.003065064046	0.000733642144	0.054116170249	-0.252384350051	0.002110308117	0.000135331848	0.013294053847	-0.136602067107	0.001501781472	0.000040607908	0.005119134958	-0.087543059317	0.001321315945	-0.000024383075	-0.002532806184	-0.063908711937	0.001141966028	-0.000190129747	-0.009364931547	-0.046279357800	0.000888351314	-0.000323396226	-0.012411223018	-0.031818587703	0.000714658348	-0.000395832087	-0.013873185085	-0.023781929290	0.000533798950	-0.000411787579	-0.013236220604	-0.016155915383	0.000388053309	-0.000415152732	-0.011571698858	-0.009925629606	0.000190864156	-0.000313130139	-0.006772170734	-0.003793012351
5000.000000000000	24.974182390409	5.625445042950	-1.473714581437	0.003731813657	0.006223004268	1.095804663764	-0.899829021164	0.005177436585	0.003482849827	0.262284131874	-0.492539454982	0.003060268353	0.000744922118	0.055239270654	-0.252712930657	0.002118369554	0.000136759484	0.013789446932	-0.136773586993	0.001505888376	0.000044395200	0.005504608072	-0.087533343002	0.001321905351	-0.000015453354	-0.002109833469	-0.063918424013	0.001149182796	-0.000179277982	-0.009001389365	-0.046398857830	0.000886201302	-0.000311989166	-0.012170546557	-0.031981591196	0.000716570409	-0.000386408187	-0.013704457729	-0.023969828562	0.000538898349	-0.000408853812	-0.013132311895	-0.016331698119	0.000393354866	-0.000411759215	-0.011525518187	-0.010080329084	0.000205004264	-0.000313855718	-0.006774382847	-0.003880960019
5000.000000000000	24.958911958608	5.730661761537	-1.478303394656	0.003736657951	0.006236318981	1.096951184320	-0.898336428822	0.005168269554	0.003480143332	0.263302805305	-0.492228512540	0.003071229533	0.000747818057	0.055771472545	-0.252799479926	0.002110257698	0.000125476184	0.014024484415	-0.136772805566	0.001502255122	0.000052640292	0.005699435876	-0.087472477218	0.001324670194	-0.000009275436	-0.001874667179	-0.063878181987	0.001148950946	-0.000175714724	-0.008791687833	-0.046434924448	0.000893364259	-0.000308699185	-0.012010072359	-0.032054131795	0.000721202230	-0.000376673875	-0.013597660619	-0.024054917777	0.000539717371	-0.000404238190	-0.013068079211	-0.016412485266	0.000396195918	-0.000411449958	-0.011494597767	-0.010150590673	0.000202652995	-0.000309044368	-0.006772092926	-0.003917474424
5000.000000000000	24.914782982812	5.848048733964	-1.485142617101	0.003760939491	0.006258078401	1.096343699346	-0.897339159009	0.005174294858	0.003503586040	0.263394892430	-0.491587807377	0.003064040286	0.000760737418	0.055932568358	-0.252332172425	0.002114461905	0.000131917438	0.014213514724	-0.136557548838	0.001511412017	0.000051184639	0.005866201241	-0.087284271283	0.001326102353	-0.000015069571	-0.001735083162	-0.063768154897	0.001145422673	-0.000174074946	-0.008659482530	-0.046340961206	0.000891122101	-0.000309333876	-0.011880958275	-0.032018823928	0.000724016461	-0.000379828532	-0.013501446676	-0.024044621143	0.000543431892	-0.000404257108	-0.012993561341	-0.016422690303	0.000397140591	-0.000409866390	-0.011445469581	-0.010151087302	0.000198818585	-0.000313469431	-0.006739798768	-0.003923383147
5000.000000000000	24.897401422649	5.949086872712	-1.490778058275	0.003786316013	0.006244048276	1.096328161889	-0.896671638957	0.005191978429	0.003488286065	0.263628276285	-0.491319720388	0.003078063077	0.000746508178	0.056054512462	-0.252230639547	0.002126409637	0.000126049579	0.014283327563	-0.136459758659	0.001502547019	0.000051601374	0.005943239532	-0.087179072811	0.001327662481	-0.000010849552	-0.001630061372	-0.063681784948	0.001148437299	-0.000169731795	-0.008548731797	-0.046309598779	0.000886675907	-0.000297740348	-0.011818726158	-0.032030557300	0.000719714160	-0.000371310531	-0.013436647750	-0.024056305896	0.000542043678	-0.000400937472	-0.012950816554	-0.016441378903	0.000398611731	-0.000411749156	-0.011420513583	-0.010168052213	0.000205599885	-0.000307779313	-0.006729386300	-0.003931420121
5000.000000000000	24.981616515055	6.063976777165	-1.494439822440	0.003816097179	0.006248941424	1.100113555261	-0.895581163987	0.005175183654	0.003490938869	0.265883945849	-0.492283319604	0.003093756908	0.000753476325	0.056756022251	-0.253501490994	0.002123852941	0.000149285664	0.014229122142	-0.137080422569	0.001500597599	0.000031418036	0.005935546454	-0.087339427923	0.001321493799	-0.000008047624	-0.001455804183	-0.063776718803	0.001121245266	-0.000206929295	-0.008374561796	-0.046498490362	0.000901320679	-0.000308664346	-0.011713261703	-0.032244298236	0.000718466580	-0.000381096491	-0.013405035070	-0.024260168264	0.000537487358	-0.000400202922	-0.012949670956	-0.016613589219	0.000414030996	-0.000397551911	-0.011449791459	-0.010325920099	0.000202871673	-0.000310558684	-0.006781206680	-0.004022034703
5000.000000000000	25.003400046184	6.152032491187	-1.498619854445	0.003769412719	0.006260456563	1.101431289335	-0.894944309324	0.005179804292	0.003505282418	0.266728207638	-0.492516056871	0.003079464085	0.000754729837	0.057023450583	-0.253925208202	0.002124742816	0.000137404861	0.014218834236	-0.137243993465	0.001468749015	0.000082604526	0.005952711709	-0.087341315762	0.001323262468	-0.000007460363	-0.001356684116	-0.063759544827	0.001167256260	-0.000165876788	-0.008268194570	-0.046545085319	0.000902798311	-0.000298603656	-0.011638294961	-0.032297273742	0.000724297040	-0.000369498461	-0.013359494084	-0.024341831474	0.000546321626	-0.000401196773	-0.012930844719	-0.016685922008	0.000399656184	-0.000400248842	-0.011449591220	-0.010391925427	0.000205232831	-0.000312343451	-0.006796903154	-0.004055806291
5000.000000000000	25.013123595521	6.238984117828	-1.503258500709	0.003795784947	0.006263694921	1.102285249629	-0.894412671612	0.005179346036	0.003525800147	0.267325554278	-0.492628682737	0.003083755457	0.000753013079	0.057193398494	-0.254125116210	0.002117797962	0.000140564759	0.014223795541	-0.137319978463	0.001530384685	-0.000002949698	0.005978323231	-0.087293079877	0.001316610062	-0.000008039137	-0.001269288085	-0.063722565715	0.001139045469	-0.000137281628	-0.008162586410	-0.046555360027	0.000900648605	-0.000301088836	-0.011564940765	-0.032347630818	0.000729511301	-0.000368128397	-0.013311588281	-0.024396235838	0.000550548304	-0.000400884537	-0.012904059164	-0.016739218208	0.000412219102	-0.000403573045	-0.011440220457	-0.010437313555	0.000210452658	-0.000312194854	-0.006799488998	-0.004083347551
5000.000000000000	24.999246287349	6.319269659519	-1.508204860028	0.003819021602	0.006237302891	1.102118231704	-0.894033930469	0.005193720250	0.003518466835	0.267342430523	-0.492407254911	0.003055964648	0.000763565280	0.057233876171	-0.253984551190	0.002127808649	0.000142943159	0.014263554041	-0.137204516195	0.001476660682	0.000039535555	0.006034440804	-0.087187240893	0.001296371371	-0.000016483990	-0.001190198355	-0.063641141591	0.001217575034	-0.000095677041	-0.008081333724	-0.046510798921	0.000914072136	-0.000282537361	-0.011505124123	-0.032341487405	0.000724636517	-0.000383201732	-0.013255320620	-0.024401225089	0.000555283941	-0.000396430096	-0.012864090967	-0.016750734714	0.000385211222	-0.000440560626	-0.011415349527	-0.010448525676	0.000207934530	-0.000319976781	-0.006786259471	-0.004091072683
5000.000000000000	24.998398306097	6.398575679606	-1.513054233522	0.003803846351	0.006260389621	1.102299794676	-0.893805279979	0.005197587306	0.003523556562	0.267500548177	-0.492418142300	0.003088501855	0.000761278724	0.057231371832	-0.253991544011	0.002132996430	0.000138616547	0.014233974515	-0.137161762484	0.001505846592	0.000050008766	0.006052681836	-0.087087239455	0.001310392259	-0.000003678439	-0.001123699240	-0.063566749387	0.001135083492	-0.000158307846	-0.007993808742	-0.046475008687	0.000899961953	-0.000305402209	-0.011435314624	-0.032348824933	0.000723962805	-0.000367635872	-0.013214278568	-0.024425649252	0.000551948285	-0.000398016721	-0.012841681110	-0.016778336172	0.000405397777	-0.000406775344	-0.011406630174	-0.010469976016	0.000207074701	-0.000317241601	-0.006786027553	-0.004100982840
5000.000000000000	24.989038476171	6.452912570967	-1.516455728820	0.003822292168	0.006258948952	1.102334796190	-0.893506461300	0.005192212097	0.003538948768	0.267569559257	-0.492332331174	0.003084122993	0.000753696925	0.057269379263	-0.253954594525	0.002121522539	0.000141665191	0.014237581682	-0.137099361028	0.001509493347	0.000045047014	0.006075679091	-0.087007464749	0.001315940038	-0.000005092211	-0.001066613371	-0.063502516082	0.001142392985	-0.000160740891	-0.007926112070	-0.046451021356	0.000899801966	-0.000294646106	-0.011378628938	-0.032351669709	0.000735139769	-0.000373303462	-0.013171663039	-0.024437285323	0.000546623824	-0.000398639073	-0.012816041196	-0.016798286920	0.000407079980	-0.000406260401	-0.011394253457	-0.010486914380	0.000211878990	-0.000318881743	-0.006782518449	-0.004109820876
5000.000000000000	25.010285442246	6.512583029835	-1.519412030099	0.003816084959	0.006263379910	1.103230954714	-0.893218073875	0.005184809228	0.003534160415	0.268094421676	-0.492585643564	0.003095656637	0.000754985194	0.057378693250	-0.254270448895	0.002110564370	0.000138793502	0.014175647789	-0.137208594597	0.001505318074	0.000047058172	0.006058821393	-0.086994349849	0.001311873750	-0.000003942801	-0.001004253292	-0.063478826527	0.001141579779	-0.000161518113	-0.007856654491	-0.046481783831	0.000899033250	-0.000288418360	-0.011330729395	-0.032405987003	0.000733712600	-0.000363386259	-0.013146711436	-0.024502844418	0.000550204531	-0.000396906045	-0.012807690714	-0.016850393388	0.000406550203	-0.000405176781	-0.011401758455	-0.010534872244	0.000204165845	-0.000312773576	-0.006799577241	-0.004133752835
5000.000000000000	24.989572239603	6.560108108180	-1.522481660079	0.003815084099	0.006256736782	1.102727468725	-0.893009875654	0.005188325785	0.003527544891	0.267888303244	-0.492336169252	0.003085377226	0.000760454955	0.057315368155	-0.254021924895	0.002125492184	0.000140349009	0.014199993811	-0.137050811569	0.001503463559	0.000047131247	0.006106465488	-0.086869546459	0.001309219449	-0.000002306294	-0.000948095347	-0.063407243256	0.001134386258	-0.000152905502	-0.007787066240	-0.046424157125	0.000890520557	-0.000282197757	-0.011276469840	-0.032369928054	0.000722917710	-0.000366438220	-0.013099469995	-0.024490177990	0.000550876734	-0.000396444880	-0.012777970224	-0.016853776301	0.000407290177	-0.000405506154	-0.011381911402	-0.010533462981	0.000214629792	-0.000314602969	-0.006786163985	-0.004131504379
5000.000000000000	24.993299628290	6.610693316380	-1.525608363828	0.003812776410	0.006251773798	1.103051485487	-0.892915190688	0.005190049428	0.003533871655	0.268048162284	-0.492435135673	0.003085193875	0.000751146798	0.057315104495	-0.254131039627	0.002129460161	0.000126456628	0.014138448677	-0.137023129513	0.001498287092	0.000035997933	0.006099032400	-0.086811143177	0.001308363496	-0.000000234565	-0.000898541095	-0.063345866651	0.001132891584	-0.000148239369	-0.007732219477	-0.046419386024	0.000896025968	-0.000290118190	-0.011221163662	-0.032395841229	0.000728533224	-0.000349649119	-0.013069254976	-0.024526792898	0.000552255627	-0.000391335934	-0.012764543595	-0.016880195813	0.000407853000	-0.000405534695	-0.011382987013	-0.010556701998	0.000207331416	-0.000314006131	-0.006793092755	-0.004141626155
5000.000000000000	24.984930586184	6.670027329408	-1.529624327037	0.003826224109	0.006263935033	1.102889058755	-0.892794858089	0.005190722563	0.003532475266	0.267974240538	-0.492341501303	0.003091635794	0.000743828213	0.057268745743	-0.254021383604	0.002127317809	0.000120160792	0.014131041208	-0.136935426518	0.001504448415	0.000043269492	0.006124191343	-0.086723241661	0.001308109839	-0.000000119996	-0.000845856777	-0.063282808206	0.001138422820	-0.000153518581	-0.007671007056	-0.046391851691	0.000897915221	-0.000287238919	-0.011193914586	-0.032398968244	0.000730793537	-0.000350864841	-0.013038661888	-0.024532973488	0.000553333657	-0.000394604791	-0.012751182132	-0.016890805163	0.000408148664	-0.000405298477	-0.011374472282	-0.010561118406	0.000206881121	-0.000311878339	-0.006787376186	-0.004143430166
5000.000000000000	24.989258876372	6.722170646175	-1.532805256448	0.003855158379	0.006295202094	1.103174705485	-0.892676258370	0.005190697074	0.003534483185	0.268130197320	-0.492399316160	0.003095184303	0.000747391667	0.057298475494	-0.254125907281	0.002140778762	0.000140945754	0.014103310063	-0.136933334283	0.001502429132	0.000044503519	0.006122522639	-0.086687429030	0.001310835401	0.000002002105	-0.000801556445	-0.063243053401	0.001134684412	-0.000149134293	-0.007615939172	-0.046386988735	0.000894578515	-0.000287859305	-0.011147809151	-0.032409491706	0.000725410645	-0.000368626395	-0.013016695381	-0.024561225529	0.000551807551	-0.000391350471	-0.012744008999	-0.016917539575	0.000409458231	-0.000405620705	-0.011376583051	-0.010585475726	0.000209438034	-0.000315724363	-0.006796906002	-0.004153705922
5000.000000000000	24.999054723472	6.761610619071	-1.534990068901	0.003821077720	0.006279230060	1.103779882106	-0.892488355464	0.005190023274	0.003524223206	0.268442631204	-0.492576499705	0.003099154158	0.000755065258	0.057372903777	-0.254360565956	0.002120247553	0.000139956372	0.014058650871	-0.136989291815	0.001505457860	0.000038642803	0.006105526178	-0.086670553901	0.001305717280	-0.000001739458	-0.000766698437	-0.063214177003	0.001128326947	-0.000151187804	-0.007569245116	-0.046408860306	0.000896645731	-0.000280683992	-0.011106234408	-0.032445482163	0.000733106058	-0.000358986032	-0.013003023421	-0.024611122276	0.000556417607	-0.000393156260	-0.012747340584	-0.016953742086	0.000410816952	-0.000405196596	-0.011386649730	-0.010617138195	0.000209831059	-0.000309510467	-0.006808455570	-0.004167861088
5000.000000000000	24.996617300548	6.802520894527	-1.537490667361	0.003840862011	0.006274299514	1.103752199255	-0.892349511633	0.005181130536	0.003522654426	0.268457764947	-0.492514044078	0.003105049745	0.000756975272	0.057376825530	-0.254293634333	0.002123610706	0.000133072940	0.014058423053	-0.136919077308	0.001493666898	0.000040345340	0.006138123303	-0.086603536716	0.001302829487	0.000004476402	-0.000699310363	-0.063169418500	0.001130413648	-0.000151326968	-0.007505133604	-0.046388809598	0.000905926483	-0.000284106955	-0.011067631116	-0.032447018945	0.000735716573	-0.000363203097	-0.012970885500	-0.024629448133	0.000552915763	-0.000391909052	-0.012732723236	-0.016973363961	0.000411147133	-0.000404480635	-0.011384208382	-0.010631053947	0.000212221370	-0.000315703999	-0.006811463646	-0.004173001419
5000.000000000000	25.002458567795	6.836720324624	-1.539496364978	0.003847232203	0.006291844737	1.104106950499	-0.892234222288	0.005194939471	0.003540467952	0.268699004076	-0.492628342884	0.003100820238	0.000748540812	0.057384149955	-0.254404708797	0.002127239101	0.000150263448	0.014017199547	-0.136961344276	0.001504686119	0.000038975458	0.006137612913	-0.086557907089	0.001303320369	0.000001081397	-0.000659551703	-0.063144200803	0.001133227603	-0.000146798294	-0.007450368048	-0.046394204821	0.000903353400	-0.000280960460	-0.011031939058	-0.032496269083	0.000732252872	-0.000354909654	-0.012958035234	-0.024666405668	0.000554925122	-0.000391053493	-0.012728747359	-0.017009973606	0.000411018184	-0.000405708371	-0.011395142062	-0.010656610460	0.000211708502	-0.000310480047	-0.006821077434	-0.004184930037
5000.000000000000	25.003032395872	6.878368266159	-1.542209932280	0.003853526218	0.006309675469	1.104264259930	-0.892115044570	0.005190389088	0.003533256609	0.268750744430	-0.492653981626	0.003102645589	0.000748471747	0.057398190029	-0.254442552728	0.002124197113	0.000122682164	0.014003182110	-0.136919703030	0.001507882070	0.000040974197	0.006150491187	-0.086513581157	0.001304969544	0.000001111268	-0.000612988810	-0.063104772937	0.001136303002	-0.000152361781	-0.007404215813	-0.046395057207	0.000895181542	-0.000278743827	-0.011001150036	-0.032486245862	0.000737848707	-0.000356238907	-0.012935655329	-0.024694378028	0.000557667669	-0.000389026990	-0.012724815150	-0.017030707449	0.000412190898	-0.000404867457	-0.011395659053	-0.010673139617	0.000215903035	-0.000312523288	-0.006828370885	-0.004191155208
5000.000000000000	24.993467832841	6.912625024631	-1.544616289815	0.003849777426	0.006302294663	1.104026174990	-0.892018518496	0.005190356427	0.003530845132	0.268650607082	-0.492543484786	0.003105875874	0.000752002964	0.057355467341	-0.254319006028	0.002128236904	0.000129868337	0.013991952114	-0.136822247135	0.001500596111	0.000044033162	0.006176633662	-0.086430734944	0.001303152154	0.000002604240	-0.000570005842	-0.063053573949	0.001135687614	-0.000151315969	-0.007356433988	-0.046364519325	0.000906735454	-0.000281327247	-0.010950742793	-0.032485560193	0.000733530734	-0.000351422633	-0.012909201711	-0.024702391796	0.000559296796	-0.000392868848	-0.012712203318	-0.017043779282	0.000413752209	-0.000406086727	-0.011395274201	-0.010679261407	0.000212260360	-0.000316289249	-0.006825818644	-0.004192314570
5000.000000000000	24.978085996220	6.953646037581	-1.548033720308	0.003839081296	0.006306688432	1.103658423279	-0.892080307638	0.005181431826	0.003519238173	0.268426220531	-0.492475800204	0.003096403621	0.000754063334	0.057221842383	-0.254161191408	0.002126311673	0.000135535633	0.013949749716	-0.136697907659	0.001501614190	0.000049825660	0.006182852188	-0.086306346802	0.001303576925	0.000006866034	-0.000535990610	-0.062981734963	0.001131801358	-0.000141638192	-0.007304815927	-0.046316147552	0.000896845308	-0.000274289605	-0.010920988683	-0.032504832386	0.000735603961	-0.000357088486	-0.012881228481	-0.024701359646	0.000556228514	-0.000393345424	-0.012699322291	-0.017048235408	0.000413969703	-0.000406338960	-0.011393357252	-0.010677246860	0.000209338916	-0.000316960424	-0.006824105917	-0.004188999124
5000.000000000000	24.971419897196	6.997007613829	-1.550970947454	0.003833721785	0.006285814715	1.103463894269	-0.892000203045	0.005201754037	0.003541841546	0.268390732142	-0.492396403049	0.003093554198	0.000752362683	0.057167942510	-0.254055231362	0.002128618377	0.000137637248	0.013945739836	-0.136637742824	0.001500278133	0.000054986859	0.006210182096	-0.086223947750	0.001303137557	-0.000000338039	-0.000488145983	-0.062939307187	0.001134465251	-0.000141836849	-0.007253790068	-0.046286996004	0.000899344284	-0.000274189165	-0.010879173454	-0.032498193312	0.000734272656	-0.000344798377	-0.012852256270	-0.024711184089	0.000558827973	-0.000388409299	-0.012685228191	-0.017066104797	0.000413888634	-0.000405184384	-0.011391801955	-0.010684876122	0.000204975963	-0.000311975691	-0.006823351633	-0.004192939859
5000.000000000000	24.972066541571	7.019381193927	-1.552505790346	0.003784657176	0.006158442710	1.103581471042	-0.891989980449	0.005156000902	0.003483472847	0.268435325628	-0.492468136620	0.003062683311	0.000734583908	0.057132390760	-0.254099725083	0.002096938116	0.000121306514	0.013902356642	-0.136613281972	0.001478638036	0.000045928612	0.006201807919	-0.086173639575	0.001282786519	0.000003900916	-0.000455752267	-0.062893953578	0.001119913185	-0.000143262236	-0.007218667753	-0.046285806622	0.000878781970	-0.000272819371	-0.010837797373	-0.032509413678	0.000724997112	-0.000345977992	-0.012840082349	-0.024733507646	0.000550606123	-0.000387733637	-0.012684790087	-0.017088808291	0.000407856562	-0.000400000576	-0.011398650174	-0.010698857344	0.000214183200	-0.000315296885	-0.006831516628	-0.004198801020
5000.000000000000	25.041030660702	7.051417896200	-1.552518457344	0.003809842903	0.006206302358	1.106165290281	-0.891625322372	0.005180993644	0.003513973929	0.269838969520	-0.493313556063	0.003086680902	0.000745733542	0.057486222392	-0.255044808877	0.002114962324	0.000113135640	0.013782848367	-0.137072511174	0.001488499827	0.000039665485	0.006130543335	-0.086284819074	0.001284917025	0.000001338908	-0.000379979852	-0.062960328086	0.001118530137	-0.000142074000	-0.007117413602	-0.046413978242	0.000893985242	-0.000270174738	-0.010789965289	-0.032643788413	0.000735736225	-0.000345824650	-0.012833485252	-0.024883673027	0.000555404727	-0.000386625567	-0.012702680577	-0.017218532307	0.000412882525	-0.000402480591	-0.011438505484	-0.010814103259	0.000220647208	-0.000314655376	-0.006878944253	-0.004260562797
5000.000000000000	25.012433013160	7.076045934188	-1.554829883882	0.003797097611	0.006215477287	1.105230187615	-0.891606297560	0.005162389738	0.003517239613	0.269348189334	-0.492966376852	0.003073081294	0.000748336078	0.057323968250	-0.254636829677	0.002115477143	0.000114639998	0.013804378730	-0.136822024506	0.001485207232	0.000047971276	0.006182687530	-0.086144209413	0.001284157231	0.000000847279	-0.000345733964	-0.062867873180	0.001122301941	-0.000139103872	-0.007070220851	-0.046343883403	0.000888184774	-0.000271095262	-0.010750622645	-0.032607195313	0.000729763516	-0.000348447518	-0.012797952788	-0.024860485145	0.000553764325	-0.000386184808	-0.012681936653	-0.017200887560	0.000412579950	-0.000402962595	-0.011424212394	-0.010792729457	0.000210361991	-0.000306553506	-0.006864375679	-0.004248223288
5000.000000000000	24.997672312507	7.106624500023	-1.557313587777	0.003803378468	0.006249579778	1.104899732695	-0.891597042974	0.005178363497	0.003521441336	0.269147005224	-0.492843305793	0.003091187010	0.000738795882	0.057249871285	-0.254497839698	0.002122962827	0.000134974141	0.013800529991	-0.136693652202	0.001491517068	0.000045100177	0.006213664619	-0.086057689995	0.001289437765	0.000000867769	-0.000303043200	-0.062802601109	0.001126104604	-0.000141857451	-0.007028971389	-0.046302367141	0.000894236959	-0.000271953463	-0.010734585835	-0.032614912416	0.000735147205	-0.000342964943	-0.012769871415	-0.024861126376	0.000555059201	-0.000386467086	-0.012669140329	-0.017204207541	0.000416536253	-0.000403594591	-0.011418412524	-0.010794614079	0.000214058254	-0.000309071132	-0.006862992242	-0.004244653922
5000.000000000000	25.128495449126	7.147675304014	-1.556152940576	0.003802491893	0.006321813120	1.109748928975	-0.890958786039	0.005187883706	0.003562166094	0.271817013952	-0.494407464657	0.003117729502	0.000773052881	0.057943420027	-0.256253184966	0.002140044678	0.000129897751	0.013603659349	-0.137622197341	0.001499873110	0.000047978669	0.006065000416	-0.086330151092	0.001295508730	0.000006515411	-0.000198232292	-0.062957619543	0.001129832013	-0.000133825057	-0.006880299600	-0.046547976379	0.000911093032	-0.000269702792	-0.010650699908	-0.032882287479	0.000743774432	-0.000351244391	-0.012777475890	-0.025125384528	0.000563899544	-0.000388233902	-0.012706968636	-0.017433543730	0.000423575240	-0.000406211240	-0.011488512167	-0.010994899114	0.000217780884	-0.000315122806	-0.006943762372	-0.004359828651
5000.000000000000	25.009248085029	7.157369254031	-1.559938265949	0.003818859725	0.006325401364	1.105581729410	-0.891258254877	0.005197678686	0.003561472912	0.269530347811	-0.492985460725	0.003105294621	0.000756164354	0.057310019622	-0.254643352438	0.002142326512	0.000130651389	0.013761832244	-0.136700751683	0.001501804039	0.000041359125	0.006230636846	-0.085964197829	0.001294657257	0.000009845408	-0.000194739882	-0.062729059562	0.001127378735	-0.000136928186	-0.006897296935	-0.046311375438	0.000898053887	-0.000268116714	-0.010620271125	-0.032661615688	0.000739015514	-0.000351379440	-0.012708258897	-0.024940211609	0.000564923465	-0.000386611718	-0.012648382863	-0.017279761797	0.000420570131	-0.000406040411	-0.011423914894	-0.010854385554	0.000215269538	-0.000317134721	-0.006879230564	-0.004273243038
5000.000000000000	24.958901183085	7.173834571449	-1.562636821317	0.003829152037	0.006332471307	1.103855848129	-0.891464838869	0.005220565046	0.003560722512	0.268588668729	-0.492437815749	0.003101473985	0.000750578371	0.057004861279	-0.253993905559	0.002159876191	0.000129886768	0.013775896732	-0.136309505251	0.001500974722	0.000050471789	0.006288761871	-0.085781398404	0.001296664033	0.000004423074	-0.000187539246	-0.062624141322	0.001128943739	-0.000136690935	-0.006887896094	-0.046197201951	0.000906329132	-0.000266842913	-0.010601599312	-0.032557165252	0.000744781226	-0.000348473125	-0.012686098169	-0.024869091742	0.000564522411	-0.000387545090	-0.012631767645	-0.017225271971	0.000419434413	-0.000407259962	-0.011405652933	-0.010800615869	0.000217223076	-0.000320374381	-0.006858704374	-0.004238188977
5000.000000000000	24.920716678038	7.193160072614	-1.564822875019	0.003864771338	0.006346708354	1.102419133366	-0.891623153163	0.005218651884	0.003550669979	0.267756662332	-0.491978717142	0.003113941949	0.000747652396	0.056764489687	-0.253519523643	0.002137353932	0.000128314663	0.013782746962	-0.135972063462	0.001490441415	0.000046995739	0.006326272084	-0.085623545090	0.001296389909	0.000006944240	-0.000175527917	-0.062508879714	0.001135348856	-0.000132619918	-0.006871471589	-0.046108109087	0.000904035686	-0.000274087876	-0.010564150705	-0.032506719222	0.000734418765	-0.000349350072	-0.012654185089	-0.024826386820	0.000561974544	-0.000388231832	-0.012611941765	-0.017183788563	0.000420089746	-0.000406806244	-0.011387412485	-0.010761193409	0.000211087946	-0.000309707675	-0.006840585689	-0.004209636382
5000.000000000000	25.066451321416	7.228804926447	-1.563130079740	0.003844978645	0.006333427871	1.107939504361	-0.890966652080	0.005198796258	0.003564201569	0.270798572478	-0.493817962705	0.003104339021	0.000767388497	0.057529922083	-0.255524061777	0.002142375150	0.000125019811	0.013550536186	-0.137051293541	0.001495319588	0.000038217865	0.006153390410	-0.085934462735	0.001294835990	0.000008458738	-0.000064925195	-0.062685728194	0.001133707658	-0.000130251308	-0.006713045849	-0.046384675779	0.000904949865	-0.000265393782	-0.010496991416	-0.032807300070	0.000739675546	-0.000350114353	-0.012662927530	-0.025115538489	0.000569921485	-0.000386987735	-0.012655389854	-0.017440177498	0.000424758467	-0.000407492963	-0.011469052767	-0.010986716620	0.000225387593	-0.000319869857	-0.006933058936	-0.004341266677
5000.000000000000	24.864077899634	7.234387313888	-1.569488362126	0.003820003389	0.006231781221	1.100506717153	-0.891886830866	0.005187263577	0.003500099492	0.266683915289	-0.491418734570	0.003074784770	0.000729222328	0.056363680271	-0.252787566961	0.002127788258	0.000118024973	0.013756517964	-0.135509686157	0.001476602504	0.000050405878	0.006366009519	-0.085359330027	0.001280690375	0.000006097092	-0.000141378545	-0.062331233110	0.001116436914	-0.000128378461	-0.006827845208	-0.045965529424	0.000891907736	-0.000266661527	-0.010504576832	-0.032411277418	0.000724293336	-0.000338802424	-0.012609635655	-0.024767941047	0.000558162307	-0.000384942479	-0.012587264869	-0.017142159839	0.000412437818	-0.000404124537	-0.011371517542	-0.010709696599	0.000211207776	-0.000319574548	-0.006821288101	-0.004175919601
5000.000000000000	25.218645617257	7.286846637861	-1.562432271335	0.003800949962	0.006322463044	1.113624683635	-0.890241270778	0.005169356465	0.003580775834	0.273929931431	-0.495698881132	0.003124482071	0.000771497540	0.058324280692	-0.257606020574	0.002144316184	0.000117831639	0.013277663434	-0.138114419979	0.001496716482	0.000034308412	0.005960636796	-0.086210517063	0.001286913063	0.000006796562	0.000078766924	-0.062818229630	0.001125411500	-0.000127796216	-0.006502632304	-0.046646770663	0.000905548931	-0.000262868739	-0.010397218518	-0.033147932409	0.000748856639	-0.000345492681	-0.012653286023	-0.025438023409	0.000572451062	-0.000388258007	-0.012690684856	-0.017725468547	0.000430444851	-0.000407411263	-0.011552776182	-0.011237540420	0.000218123165	-0.000317851914	-0.007033517986	-0.004486043688
5000.000000000000	25.062245597698	7.288783443387	-1.566817698446	0.003795465654	0.006348657863	1.108204429434	-0.890687896028	0.005201578178	0.003565207259	0.270909924156	-0.493823898296	0.003109531970	0.000767473738	0.057497991118	-0.255485227708	0.002144078061	0.000130602312	0.013495704904	-0.136904134005	0.001499347057	0.000038933453	0.006204627048	-0.085751642915	0.001291405936	0.000012974794	0.000081365043	-0.062546239662	0.001128791970	-0.000127907891	-0.006552016674	-0.046352244971	0.000906541386	-0.000264065071	-0.010370749978	-0.032840064654	0.000746077652	-0.000344052814	-0.012575984048	-0.025196647277	0.000569814751	-0.000385748156	-0.012620446865	-0.017518916796	0.000426859169	-0.000407330950	-0.011472378947	-0.011051979955	0.000224154114	-0.000314892631	-0.006950086082	-0.004367624457
5000.000000000000	25.036021679114	7.312574674640	-1.568882048559	0.003800546232	0.006341194220	1.107349734228	-0.890639941105	0.005206008914	0.003563625188	0.270464573448	-0.493490676917	0.003116847317	0.000777795257	0.057352253996	-0.255101136067	0.002131311285	0.000111400219	0.013535644487	-0.136668643933	0.001498078954	0.000046652881	0.006257315824	-0.085615738300	0.001293069728	0.000010076901	0.000130475737	-0.062469281618	0.001124537050	-0.000128315715	-0.006496845636	-0.046281384192	0.000902183985	-0.000253236461	-0.010307266963	-0.032801350769	0.000750243895	-0.000340705353	-0.012538305466	-0.025170237670	0.000568416011	-0.000387429734	-0.012594431357	-0.017510309155	0.000428664450	-0.000407080097	-0.011456120330	-0.011036002495	0.000222437854	-0.000318572406	-0.006936576828	-0.004360556784
5000.000000000000	25.023106928376	7.343004827260	-1.571275765598	0.003799080416	0.006359330793	1.107114380029	-0.890569627777	0.005206516252	0.003562657666	0.270341831718	-0.493371162678	0.003114175515	0.000756634091	0.057313887752	-0.254987171726	0.002141977825	0.000125481394	0.013547485057	-0.136572332326	0.001498628945	0.000042146971	0.006294945769	-0.085544528292	0.001289802658	0.000005039111	0.000168978116	-0.062423833144	0.001126146573	-0.000125009224	-0.006449749959	-0.046261689123	0.000903261599	-0.000259203678	-0.010278133201	-0.032823166767	0.000738943145	-0.000339590861	-0.012516690823	-0.025187555106	0.000569765239	-0.000386680443	-0.012592649341	-0.017526218002	0.000426175415	-0.000406467544	-0.011461150073	-0.011044474399	0.000221854344	-0.000317016339	-0.006941029876	-0.004361421292
5000.000000000000	25.019473331260	7.361284526327	-1.572496305632	0.003798823722	0.006350300020	1.107092324125	-0.890460231767	0.005196704637	0.003561730608	0.270354517224	-0.493313989333	0.003123539374	0.000760980326	0.057342345358	-0.254930407343	0.002152344987	0.000122302032	0.013582024536	-0.136512326147	0.001497059075	0.000048071195	0.006349372789	-0.085517494755	0.001291175168	0.000012718751	0.000235851404	-0.062417210790	0.001125634299	-0.000128977582	-0.006393163209	-0.046288436461	0.000901830856	-0.000260948125	-0.010272443532	-0.032846321569	0.000748708609	-0.000333248488	-0.012506081509	-0.025235125079	0.000571002562	-0.000382885590	-0.012602951948	-0.017564896133	0.000428364359	-0.000406737671	-0.011483139035	-0.011069972429	0.000222378550	-0.000319724818	-0.006960703259	-0.004367435026
5000.000000000000	25.012499129500	7.371574413918	-1.573029417020	0.003802533015	0.006362240529	1.107014100454	-0.890320831528	0.005196062121	0.003567968728	0.270271037160	-0.493174750607	0.003120064623	0.000763070229	0.057372953714	-0.254872626033	0.002142086358	0.000141191747	0.013627027405	-0.136409347156	0.001500712731	0.000043994948	0.006412317680	-0.085475385045	0.001288257791	0.000020531291	0.000305264845	-0.062380743109	0.001118957887	-0.000124697841	-0.006339323094	-0.046300680974	0.000908955870	-0.000255664861	-0.010218048679	-0.032868300071	0.000743168462	-0.000337210941	-0.012491181109	-0.025281733151	0.000574916068	-0.000382348750	-0.012610878926	-0.017591992498	0.000428289361	-0.000407547479	-0.011496008311	-0.011093184384	0.000222764695	-0.000318443586	-0.006975288402	-0.004370022610
5000.000000000000	25.009091436194	7.385569661780	-1.573703023208	0.003809265215	0.006356915706	1.106978906714	-0.890129561922	0.005201104845	0.003581096355	0.270327720988	-0.493103027821	0.003101862212	0.000761343457	0.057398067041	-0.254785804633	0.002147607613	0.000135767863	0.013659730892	-0.136350801862	0.001490327943	0.000051762242	0.006471273579	-0.085422149432	0.001286714051	0.000017159280	0.000374999319	-0.062372016691	0.001130784052	-0.000120601310	-0.006277513139	-0.046318576542	0.000907123306	-0.000255767843	-0.010173921605	-0.032925755367	0.000740821102	-0.000331666132	-0.012473827283	-0.025322840008	0.000573555829	-0.000386343529	-0.012612398956	-0.017630160284	0.000428575623	-0.000407976331	-0.011511694284	-0.011115946087	0.000224010216	-0.000321446227	-0.006988106276	-0.004378142473
5000.000000000000	25.005321365925	7.400369434069	-1.574566015799	0.003812719277	0.006368110529	1.107049923259	-0.889966182882	0.005224113420	0.003567550324	0.270409212096	-0.493047602844	0.003112177589	0.000759056517	0.057446469984	-0.254770908973	0.002130753684	0.000123860134	0.013696401253	-0.136318515121	0.001492998355	0.000044667057	0.006513498958	-0.085387044508	0.001288971944	0.000019193178	0.000436409332	-0.062354778698	0.001129682930	-0.000121776788	-0.006226374610	-0.046337720229	0.000905249151	-0.000258253650	-0.010151487320	-0.032951066448	0.000750250950	-0.000337342873	-0.012461633525	-0.025362519607	0.000579697327	-0.000386689705	-0.012621746610	-0.017665021288	0.000431280808	-0.000409109398	-0.011530898919	-0.011139115256	0.000222307929	-0.000318990621	-0.007003549530	-0.004385035889
5000.000000000000	25.005243247667	7.422257311093	-1.575789847381	0.003796418370	0.006337096372	1.107233721350	-0.889795403227	0.005203359567	0.003569454959	0.270564819987	-0.493037562426	0.003108145609	0.000764449689	0.057501343258	-0.254778950294	0.002150068312	0.000137540612	0.013740813426	-0.136313281941	0.001495012562	0.000055393589	0.006567058600	-0.085366066872	0.001287626892	0.000022510773	0.000499865327	-0.062361089010	0.001126236702	-0.000122540107	-0.006163175870	-0.046363503093	0.000913157531	-0.000248899130	-0.010114609598	-0.032983264397	0.000756968045	-0.000331808842	-0.012450390879	-0.025417324311	0.000574829070	-0.000385622801	-0.012632649560	-0.017705205586	0.000431059568	-0.000408753012	-0.011550199938	-0.011163912823	0.000221868817	-0.000324383570	-0.007019358680	-0.004394591234
5000.000000000000	25.004532338040	7.444058820288	-1.577079647586	0.003806458491	0.006358727163	1.107391651093	-0.889648427660	0.005209464179	0.003563923917	0.270696213474	-0.493013321030	0.003100855093	0.000755890752	0.057572627154	-0.254770353455	0.002143023568	0.000127835063	0.013778128849	-0.136309314743	0.001485847928	0.000056117471	0.006616194315	-0.085344996433	0.001281794972	0.000019105863	0.000562618212	-0.062365087656	0.001127834935	-0.000118083304	-0.006106553222	-0.046395736169	0.000900860063	-0.000258147540	-0.010076409970	-0.033043414484	0.000760212789	-0.000332000032	-0.012447663521	-0.025463078189	0.000579264729	-0.000384442406	-0.012644038109	-0.017744464098	0.000432640006	-0.000410733080	-0.011574083802	-0.011187702365	0.000221525594	-0.000317872356	-0.007036101910	-0.004403645105
5000.000000000000	25.004061696164	7.465053096711	-1.578267421164	0.003813269283	0.006357504052	1.107592545868	-0.889461711238	0.005223858998	0.003583310003	0.270860739487	-0.492999394080	0.003108321297	0.000755437892	0.057633627751	-0.254779857505	0.002159128194	0.000139283976	0.013823747560	-0.136308633816	0.001491932447	0.000049225686	0.006674818444	-0.085331171487	0.001287159008	0.000019452457	0.000627545951	-0.062368065110	0.001127204969	-0.000120484020	-0.006056384353	-0.046430412035	0.000898917314	-0.000252313990	-0.010043342480	-0.033079086806	0.000756171826	-0.000330495561	-0.012441390235	-0.025514657342	0.000581925004	-0.000383931336	-0.012657972715	-0.017785857724	0.000434359108	-0.000411093998	-0.011593915744	-0.011213032674	0.000227270155	-0.000326575001	-0.007052428866	-0.004412596327
5000.000000000000	25.003330236379	7.487805487448	-1.579750687579	0.003809619916	0.006359351356	1.107725001786	-0.889361204668	0.005198918399	0.003580644865	0.270979706112	-0.493002956096	0.003111695793	0.000776500116	0.057679887046	-0.254803588134	0.002140293483	0.000131997015	0.013849883145	-0.136302156768	0.001488601454	0.000057128108	0.006712323250	-0.085317698315	0.001286925423	0.000021015211	0.000678567326	-0.062379232316	0.001128813701	-0.000119875121	-0.006010375285	-0.046464603967	0.000905203308	-0.000252379380	-0.010043058932	-0.033122366227	0.000763250629	-0.000337103504	-0.012450749160	-0.025562556738	0.000580839018	-0.000388934680	-0.012680553726	-0.017820611146	0.000433384133	-0.000412034710	-0.011622333937	-0.011231689155	0.000219198308	-0.000327139347	-0.007072806324	-0.004416850992
5000.000000000000	25.006337114623	7.501938412829	-1.580279257347	0.003812460816	0.006367593708	1.107922891702	-0.889187167811	0.005210329755	0.003579033602	0.271141920780	-0.492991414935	0.003106560103	0.000759499517	0.057765095608	-0.254828516108	0.002143135366	0.000126248312	0.013892724448	-0.136301380996	0.001494399325	0.000054970935	0.006763917672	-0.085300656128	0.001286225124	0.000028098834	0.000745074117	-0.062385644359	0.001129622762	-0.000112106693	-0.005952949160	-0.046490970832	0.000915277546	-0.000258128567	-0.009998637039	-0.033173636224	0.000758527158	-0.000336745509	-0.012442937865	-0.025611306850	0.000583892441	-0.000387713048	-0.012691414262	-0.017862042702	0.000435734130	-0.000412440526	-0.011645824166	-0.011260479635	0.000217084866	-0.000324143821	-0.007090940267	-0.004426277512
5000.000000000000	24.999799490873	7.518442415649	-1.581339622723	0.003805437350	0.006368869592	1.107971789363	-0.889004602513	0.005215562391	0.003584652795	0.271226345332	-0.492915045486	0.003109408137	0.000761611334	0.057822736661	-0.254779948973	0.002154563116	0.000142259962	0.013941432814	-0.136270022461	0.001490667948	0.000058483924	0.006824399876	-0.085278615172	0.001288911280	0.000021281893	0.000808871826	-0.062381341349	0.001124825272	-0.000111740847	-0.005904510149	-0.046522407146	0.000913724820	-0.000245316018	-0.009988075810	-0.033223833038	0.000757298032	-0.000337854157	-0.012440581484	-0.025655033767	0.000585512583	-0.000386839456	-0.012704347567	-0.017894379084	0.000436930803	-0.000414337167	-0.011663187927	-0.011277584956	0.000227144960	-0.000330912249	-0.007105344306	-0.004431830420
5000.000000000000	25.005587261125	7.540066411109	-1.582489604831	0.003800334214	0.006381258705	1.108238070621	-0.888849975682	0.005198535105	0.003596497075	0.271408800955	-0.492950225232	0.003101970284	0.000763723402	0.057887617943	-0.254848428826	0.002144207578	0.000137670911	0.013960801248	-0.136306278131	0.001494500097	0.000050493088	0.006854959025	-0.085282038303	0.001282581030	0.000021623004	0.000855775421	-0.062402150252	0.001133772729	-0.000108130076	-0.005862058941	-0.046553970108	0.000907058988	-0.000243359246	-0.009949667441	-0.033271211666	0.000763509423	-0.000342059013	-0.012441042017	-0.025704842911	0.000586850610	-0.000386661093	-0.012723652324	-0.017934754962	0.000437690933	-0.000415945617	-0.011690946799	-0.011302400292	0.000229019364	-0.000323599075	-0.007125289202	-0.004438800562
5000.000000000000	25.003467855601	7.559943248148	-1.583557904399	0.003818149501	0.006373950942	1.108366455499	-0.888652718355	0.005196838942	0.003592322043	0.271509970331	-0.492878723346	0.003116863383	0.000763712658	0.057980798331	-0.254856246274	0.002145744073	0.000140406291	0.014014942954	-0.136266048268	0.001488110980	0.000054723184	0.006917305604	-0.085266352923	0.001286325888	0.000025971006	0.000922574061	-0.062392719861	0.001132696110	-0.000118982238	-0.005806208541	-0.046583699570	0.000909246908	-0.000238373588	-0.009930761203	-0.033315203604	0.000765945864	-0.000336088175	-0.012433427777	-0.025751319380	0.000588256396	-0.000386956668	-0.012729888792	-0.017966517022	0.000438367828	-0.000414682786	-0.011705103737	-0.011325627990	0.000225045010	-0.000323542104	-0.007140345765	-0.004444314497
5000.000000000000	25.000134461469	7.573828191900	-1.584285610133	0.003812343677	0.006371176300	1.108370914548	-0.888476100311	0.005203652748	0.003598190734	0.271605006339	-0.492835212741	0.003107009383	0.000766239407	0.058004892582	-0.254817310773	0.002148561767	0.000150304860	0.014046090376	-0.136244250614	0.001485646992	0.000056399281	0.006949106346	-0.085238485674	0.001285982973	0.000024922476	0.000972702505	-0.062390830547	0.001135837278	-0.000106959745	-0.005769128255	-0.046598783623	0.000916994589	-0.000242940844	-0.009898909582	-0.033347205890	0.000761324818	-0.000331526407	-0.012428699814	-0.025789475009	0.000585652038	-0.000387120815	-0.012744304414	-0.017996358969	0.000438901292	-0.000415205870	-0.011721373836	-0.011339755985	0.000223793464	-0.000327347377	-0.007152154628	-0.004448605057
5000.000000000000	25.001224737519	7.587645672355	-1.585104500763	0.003818395208	0.006370446136	1.108556145745	-0.888359224312	0.005205982843	0.003607818620	0.271717849760	-0.492850485156	0.003117324674	0.000770200005	0.058052229272	-0.254847328709	0.002143319192	0.000134835533	0.014060126702	-0.136238427259	0.001490063002	0.000051924734	0.006992013905	-0.085217413204	0.001290664133	0.000028307334	0.001024779840	-0.062386266788	0.001133652425	-0.000104341777	-0.005721312785	-0.046628906038	0.000918350933	-0.000243513729	-0.009865116537	-0.033396891867	0.000761143065	-0.000334734861	-0.012423439358	-0.025827177270	0.000591395967	-0.000388659388	-0.012760286159	-0.018027203857	0.000442024292	-0.000416798600	-0.011744950470	-0.011357986878	0.000223939988	-0.000328637740	-0.007167494502	-0.004454826169
5000.000000000000	24.998862389481	7.605641286919	-1.585975265762	0.003808875703	0.006369798595	1.108724766462	-0.888133069755	0.005219529256	0.003590218255	0.271869794204	-0.492792701964	0.003114084617	0.000767826958	0.058148425078	-0.254840370152	0.002154250884	0.000140275537	0.014123266937	-0.136229573188	0.001491034079	0.000052098994	0.007050806014	-0.085214309124	0.001285693917	0.000030781274	0.001091801069	-0.062396061968	0.001130592943	-0.000102504247	-0.005666755985	-0.046655823333	0.000913773267	-0.000245696075	-0.009853340283	-0.033422672141	0.000764555484	-0.000335559005	-0.012419032244	-0.025871165905	0.000589134007	-0.000389776629	-0.012767542267	-0.018062862850	0.000440618369	-0.000418078879	-0.011762777828	-0.011381013210	0.000223643292	-0.000330890451	-0.007181640795	-0.004460601217
5000.000000000000	25.001612804817	7.615934997297	-1.586210100390	0.003819020175	0.006382226115	1.108950658615	-0.887990841667	0.005203296962	0.003572136411	0.272061717951	-0.492781346887	0.003110428973	0.000775172656	0.058232420909	-0.254873481268	0.002138719699	0.000147353963	0.014166690898	-0.136249840755	0.001493031612	0.000060942899	0.007101452144	-0.085216069666	0.001283814882	0.000025162098	0.001149246449	-0.062414158296	0.001132535977	-0.000106328272	-0.005622310779	-0.046696060768	0.000915320303	-0.000245858502	-0.009826056718	-0.033473163239	0.000759637440	-0.000336173695	-0.012419704026	-0.025929158263	0.000590448522	-0.000387675275	-0.012791485006	-0.018100651591	0.000441933743	-0.000417940615	-0.011790119203	-0.011399854171	0.000222388608	-0.000327378022	-0.007200275911	-0.004466673615
5000.000000000000	25.000145346837	7.637804144775	-1.587513088834	0.003819650497	0.006392579609	1.109168562790	-0.887807191129	0.005217722302	0.003595066308	0.272230114413	-0.492765450040	0.003105911253	0.000776138451	0.058328887298	-0.254894435802	0.002154022262	0.000139830340	0.014224670752	-0.136262400938	0.001493162052	0.000054044500	0.007150752223	-0.085224804615	0.001289001623	0.000029544226	0.001209245866	-0.062442243499	0.001133832553	-0.000104548730	-0.005576471566	-0.046749190394	0.000916577004	-0.000241488156	-0.009804646992	-0.033533226726	0.000760236634	-0.000340168959	-0.012429852725	-0.025980503276	0.000590984540	-0.000389541498	-0.012816821735	-0.018140549530	0.000442109480	-0.000419158359	-0.011823300272	-0.011422768214	0.000229125339	-0.000334215133	-0.007224379616	-0.004470593507
5000.000000000000	25.001001532041	7.661231076060	-1.588883965038	0.003812064004	0.006379021551	1.109425652886	-0.887642545533	0.005210728076	0.003594282086	0.272424473149	-0.492766368103	0.003113626262	0.000769721375	0.058442520609	-0.254933522112	0.002146340202	0.000128206030	0.014298192607	-0.136284469832	0.001490942946	0.000063783462	0.007226632209	-0.085227450829	0.001287659318	0.000032261226	0.001269005971	-0.062464912646	0.001133659213	-0.000103797495	-0.005531002454	-0.046797090205	0.000915629940	-0.000241901425	-0.009800266537	-0.033597302343	0.000767386396	-0.000337503877	-0.012439073910	-0.026039612880	0.000598095199	-0.000390394175	-0.012839253165	-0.018183154759	0.000444693962	-0.000419539035	-0.011852190845	-0.011449394968	0.000229846473	-0.000328313825	-0.007244749333	-0.004479378463
5000.000000000000	25.001272052725	7.681422399838	-1.590003414195	0.003801877045	0.006374924937	1.109681369954	-0.887442716098	0.005207894149	0.003591067086	0.272632988719	-0.492752786175	0.003118614863	0.000778793628	0.058534100156	-0.254973352610	0.002145202432	0.000147311694	0.014352712899	-0.136308432619	0.001497994142	0.000066865267	0.007283021564	-0.085238915614	0.001288862084	0.000029395147	0.001337323082	-0.062491833291	0.001130357400	-0.000102371030	-0.005479024308	-0.046845994470	0.000920565830	-0.000243704842	-0.009751548314	-0.033652558477	0.000763655034	-0.000332057453	-0.012440875863	-0.026098590467	0.000596087808	-0.000392109589	-0.012861431664	-0.018227153957	0.000444804607	-0.000421113479	-0.011882956541	-0.011474466115	0.000231256114	-0.000335273178	-0.007266115109	-0.004486634514
5000.000000000000	25.000445362654	7.694605308035	-1.590535984574	0.003816209285	0.006380530973	1.109818466084	-0.887266444507	0.005225509463	0.003612617473	0.272770020238	-0.492706887816	0.003109559485	0.000764801647	0.058614056208	-0.254971314709	0.002156921453	0.000137100387	0.014411767469	-0.136299334498	0.001490249378	0.000061554395	0.007336687288	-0.085228533048	0.001286716511	0.000031604115	0.001398957792	-0.062502115697	0.001136257810	-0.000095697432	-0.005425324390	-0.046882315344	0.000927200625	-0.000239192677	-0.009728048050	-0.033705996312	0.000772172671	-0.000331090649	-0.012440708874	-0.026147960002	0.000597667831	-0.000392539155	-0.012876442942	-0.018262957867	0.000446573635	-0.000422983302	-0.011905962284	-0.011497186187	0.000224437090	-0.000334898049	-0.007285105604	-0.004493085315
5000.000000000000	25.001067403142	7.711967243943	-1.591568996097	0.003802556239	0.006394311675	1.109971332687	-0.887143499064	0.005220546046	0.003607756880	0.272901568709	-0.492702548500	0.003123842387	0.000780336014	0.058676577890	-0.254980178576	0.002153817701	0.000133344036	0.014448735967	-0.136304356868	0.001495505563	0.000060221623	0.007384959937	-0.085220303687	0.001289674644	0.000032278353	0.001452793561	-0.062514545941	0.001137255669	-0.000103040882	-0.005383946978	-0.046918208136	0.000926077329	-0.000234477223	-0.009720497204	-0.033754632248	0.000776675083	-0.000330320857	-0.012442506033	-0.026192930577	0.000601905413	-0.000391650544	-0.012898253830	-0.018299803915	0.000446041553	-0.000422098509	-0.011935234322	-0.011517733880	0.000231081135	-0.000337537134	-0.007304840251	-0.004498354611
5000.000000000000	25.000109862084	7.730609417382	-1.592612199916	0.003803604042	0.006377667289	1.110105140011	-0.887018122125	0.005225040791	0.003613864638	0.273032130436	-0.492689430679	0.003116756608	0.000766489988	0.058745455099	-0.254977907366	0.002153972435	0.000151848849	0.014490238457	-0.136299276410	0.001491403216	0.000062334357	0.007440828264	-0.085216376913	0.001288476917	0.000035514205	0.001507271559	-0.062530831147	0.001132492116	-0.000100426452	-0.005335615549	-0.046956081265	0.000921760143	-0.000231648164	-0.009710810658	-0.033791413164	0.000775645011	-0.000334274758	-0.012452013150	-0.026242968702	0.000599913646	-0.000391570607	-0.012918855403	-0.018335352749	0.000446473713	-0.000424644212	-0.011961224203	-0.011535202147	0.000228725740	-0.000328802456	-0.007321408076	-0.004502697536
5000.000000000000	24.999126619509	7.747902034339	-1.593560905958	0.003834457556	0.006391820980	1.110282299958	-0.886877983834	0.005217150006	0.003624398961	0.273169473240	-0.492665531901	0.003118178409	0.000771760217	0.058821509762	-0.254992852863	0.002150451437	0.000154284604	0.014538447221	-0.136280514198	0.001490892146	0.000064408301	0.007499432547	-0.085204748999	0.001291418936	0.000034874521	0.001573839301	-0.062533054736	0.001135543502	-0.000097545806	-0.005286659412	-0.046988010694	0.000931371851	-0.000238106130	-0.009681572792	-0.033842288343	0.000769465642	-0.000326673227	-0.012446373414	-0.026290086412	0.000600091844	-0.000397255008	-0.012933473995	-0.018371336083	0.000447503631	-0.000423699288	-0.011982190768	-0.011557683700	0.000233370708	-0.000338638144	-0.007337900810	-0.004509030707
5000.000000000000	24.996579757227	7.762086542281	-1.594489253965	0.003801968153	0.006396574505	1.110414192467	-0.886761624665	0.005231829119	0.003607931575	0.273261661934	-0.492671384792	0.003126569809	0.000780907282	0.058857704108	-0.255012802827	0.002148040525	0.000158979938	0.014560609213	-0.136278577351	0.001494487970	0.000058562704	0.007527388343	-0.085184508930	0.001289756155	0.000040816731	0.001623038038	-0.062534953478	0.001135689315	-0.000097727210	-0.005247248949	-0.047015954838	0.000924715975	-0.000233660779	-0.009667663880	-0.033882165401	0.000772937951	-0.000324213005	-0.012446374762	-0.026330922356	0.000602774492	-0.000396398661	-0.012952411892	-0.018404372119	0.000449068141	-0.000425383325	-0.012008726243	-0.011575445843	0.000226402052	-0.000335518204	-0.007356672791	-0.004512891674
5000.000000000000	24.999531587220	7.779306092460	-1.595439051830	0.003808792641	0.006388716251	1.110701876361	-0.886622427236	0.005218027339	0.003593787183	0.273472311811	-0.492710645252	0.003115058223	0.000771917031	0.058935904109	-0.255081829570	0.002157446355	0.000143063790	0.014580349597	-0.136298601621	0.001494597711	0.000060217756	0.007560529255	-0.085174669930	0.001283978310	0.000037524312	0.001677681687	-0.062541482464	0.001137279914	-0.000092996994	-0.005188101501	-0.047045054395	0.000925154702	-0.000233486725	-0.009638739706	-0.033925423866	0.000776836797	-0.000327698715	-0.012443825693	-0.026385321353	0.000603510641	-0.000394099946	-0.012966878366	-0.018442229036	0.000449130392	-0.000425973498	-0.012028577170	-0.011598470918	0.000229364915	-0.000339865344	-0.007372279359	-0.004520142926
5000.000000000000	25.001256572524	7.798979471603	-1.596587488678	0.003830478203	0.006397844028	1.110785300660	-0.886524240244	0.005221044188	0.003599923543	0.273505689212	-0.492705992569	0.003113634781	0.000776291857	0.058938128960	-0.255069801900	0.002157151092	0.000141667378	0.014583768372	-0.136270435299	0.001500877773	0.000057512892	0.007588341685	-0.085134420305	0.001284237224	0.000037776367	0.001731564274	-0.062516736341	0.001135618026	-0.000092398163	-0.005148033016	-0.047056557732	0.000924449296	-0.000235129328	-0.009605662837	-0.033948089476	0.000779413893	-0.000339195578	-0.012436138160	-0.026419609646	0.000604582893	-0.000394560348	-0.012974306414	-0.018469711291	0.000449129216	-0.000426996462	-0.012042327195	-0.011615505161	0.000229736930	-0.000336251877	-0.007383171734	-0.004524749406
5000.000000000000	24.999150059310	7.818425436600	-1.597906116408	0.003815465431	0.006410086993	1.110716878129	-0.886463944157	0.005216096416	0.003607328907	0.273481335552	-0.492674405621	0.003133214094	0.000774267341	0.058914381603	-0.255027550471	0.002146507668	0.000130054777	0.014566046542	-0.136206341824	0.001489380326	0.000059140889	0.007611695025	-0.085077084981	0.001287411901	0.000040485320	0.001774738700	-0.062479513868	0.001136820234	-0.000094804396	-0.005091148355	-0.047046351070	0.000920271365	-0.000236686325	-0.009572951520	-0.033968944256	0.000784353444	-0.000326008744	-0.012416638484	-0.026444711312	0.000604651083	-0.000395862049	-0.012972461432	-0.018487414639	0.000451008565	-0.000426760113	-0.012049148200	-0.011626942791	0.000230672961	-0.000336581869	-0.007389912741	-0.004527499812
5000.000000000000	24.996290914342	7.843226964300	-1.599746686030	0.003814573110	0.006396235202	1.110736337764	-0.886409446979	0.005221732158	0.003627383008	0.273490303867	-0.492685290628	0.003121378926	0.000781210906	0.058864189685	-0.255038769017	0.002152606576	0.000150979062	0.014537384085	-0.136162684664	0.001488923576	0.000061959476	0.007613343380	-0.085012569854	0.001283565351	0.000039259369	0.001812486851	-0.062437432858	0.001132574069	-0.000089304285	-0.005055112015	-0.047040209896	0.000918270772	-0.000227437887	-0.009540624398	-0.033977101785	0.000772393282	-0.000332158133	-0.012403826579	-0.026467039873	0.000607433443	-0.000396570148	-0.012971956761	-0.018508906658	0.000451461042	-0.000427213540	-0.012056537777	-0.011639197257	0.000229145490	-0.000337760422	-0.007395864789	-0.004531904871
5000.000000000000	25.002921998461	7.857476703347	-1.600357400639	0.003834278484	0.006392112507	1.110875560307	-0.886333424420	0.005214954724	0.003605976044	0.273544192507	-0.492722413986	0.003118388616	0.000781226403	0.058870992491	-0.255088481133	0.002157505784	0.000150525985	0.014494675922	-0.136130221824	0.001488339451	0.000059876274	0.007613840251	-0.084964596920	0.001281372665	0.000044668319	0.001856608640	-0.062400388100	0.001130321486	-0.000093263653	-0.004998822825	-0.047037139287	0.000925942447	-0.000221707709	-0.009490285914	-0.033995904712	0.000786894978	-0.000327196076	-0.012382304669	-0.026493115055	0.000606548667	-0.000393603116	-0.012967304679	-0.018535210039	0.000453129832	-0.000427435464	-0.012060966517	-0.011660431993	0.000228585362	-0.000340974007	-0.007405611005	-0.004540009347
5000.000000000000	24.997943361402	7.869645905949	-1.601312454674	0.003831498852	0.006406004439	1.110708617556	-0.886289292187	0.005215409957	0.003622765791	0.273466880510	-0.492697397338	0.003116884486	0.000776228080	0.058783199693	-0.255010737836	0.002155063456	0.000129375542	0.014457525558	-0.136060651222	0.001487098084	0.000061030068	0.007622320231	-0.084875564154	0.001288346164	0.000043120592	0.001890088479	-0.062349408055	0.001133732003	-0.000090721378	-0.004956210070	-0.047012905738	0.000925851157	-0.000227997192	-0.009465921473	-0.034002612460	0.000780603996	-0.000332288038	-0.012363110820	-0.026509808119	0.000607270839	-0.000392010356	-0.012965606613	-0.018547348687	0.000453488011	-0.000426018730	-0.012064419658	-0.011663831805	0.000227231492	-0.000333266766	-0.007407127558	-0.004539130322
5000.000000000000	24.998070732693	7.887492743580	-1.602568914005	0.003827721205	0.006393282482	1.110825751726	-0.886238067238	0.005222115287	0.003599836085	0.273490876418	-0.492759480713	0.003124915989	0.000777137002	0.058743185815	-0.255058076872	0.002151367928	0.000148219535	0.014415291010	-0.136027573604	0.001490590670	0.000064984992	0.007614663620	-0.084827414175	0.001279376574	0.000043089483	0.001929809148	-0.062301527943	0.001134881665	-0.000091071926	-0.004909590688	-0.047008485000	0.000926910596	-0.000220815515	-0.009440733596	-0.034024802127	0.000782067896	-0.000333243559	-0.012346453787	-0.026528979167	0.000607587045	-0.000396059835	-0.012961247895	-0.018569041502	0.000453733446	-0.000426853209	-0.012070081812	-0.011680196290	0.000236145441	-0.000334557991	-0.007412529126	-0.004546887520
5000.000000000000	24.997074625814	7.904835495389	-1.603808538530	0.003828139377	0.006406544175	1.110812509555	-0.886205074295	0.005223339632	0.003613937789	0.273460315062	-0.492777848340	0.003124311886	0.000771135792	0.058699691051	-0.255067528297	0.002141142358	0.000143935132	0.014345067188	-0.135968478378	0.001487258610	0.000064582251	0.007609700425	-0.084748243364	0.001277751865	0.000041883389	0.001957203525	-0.062247659073	0.001138288150	-0.000086550940	-0.004873041207	-0.046989293117	0.000923949154	-0.000232024942	-0.009396884301	-0.034048335662	0.000779769684	-0.000330350593	-0.012336585687	-0.026550372865	0.000610833548	-0.000393708358	-0.012956822068	-0.018584519940	0.000453310221	-0.000428534630	-0.012074781484	-0.011690723854	0.000236163605	-0.000334982100	-0.007419445135	-0.004548650353
5000.000000000000	24.997085138235	7.924455437504	-1.605024014678	0.003827663491	0.006399168174	1.110787590270	-0.886144388557	0.005224729664	0.003610893861	0.273465202428	-0.492776907261	0.003128258456	0.000776602290	0.058646822966	-0.255037323764	0.002155626759	0.000135969359	0.014326894539	-0.135924763141	0.001487870136	0.000061691290	0.007622673392	-0.084666011914	0.001277304125	0.000041381154	0.002007368998	-0.062196818012	0.001136293954	-0.000087852725	-0.004809524961	-0.046972194040	0.000930573276	-0.000226435404	-0.009353461555	-0.034048412601	0.000787384444	-0.000330039388	-0.012307640984	-0.026565599333	0.000607874509	-0.000396255888	-0.012946229891	-0.018604226238	0.000454473324	-0.000427626362	-0.012071286773	-0.011703632673	0.000236496949	-0.000340783710	-0.007418783078	-0.004555470811
5000.000000000000	24.998509714305	7.954109632456	-1.607244254221	0.003839389414	0.006404705567	1.110803080691	-0.886139103567	0.005222757260	0.003607969510	0.273457247035	-0.492823399592	0.003129315430	0.000778096599	0.058572341712	-0.255051247020	0.002149458176	0.000137671540	0.014261181775	-0.135877217315	0.001484782153	0.000062130812	0.007602419636	-0.084599768706	0.001281181170	0.000042573480	0.002026977477	-0.062148576822	0.001131860638	-0.000087921209	-0.004778368704	-0.046952895568	0.000923714206	-0.000224556246	-0.009329664235	-0.034049132472	0.000786392790	-0.000337880439	-0.012290129824	-0.026581797800	0.000610886281	-0.000393551798	-0.012943276857	-0.018619694839	0.000456025286	-0.000427707870	-0.012077505253	-0.011713137489	0.000237017610	-0.000342272547	-0.007425314054	-0.004558970451
5000.000000000000	25.001083304057	7.975247381217	-1.608519948369	0.003843763993	0.006406072622	1.110883829220	-0.886072913912	0.005221209933	0.003605054691	0.273491004058	-0.492880466027	0.003127327691	0.000784106743	0.058513507479	-0.255063533545	0.002145243805	0.000144383250	0.014210096406	-0.135845946345	0.001483557677	0.000059855938	0.007599376384	-0.084529310278	0.001273462405	0.000040671239	0.002075953742	-0.062095542693	0.001132761162	-0.000087526709	-0.004718195961	-0.046935646921	0.000932297714	-0.000226477086	-0.009286619682	-0.034065551038	0.000782593143	-0.000322972858	-0.012266127805	-0.026606216925	0.000612569757	-0.000395216396	-0.012935583300	-0.018643966942	0.000455572183	-0.000427814090	-0.012078756194	-0.011730017818	0.000229397660	-0.000341032465	-0.007428049989	-0.004566014851
5000.000000000000	24.996411039140	7.984153177809	-1.609194738840	0.003823073706	0.006401441671	1.110757865917	-0.886055261630	0.005230459594	0.003620813863	0.273412863204	-0.492850693886	0.003126075549	0.000772893980	0.058448195872	-0.255003780152	0.002156387461	0.000136238524	0.014178827307	-0.135761652775	0.001480280334	0.000061405565	0.007612128381	-0.084447007564	0.001275992660	0.000044305569	0.002113983688	-0.062036833094	0.001124982528	-0.000088348903	-0.004670722780	-0.046916125996	0.000929758719	-0.000227233460	-0.009248868150	-0.034063405460	0.000787586902	-0.000320103545	-0.012241248404	-0.026618935788	0.000610279309	-0.000396479119	-0.012925362699	-0.018655636640	0.000456622257	-0.000427863195	-0.012076529222	-0.011736044983	0.000235477589	-0.000341133485	-0.007429159650	-0.004567622256
5000.000000000000	24.999114541028	7.992802937247	-1.609662815000	0.003826486972	0.006404173929	1.110783216721	-0.886023289567	0.005231383573	0.003618688323	0.273393873676	-0.492886011151	0.003127380045	0.000775081845	0.058398593333	-0.255030060759	0.002152406677	0.000144301067	0.014111584807	-0.135712222500	0.001486372938	0.000060680698	0.007595290411	-0.084375652445	0.001273791742	0.000044555888	0.002143593740	-0.061984454709	0.001136885544	-0.000084804141	-0.004629003314	-0.046896432626	0.000919954922	-0.000232508176	-0.009224618096	-0.034066215231	0.000785809059	-0.000325926402	-0.012223173675	-0.026635025665	0.000611719750	-0.000391139153	-0.012920846501	-0.018673642347	0.000456296289	-0.000427328961	-0.012080158717	-0.011748894070	0.000231766435	-0.000336708611	-0.007433330010	-0.004571637850
5000.000000000000	25.000045588500	7.996578486236	-1.609894295000	0.003817490553	0.006422024193	1.110802141270	-0.886001826594	0.005232710514	0.003612460741	0.273378932972	-0.492925068044	0.003129948091	0.000774150546	0.058327022698	-0.255030537864	0.002152706434	0.000150122254	0.014054786707	-0.135659352069	0.001481736566	0.000056573666	0.007582589673	-0.084304424566	0.001272761808	0.000041910335	0.002174998476	-0.061928374687	0.001127939820	-0.000082062003	-0.004577315316	-0.046879004363	0.000928623951	-0.000213546629	-0.009177066513	-0.034066082951	0.000785218011	-0.000322453353	-0.012206386657	-0.026652669727	0.000613017019	-0.000391537664	-0.012913576538	-0.018687760662	0.000455182421	-0.000428328905	-0.012080341944	-0.011758660129	0.000229622667	-0.000338559515	-0.007436563684	-0.004576422244
5000.000000000000	24.998240827246	8.016144356578	-1.611366244407	0.003824591865	0.006415962535	1.110735164875	-0.886000907645	0.005220550533	0.003616827990	0.273314938796	-0.492934547682	0.003132605234	0.000774362422	0.058255182995	-0.255011288460	0.002144557925	0.000135519670	0.013999935813	-0.135597919187	0.001484879346	0.000060843317	0.007572611214	-0.084218375178	0.001273417574	0.000046897828	0.002207365472	-0.061867009299	0.001131232347	-0.000082911803	-0.004532391118	-0.046844351420	0.000923030416	-0.000217985388	-0.009153836291	-0.034066669595	0.000783652277	-0.000325033392	-0.012187608513	-0.026667300569	0.000612217691	-0.000391002054	-0.012906417955	-0.018703230207	0.000457198949	-0.000427869269	-0.012083839836	-0.011768573696	0.000236885443	-0.000339012342	-0.007439440504	-0.004577898612
5000.000000000000	24.998036988934	8.035268028590	-1.612616287800	0.003828969977	0.006420912953	1.110747758451	-0.885939294386	0.005240547569	0.003609397890	0.273310845514	-0.492971407567	0.003126937517	0.000775195257	0.058191447935	-0.255009373623	0.002148600272	0.000138484121	0.013943768223	-0.135536855842	0.001484858046	0.000057798510	0.007573973076	-0.084142933180	0.001266404638	0.000043640710	0.002252356928	-0.061816923006	0.001126289368	-0.000086005507	-0.004487962377	-0.046834407477	0.000930183526	-0.000216178546	-0.009094475986	-0.034076772124	0.000782169153	-0.000319628264	-0.012161781913	-0.026685645344	0.000614454168	-0.000391500709	-0.012898683765	-0.018721539249	0.000458396935	-0.000428348332	-0.012081885969	-0.011781442768	0.000232709660	-0.000337401237	-0.007441763274	-0.004583381902
5000.000000000000	24.998196181163	8.057618675336	-1.614233566416	0.003827179907	0.006406650055	1.110809053599	-0.885910252145	0.005236626045	0.003622142027	0.273307495509	-0.493022429812	0.003121897280	0.000774647381	0.058136118621	-0.255045217206	0.002141064842	0.000133013871	0.013882115467	-0.135499637915	0.001480691089	0.000057003723	0.007562372624	-0.084067202050	0.001261278696	0.000043188644	0.002284702196	-0.061753999865	0.001133157828	-0.000080286623	-0.004433474834	-0.046816316874	0.000925543636	-0.000217462851	-0.009070147514	-0.034090001205	0.000787649920	-0.000326143654	-0.012139124731	-0.026707989346	0.000613852241	-0.000392722126	-0.012891163207	-0.018740674817	0.000458977853	-0.000427361013	-0.012083959504	-0.011796310942	0.000235918185	-0.000338525621	-0.007447575600	-0.004588583366
5000.000000000000	25.002488863989	8.075502569946	-1.615173395173	0.003827089609	0.006408583744	1.110880618125	-0.885870828165	0.005221144522	0.003617700964	0.273330186644	-0.493064000065	0.003127871100	0.000776189858	0.058087077123	-0.255064070374	0.002152432022	0.000125777868	0.013823843171	-0.135453276056	0.001476084150	0.000055783028	0.007549402394	-0.083997586467	0.001265649026	0.000038002773	0.002327386694	-0.061694540029	0.001127910936	-0.000078723638	-0.004386753284	-0.046795774627	0.000928259965	-0.000220027872	-0.009024935529	-0.034107398551	0.000789646997	-0.000319842481	-0.012115239479	-0.026730884147	0.000615899647	-0.000389553331	-0.012882531805	-0.018761248443	0.000458955765	-0.000427257405	-0.012084161388	-0.011811609201	0.000232475196	-0.000340664904	-0.007449012728	-0.004593957992
5000.000000000000	25.000254868620	8.083209266681	-1.615979982349	0.003843544211	0.006414622669	1.110709557287	-0.885924702378	0.005240452431	0.003619038782	0.273198775829	-0.493091721278	0.003119488396	0.000773466321	0.057962323273	-0.255021695171	0.002159594675	0.000122152041	0.013749361462	-0.135375299080	0.001476993093	0.000054822764	0.007529591032	-0.083905864359	0.001260159156	0.000044870929	0.002349685229	-0.061635239667	0.001125584883	-0.000073304070	-0.004349208816	-0.046762762433	0.000922437338	-0.000214057981	-0.008999023130	-0.034076347860	0.000784108854	-0.000322094341	-0.012098592966	-0.026734689919	0.000617419324	-0.000392175714	-0.012880704726	-0.018767999879	0.000459123784	-0.000427872485	-0.012086561771	-0.011812697612	0.000237386905	-0.000340216585	-0.007452598965	-0.004594940948
5000.000000000000	25.000343582222	8.095711750558	-1.616639422318	0.003849255763	0.006422692467	1.110651697869	-0.885893356617	0.005240504467	0.003600858543	0.273149616855	-0.493086266511	0.003128340143	0.000772758897	0.057893427323	-0.254987079419	0.002147907859	0.000124277563	0.013713477459	-0.135301849636	0.001473794116	0.000056358298	0.007534313326	-0.083819295798	0.001262883199	0.000040492952	0.002390378175	-0.061570833459	0.001126977447	-0.000072131960	-0.004290384335	-0.046741920351	0.000929314550	-0.000215878781	-0.008969417378	-0.034099738078	0.000789484413	-0.000321793723	-0.012077014872	-0.026747676160	0.000616445338	-0.000391084850	-0.012868997655	-0.018784835269	0.000458452358	-0.000427540261	-0.012083642558	-0.011822182784	0.000230215540	-0.000340085254	-0.007452669875	-0.004596587507
5000.000000000000	24.997734863130	8.106450908899	-1.617493008117	0.003833643679	0.006420997764	1.110599110490	-0.885852927985	0.005231619595	0.003614280175	0.273087400662	-0.493093315509	0.003131080624	0.000774757053	0.057823243702	-0.254971088369	0.002143050520	0.000127730472	0.013643258717	-0.135232628247	0.001474021309	0.000054509623	0.007532524505	-0.083731797927	0.001259963965	0.000043430787	0.002427196184	-0.061509216636	0.001122998666	-0.000072728811	-0.004247387382	-0.046709775150	0.000925493360	-0.000219200195	-0.008920295846	-0.034097646735	0.000791801436	-0.000312033846	-0.012049335036	-0.026765261968	0.000615366596	-0.000392165446	-0.012858582582	-0.018797447803	0.000458919851	-0.000428538454	-0.012082916000	-0.011832901313	0.000239741897	-0.000335934255	-0.007454462657	-0.004602055036
5000.000000000000	24.997712837520	8.121861746315	-1.618584273471	0.003843219577	0.006425061396	1.110549929605	-0.885884404856	0.005239648525	0.003602666757	0.273012521201	-0.493112771012	0.003132061696	0.000761890375	0.057728047036	-0.254964092857	0.002154859840	0.000122862141	0.013589363212	-0.135160476570	0.001471512145	0.000050531395	0.007520276790	-0.083645988590	0.001261335905	0.000049412758	0.002465705258	-0.061445448522	0.001123606802	-0.000074738501	-0.004198568715	-0.046690974292	0.000933022924	-0.000219560939	-0.008877847967	-0.034096448953	0.000794337664	-0.000318300061	-0.012025563185	-0.026776296482	0.000616514746	-0.000389596157	-0.012850833738	-0.018813217925	0.000460799440	-0.000427128094	-0.012083900069	-0.011843076332	0.000238183684	-0.000346649835	-0.007456231866	-0.004603434793
5000.000000000000	24.996004327406	8.137432502607	-1.619807060049	0.003853765916	0.006412170129	1.110463174105	-0.885886114095	0.005222376453	0.003604240626	0.272938465518	-0.493159170669	0.003139250527	0.000777903557	0.057630079741	-0.254940366286	0.002141099849	0.000121427679	0.013514330572	-0.135088613186	0.001472008924	0.000059223427	0.007505345587	-0.083559208872	0.001256945118	0.000049361646	0.002488085096	-0.061380155207	0.001122741110	-0.000077953271	-0.004156910952	-0.046657781875	0.000926438416	-0.000209496645	-0.008863715138	-0.034100101330	0.000792972046	-0.000313628256	-0.012006350504	-0.026789178068	0.000618205320	-0.000389094569	-0.012845208322	-0.018825399568	0.000461279553	-0.000427822592	-0.012084829724	-0.011850784451	0.000240648980	-0.000337866134	-0.007460350823	-0.004605720513
5000.000000000000	24.997262956818	8.150515847944	-1.620469323287	0.003866058652	0.006414919737	1.110514826742	-0.885796783569	0.005232661948	0.003621003905	0.272959675297	-0.493168342180	0.003138019832	0.000764955879	0.057593823021	-0.254946934999	0.002144735518	0.000139556317	0.013462352463	-0.135043353199	0.001471576757	0.000050363510	0.007505635332	-0.083478320964	0.001260464458	0.000041843601	0.002534760301	-0.061317823990	0.001122708429	-0.000064825816	-0.004096769412	-0.046640763716	0.000932070277	-0.000216287899	-0.008801820887	-0.034103899210	0.000786115257	-0.000322902292	-0.011975844664	-0.026811725469	0.000618047913	-0.000388693192	-0.012830392714	-0.018848647194	0.000460666327	-0.000426869728	-0.012081734677	-0.011868748339	0.000229990969	-0.000341510099	-0.007460920827	-0.004613235734
5000.000000000000	25.000289888678	8.159915414553	-1.621045820507	0.003842121526	0.006408152758	1.110567331843	-0.885798433038	0.005247904060	0.003610265032	0.272945484972	-0.493232323699	0.003132128273	0.000770325783	0.057514681886	-0.254964739497	0.002158905096	0.000126572685	0.013396117188	-0.134982927804	0.001464832472	0.000051362369	0.007490529119	-0.083395238074	0.001255410252	0.000047954780	0.002571386398	-0.061257154178	0.001115697855	-0.000064380049	-0.004040336501	-0.046613163151	0.000922643096	-0.000212405110	-0.008751395953	-0.034115732861	0.000791437640	-0.000319914368	-0.011951905219	-0.026831077229	0.000619719441	-0.000386788190	-0.012821456326	-0.018864372431	0.000461060840	-0.000427746168	-0.012081352555	-0.011881387122	0.000231805578	-0.000340175510	-0.007465234676	-0.004619149620
5000.000000000000	24.996309454546	8.174347440379	-1.622195656621	0.003845651642	0.006431093203	1.110389613729	-0.885837725266	0.005225274866	0.003611513463	0.272797716896	-0.493221773152	0.003130878902	0.000768874029	0.057406655824	-0.254917664922	0.002142649630	0.000120991481	0.013333551437	-0.134893144366	0.001466925500	0.000056300951	0.007478966721	-0.083299962477	0.001250796075	0.000045862414	0.002601844275	-0.061181168646	0.001119741119	-0.000070399711	-0.003999459240	-0.046584973350	0.000929464422	-0.000214661359	-0.008736933456	-0.034110126199	0.000793552831	-0.000312380154	-0.011932386098	-0.026837663461	0.000617881132	-0.000389838613	-0.012812793636	-0.018874597946	0.000461141281	-0.000427712731	-0.012080751463	-0.011886327791	0.000231429769	-0.000340745892	-0.007466173477	-0.004618746634
5000.000000000000	24.997343594100	8.192425171911	-1.623531160410	0.003838769718	0.006422380001	1.110454931953	-0.885841182346	0.005236745570	0.003603629603	0.272789484031	-0.493289163540	0.003135912202	0.000768840892	0.057333014874	-0.254949941865	0.002139574898	0.000134189303	0.013258160947	-0.134845458984	0.001463934690	0.000049523078	0.007455873286	-0.083219636264	0.001252083667	0.000044948134	0.002635240602	-0.061119903193	0.001115152017	-0.000073339264	-0.003948650494	-0.046555409909	0.000922665867	-0.000210979613	-0.008689370972	-0.034107596460	0.000788372747	-0.000317642992	-0.011908451556	-0.026860540532	0.000620855637	-0.000390831965	-0.012808315396	-0.018891514672	0.000461250008	-0.000427630081	-0.012082282792	-0.011896758318	0.000240308786	-0.000339569891	-0.007468467381	-0.004623527672
5000.000000000000	25.000584083386	8.201549539114	-1.624112858635	0.003841730113	0.006427274486	1.110393880703	-0.885888370340	0.005244163031	0.003603218778	0.272698362153	-0.493337121068	0.003146064700	0.000760350861	0.057232406147	-0.254942202492	0.002146245406	0.000142870622	0.013178752447	-0.134772436500	0.001465190561	0.000058021447	0.007435621533	-0.083137507546	0.001250647482	0.000044503184	0.002667518273	-0.061052419912	0.001113697862	-0.000069276566	-0.003908902149	-0.046532873626	0.000917841921	-0.000210150192	-0.008674923736	-0.034121912984	0.000789977626	-0.000323480398	-0.011889724067	-0.026872555019	0.000616713096	-0.000387081651	-0.012803075112	-0.018904154838	0.000462930680	-0.000427712782	-0.012085060697	-0.011905595121	0.000231595525	-0.000342400980	-0.007471783749	-0.004624905812
5000.000000000000	24.994960427089	8.217583671194	-1.625314912615	0.003844569327	0.006430288314	1.110154514425	-0.885888428188	0.005230499396	0.003608792425	0.272552558492	-0.493303442857	0.003130417793	0.000760893608	0.057116086663	-0.254855937368	0.002144095008	0.000126082649	0.013119118136	-0.134660050703	0.001466624413	0.000054149328	0.007434392566	-0.083023863102	0.001245570639	0.000047721606	0.002701855601	-0.060982967938	0.001110472332	-0.000066562100	-0.003854510823	-0.046495057313	0.000925091453	-0.000202455513	-0.008621717536	-0.034090355551	0.000794330960	-0.000310557437	-0.011861866171	-0.026875574917	0.000620580094	-0.000387897786	-0.012792763402	-0.018909449828	0.000463097031	-0.000427777584	-0.012081667776	-0.011908361982	0.000235769787	-0.000345108690	-0.007469826510	-0.004624003601
5000.000000000000	24.998326889638	8.225156201276	-1.625635600848	0.003848395527	0.006412054955	1.110260816697	-0.885875037793	0.005232962106	0.003601945644	0.272556398016	-0.493351756167	0.003131365661	0.000767713705	0.057055003340	-0.254891486611	0.002142425228	0.000122352608	0.013047644102	-0.134618658313	0.001464181013	0.000056070012	0.007423051252	-0.082943256485	0.001245893880	0.000052295030	0.002746106898	-0.060915254532	0.001114044892	-0.000062507910	-0.003801842061	-0.046471898681	0.000926855990	-0.000203315539	-0.008584046374	-0.034115346477	0.000798469330	-0.000316127370	-0.011835079329	-0.026898046168	0.000623372982	-0.000388327133	-0.012777322454	-0.018932818703	0.000461847362	-0.000427166278	-0.012079118353	-0.011926157553	0.000232659317	-0.000340082375	-0.007474386349	-0.004631806266
5000.000000000000	25.000957070818	8.239811120247	-1.626780660627	0.003847970168	0.006441549930	1.110305763502	-0.885912592671	0.005232324692	0.003608497284	0.272552326822	-0.493465249536	0.003136131428	0.000756424727	0.056959428196	-0.254930035827	0.002141857120	0.000105579274	0.012956325472	-0.134570511145	0.001460769228	0.000050318657	0.007391494675	-0.082852957667	0.001249855787	0.000048701936	0.002769288577	-0.060852281869	0.001118751039	-0.000069718732	-0.003748581559	-0.046449909838	0.000921247679	-0.000199855280	-0.008540822423	-0.034124671407	0.000788392842	-0.000309377817	-0.011814766382	-0.026916618806	0.000621507434	-0.000385551136	-0.012774286799	-0.018951238191	0.000464581761	-0.000427802603	-0.012083277407	-0.011936894520	0.000240912149	-0.000337971262	-0.007478956482	-0.004637810226
5000.000000000000	25.000412165980	8.250002858894	-1.627491113536	0.003864746396	0.006432412701	1.110196256675	-0.885914271970	0.005255249240	0.003614552372	0.272439178324	-0.493471485543	0.003140930937	0.000759046401	0.056847853163	-0.254890712503	0.002144673027	0.000125668229	0.012884094389	-0.134491746567	0.001464982570	0.000048973656	0.007383407919	-0.082765790412	0.001245492457	0.000044648524	0.002798870942	-0.060775796886	0.001115727791	-0.000062565020	-0.003705699982	-0.046417985997	0.000923750987	-0.000204172518	-0.008496736202	-0.034114649587	0.000788297836	-0.000305599109	-0.011791482962	-0.026925962292	0.000620201460	-0.000386462826	-0.012765248603	-0.018965467268	0.000464440329	-0.000426762159	-0.012082165921	-0.011945154728	0.000240427867	-0.000339284138	-0.007480322159	-0.004638292860
5000.000000000000	24.999895304705	8.265574514641	-1.628716520057	0.003851566025	0.006446168794	1.110213886780	-0.885955634904	0.005249917837	0.003607204641	0.272395521745	-0.493547580856	0.003136171152	0.000762881443	0.056744095018	-0.254927155313	0.002142605158	0.000120109657	0.012797159313	-0.134435894791	0.001457226204	0.000042661490	0.007352948808	-0.082678410683	0.001244590074	0.000049159445	0.002834507174	-0.060711174071	0.001114339444	-0.000063382998	-0.003662853871	-0.046390379180	0.000925375959	-0.000204718651	-0.008458117457	-0.034125395660	0.000788659132	-0.000306378081	-0.011770423603	-0.026944362671	0.000621000415	-0.000385086145	-0.012758042241	-0.018982267053	0.000466115927	-0.000427537534	-0.012085251997	-0.011957836128	0.000239803227	-0.000341557871	-0.007484402426	-0.004642760469
5000.000000000000	24.997756394722	8.273415345845	-1.629277560122	0.003868264201	0.006417030069	1.110053385688	-0.885991471794	0.005232029248	0.003619241778	0.272264140824	-0.493544082203	0.003144148937	0.000765498587	0.056638893174	-0.254874926693	0.002137102564	0.000108794983	0.012729872890	-0.134334374644	0.001456610051	0.000050145345	0.007351590862	-0.082571130151	0.001236327136	0.000046526707	0.002868692933	-0.060635978781	0.001110892588	-0.000067582838	-0.003607638799	-0.046351144862	0.000923028799	-0.000204489330	-0.008432408636	-0.034123677456	0.000788093128	-0.000314849737	-0.011742729793	-0.026950896946	0.000623316753	-0.000384920146	-0.012745258914	-0.018992049948	0.000466208398	-0.000426297665	-0.012080761799	-0.011964012381	0.000238539765	-0.000341749684	-0.007484571204	-0.004644441227
5000.000000000000	24.995535966016	8.268668674571	-1.629018531920	0.003871218334	0.006415873255	1.109885254014	-0.886036240254	0.005238139968	0.003611720714	0.272127206186	-0.493557011803	0.003145380444	0.000766115330	0.056508515824	-0.254819147383	0.002152124316	0.000120993009	0.012649076632	-0.134236057345	0.001459705314	0.000050225638	0.007331034670	-0.082469508453	0.001240645652	0.000045141616	0.002897128773	-0.060566300920	0.001110356711	-0.000060189478	-0.003563036913	-0.046317633577	0.000917672710	-0.000200273014	-0.008405748086	-0.034110591778	0.000791129782	-0.000314556666	-0.011722926586	-0.026961312771	0.000622792054	-0.000384142848	-0.012740368595	-0.019002376152	0.000466209891	-0.000426548248	-0.012083082425	-0.011965986269	0.000239515055	-0.000340361696	-0.007485741070	-0.004642967691
5000.000000000000	24.996117692264	8.281773855392	-1.629878247375	0.003868168486	0.006416466177	1.109829294105	-0.886047964510	0.005251177132	0.003615260918	0.272038376528	-0.493592991020	0.003139607158	0.000756245711	0.056408053571	-0.254816529408	0.002139426902	0.000114537831	0.012571661732	-0.134163261940	0.001449256234	0.000048280742	0.007313746118	-0.082375634503	0.001237114958	0.000050101752	0.002939251105	-0.060490016399	0.001107949010	-0.000055202978	-0.003509141376	-0.046293360660	0.000927259205	-0.000196730688	-0.008349058892	-0.034122621512	0.000790922350	-0.000305969906	-0.011693295078	-0.026978871984	0.000624377241	-0.000383608817	-0.012727883209	-0.019017257989	0.000467135870	-0.000426986648	-0.012082161583	-0.011978777447	0.000234759088	-0.000341027634	-0.007488333975	-0.004646876018
5000.000000000000	24.995733071657	8.284376240381	-1.630076392785	0.003863530340	0.006433544444	1.109816913776	-0.886069294168	0.005246719171	0.003612766582	0.271985285772	-0.493645654652	0.003140451275	0.000766643132	0.056318799903	-0.254810513376	0.002140975844	0.000123406281	0.012492814913	-0.134093429949	0.001456404738	0.000045646457	0.007299534981	-0.082280770221	0.001237349950	0.000045400668	0.002971580699	-0.060414639850	0.001107371223	-0.000062136609	-0.003456652373	-0.046261152737	0.000931174365	-0.000190890029	-0.008303102498	-0.034113334425	0.000793422591	-0.000305620178	-0.011668341602	-0.026995026341	0.000625530930	-0.000384876314	-0.012719257360	-0.019034581596	0.000466610258	-0.000425747880	-0.012080356689	-0.011989886131	0.000240352712	-0.000337404401	-0.007488662901	-0.004650453633
