5000.000000000000	5.000723495162	3.533066322567	-1.767132169695	0.012352941765	0.007354071145	0.152215673941	-0.396364024340	0.004837711579	0.000245518385	0.010606526000	-0.067890128073	0.001004832920	0.000449467958	0.012154427147	-0.017138915990	0.000616911928	0.000674106635	0.009125749262	-0.009476605922	0.000535522864	0.000478491567	0.004496756551	-0.006566452561	0.000458755038	0.000224781680	0.001438420439	-0.003987836531	0.000272703309	0.000061333347	0.000291330710	-0.001944565239	0.000135369130	0.000023302441	0.000136207899	-0.000903964157	0.000078397183	0.000021712930	0.000132518525	-0.000592146287	0.000069140777	0.000013547534	0.000030000465	-0.000426947611	0.000054419850	-0.000002266308	-0.000066114794	-0.000256302967	0.000032784249	-0.000012444443	-0.000058787760	-0.000080884604
5000.000000000000	5.000168544986	3.533321477110	-1.767931391797	0.012357462019	0.007336480237	0.152001613318	-0.396404493658	0.004824616074	0.000260739239	0.010556098878	-0.067871001684	0.001001875711	0.000449968285	0.012157627877	-0.017121135363	0.000599278936	0.000652108645	0.009125857777	-0.009484153953	0.000545659706	0.000478087794	0.004487394387	-0.006575798645	0.000453451196	0.000222337344	0.001445892721	-0.003984137677	0.000280404570	0.000055447441	0.000288647626	-0.001950696645	0.000138244361	0.000023782433	0.000128608408	-0.000902614282	0.000077382278	0.000025110447	0.000133215121	-0.000594133221	0.000066737311	0.000016086013	0.000030082631	-0.000427135155	0.000052615989	-0.000003229048	-0.000066536366	-0.000255787868	0.000025518796	-0.000008456188	-0.000058349915	-0.000083033241
5000.000000000000	5.000805827599	3.534853561733	-1.768387001014	0.012357915254	0.007324946099	0.151922536508	-0.396439386612	0.004827286185	0.000241476416	0.010551300174	-0.067874628972	0.001003858972	0.000449732510	0.012149651510	-0.017136042798	0.000610121443	0.000660982193	0.009123045392	-0.009494669962	0.000533155997	0.000479643271	0.004487695996	-0.006579867070	0.000455960929	0.000223027304	0.001440247261	-0.003980743648	0.000276111642	0.000058141643	0.000291447166	-0.001950388529	0.000142420138	0.000015865595	0.000135958732	-0.000896652763	0.000078325502	0.000020168391	0.000130400457	-0.000593133587	0.000065005447	0.000010691301	0.000031053344	-0.000427710060	0.000054792700	-0.000003273388	-0.000065804796	-0.000255318610	0.000033851156	-0.000016940980	-0.000060123711	-0.000081018018
5000.000000000000	4.999302261729	3.534552405244	-1.768275867141	0.012352602972	0.007326116266	0.151875679125	-0.396288457299	0.004831382526	0.000242952992	0.010584260365	-0.067815139426	0.000999060428	0.000450799231	0.012164062567	-0.017129135972	0.000584354160	0.000670345108	0.009131400682	-0.009490520057	0.000532056042	0.000476224334	0.004489098128	-0.006583962191	0.000452546956	0.000219937604	0.001440985586	-0.003977457081	0.000281697285	0.000048969856	0.000299924136	-0.001950928340	0.000132053445	0.000015304752	0.000136253880	-0.000915897174	0.000078602267	0.000017263717	0.000133206803	-0.000592167220	0.000065775954	0.000010803292	0.000029912545	-0.000426773042	0.000055047068	-0.000001967386	-0.000066320135	-0.000255468161	0.000028173622	-0.000010462610	-0.000059854088	-0.000080840546
5000.000000000000	5.000433176290	3.532193722120	-1.768282132723	0.012360348168	0.007325671095	0.151867816976	-0.396372466927	0.004839526876	0.000255780919	0.010563071369	-0.067839743097	0.000994852483	0.000457905513	0.012159112113	-0.017137590074	0.000618706621	0.000657141115	0.009129300797	-0.009489127941	0.000541842912	0.000472855612	0.004490457400	-0.006583793313	0.000459164898	0.000222263320	0.001436228824	-0.003987894935	0.000274726720	0.000046286372	0.000291468110	-0.001951315058	0.000131175422	0.000026589864	0.000134359175	-0.000907625887	0.000079841819	0.000021023190	0.000129226951	-0.000595995907	0.000066081749	0.000013908236	0.000028363582	-0.000426518977	0.000054118567	-0.000005482013	-0.000066239822	-0.000254122927	0.000029596484	-0.000018856354	-0.000060357194	-0.000081667488
5000.000000000000	4.999772259675	3.531123881717	-1.768117558825	0.012355778649	0.007335713590	0.151808712021	-0.396262928472	0.004827962739	0.000237772364	0.010565320157	-0.067804590548	0.001007869979	0.000453703309	0.012163321735	-0.017127910408	0.000597382820	0.000667716033	0.009128936958	-0.009485661447	0.000535142287	0.000472705269	0.004490159088	-0.006578651521	0.000458766649	0.000223629794	0.001441714542	-0.003985328698	0.000281992916	0.000053188053	0.000290804537	-0.001954048072	0.000132397487	0.000027692378	0.000141661218	-0.000891731895	0.000079470981	0.000023181326	0.000134119932	-0.000590936037	0.000067323135	0.000014823912	0.000029278212	-0.000427801855	0.000054116460	-0.000003600010	-0.000066544909	-0.000255482371	0.000024046036	-0.000014910002	-0.000059549390	-0.000081762095
5000.000000000000	4.999407761949	3.531974015705	-1.768328448653	0.012375152112	0.007331768283	0.151757636345	-0.396280494804	0.004830515108	0.000252356848	0.010567900922	-0.067814789060	0.000995274855	0.000447722925	0.012170275095	-0.017128175142	0.000588362135	0.000656333576	0.009129273975	-0.009487525477	0.000534612688	0.000478925876	0.004480282402	-0.006578028634	0.000452614435	0.000222039846	0.001438116239	-0.003986106907	0.000278120134	0.000050461181	0.000295445198	-0.001952783339	0.000134099226	0.000028040912	0.000125785101	-0.000900325241	0.000080943545	0.000020216925	0.000133749788	-0.000593549653	0.000066628623	0.000014972943	0.000029901300	-0.000428019549	0.000054008595	-0.000002846653	-0.000067138592	-0.000255720603	0.000032232317	-0.000013371277	-0.000059234530	-0.000081521594
5000.000000000000	5.000751501273	3.533456833478	-1.768335929737	0.012360354092	0.007317935952	0.151814888301	-0.396322536028	0.004826661710	0.000255095429	0.010581319697	-0.067824841508	0.000997752339	0.000457881480	0.012166806145	-0.017131815805	0.000604500303	0.000669000230	0.009122375229	-0.009495747817	0.000538342850	0.000480579387	0.004490337131	-0.006578744940	0.000453493535	0.000226054092	0.001441777660	-0.003980764597	0.000278200522	0.000053360271	0.000297382272	-0.001954814661	0.000137742554	0.000017380726	0.000137594939	-0.000915880701	0.000080316474	0.000023370805	0.000134264874	-0.000591301819	0.000067341523	0.000010720515	0.000030999747	-0.000428685307	0.000053035576	-0.000003995793	-0.000066321911	-0.000254749534	0.000023595160	-0.000018743698	-0.000058822185	-0.000082058586
5000.000000000000	4.998757980189	3.532436819243	-1.768336771526	0.012363760795	0.007326731794	0.151725828528	-0.396222135466	0.004841967162	0.000248676755	0.010570190519	-0.067788452909	0.000996019807	0.000448053326	0.012170101921	-0.017119333599	0.000598115026	0.000655437310	0.009130546167	-0.009486078151	0.000536759420	0.000475374199	0.004489237384	-0.006580623433	0.000453248929	0.000219614359	0.001439715916	-0.003979176270	0.000279704092	0.000049579273	0.000292263707	-0.001947421517	0.000141738084	0.000025787821	0.000140024364	-0.000901080736	0.000077599815	0.000021177581	0.000131689258	-0.000592145848	0.000066529392	0.000015282538	0.000029890675	-0.000428303734	0.000054714714	-0.000004084456	-0.000066907163	-0.000254144035	0.000021285643	-0.000016310982	-0.000059259717	-0.000080310792
5000.000000000000	5.000353741753	3.532118935118	-1.768372223726	0.012366240093	0.007327135230	0.151784122094	-0.396360551222	0.004821748688	0.000255512542	0.010556352852	-0.067832367104	0.001006413649	0.000454060783	0.012167433814	-0.017135224589	0.000591096507	0.000668590799	0.009129353749	-0.009496626524	0.000529590225	0.000477406258	0.004486629862	-0.006582217409	0.000454827975	0.000222715929	0.001441868503	-0.003985748145	0.000279160326	0.000053501517	0.000291971872	-0.001951147633	0.000138639895	0.000020538752	0.000133714672	-0.000916537442	0.000086561905	0.000022160519	0.000134487379	-0.000592246215	0.000064632978	0.000012701398	0.000029534321	-0.000428447017	0.000053962025	-0.000003039678	-0.000066044258	-0.000255943107	0.000020043622	-0.000014532528	-0.000058660559	-0.000081394486
5000.000000000000	5.000717598789	3.534528962379	-1.768498540477	0.012366094384	0.007317843918	0.151786603665	-0.396335502986	0.004833430150	0.000261733015	0.010572918299	-0.067839520327	0.001002950439	0.000448301346	0.012168844269	-0.017136889651	0.000589540659	0.000666188235	0.009126462748	-0.009495238475	0.000536390912	0.000474183092	0.004492475201	-0.006582125466	0.000458172616	0.000221600721	0.001443820722	-0.003985781847	0.000279836103	0.000052876219	0.000287874983	-0.001953274638	0.000134743498	0.000027049688	0.000128206280	-0.000902624273	0.000081813976	0.000023413716	0.000134479457	-0.000596237035	0.000068687969	0.000011767557	0.000030613713	-0.000426376819	0.000054658575	-0.000003154417	-0.000065434208	-0.000255108734	0.000034611480	-0.000016720089	-0.000059040325	-0.000081846233
5000.000000000000	4.999134952054	3.533967315944	-1.768542758328	0.012360922791	0.007328534541	0.151708099258	-0.396251597478	0.004830155121	0.000251513571	0.010564170621	-0.067797629827	0.000988152987	0.000447475338	0.012169055588	-0.017127144043	0.000605321596	0.000667021705	0.009141455635	-0.009495284648	0.000536682126	0.000474267429	0.004487520286	-0.006578813037	0.000458444868	0.000226333598	0.001440332352	-0.003982401309	0.000277086353	0.000054530570	0.000298662794	-0.001951254928	0.000132201796	0.000024269410	0.000133415057	-0.000905444685	0.000077666629	0.000019406969	0.000132451512	-0.000592711964	0.000067336986	0.000010872156	0.000030125928	-0.000427507408	0.000054235665	-0.000002229971	-0.000065909516	-0.000254706222	0.000020095592	-0.000012296063	-0.000059425679	-0.000081308690
5000.000000000000	5.001059369711	3.533495426051	-1.768483822090	0.012358927370	0.007328564017	0.151799609419	-0.396386937238	0.004845115486	0.000238872413	0.010574603720	-0.067847218896	0.001008112185	0.000463627666	0.012155989548	-0.017132641935	0.000610709447	0.000659942133	0.009125905579	-0.009499308631	0.000534010780	0.000479883165	0.004491354006	-0.006585150626	0.000455690352	0.000226066869	0.001444089898	-0.003987328339	0.000275688755	0.000053767470	0.000287765834	-0.001953243455	0.000139409494	0.000026818655	0.000129643735	-0.000908850658	0.000076557905	0.000019597284	0.000133674159	-0.000593829082	0.000068429251	0.000012811236	0.000029867170	-0.000428606984	0.000053969927	-0.000003855166	-0.000066899309	-0.000256189135	0.000036097957	-0.000020985814	-0.000059086354	-0.000082084022
5000.000000000000	5.000431921261	3.532644313278	-1.768203338469	0.012365090235	0.007334720723	0.151816696662	-0.396298394605	0.004840333061	0.000256295824	0.010579525852	-0.067830068446	0.001004352159	0.000451111998	0.012176014564	-0.017134633208	0.000587713477	0.000654581024	0.009127264775	-0.009482847290	0.000534476307	0.000478515451	0.004489572527	-0.006576600634	0.000455132868	0.000224324770	0.001441628402	-0.003984970158	0.000275108686	0.000052794643	0.000292590354	-0.001955402386	0.000140043337	0.000015011094	0.000132567185	-0.000905357913	0.000082169936	0.000024139200	0.000135613024	-0.000593283730	0.000066740830	0.000012096921	0.000030563250	-0.000428815221	0.000054363720	-0.000003226195	-0.000068160586	-0.000256201127	0.000033673224	-0.000023019345	-0.000058767277	-0.000081146360
5000.000000000000	5.000182726362	3.531178817622	-1.768136701482	0.012348547919	0.007344480869	0.151796059478	-0.396274206553	0.004822043467	0.000258518771	0.010581159010	-0.067809514980	0.001002607354	0.000460593780	0.012181759276	-0.017127274068	0.000592018105	0.000667840377	0.009135250622	-0.009490931685	0.000535171166	0.000474376822	0.004496829152	-0.006575974074	0.000454799604	0.000220805047	0.001443587087	-0.003982906158	0.000271997929	0.000046009926	0.000294653741	-0.001951285797	0.000137895614	0.000016062776	0.000135314195	-0.000906882836	0.000081172322	0.000023858015	0.000133892704	-0.000590944459	0.000069071565	0.000009423838	0.000029489385	-0.000429046861	0.000054688078	-0.000003277757	-0.000066204864	-0.000255921385	0.000018286230	-0.000020050223	-0.000058420710	-0.000081656569
5000.000000000000	5.000473170242	3.531704913841	-1.768255810792	0.012378229675	0.007338285617	0.151794005168	-0.396290753242	0.004835367683	0.000250164328	0.010579703373	-0.067810504139	0.000992272900	0.000451209022	0.012167062171	-0.017137769373	0.000610905331	0.000668788000	0.009137898558	-0.009489538282	0.000537611572	0.000473430742	0.004491014586	-0.006580340306	0.000458070177	0.000222279708	0.001443885553	-0.003980672160	0.000284083461	0.000048336926	0.000298134593	-0.001954413024	0.000130791340	0.000025603783	0.000122612116	-0.000907778764	0.000078595361	0.000017720739	0.000135695712	-0.000592599557	0.000065813455	0.000013914630	0.000029577945	-0.000426923052	0.000053262337	-0.000003501235	-0.000066849902	-0.000253952347	0.000031368015	-0.000024865296	-0.000058394016	-0.000082081641
5000.000000000000	5.000062391628	3.536646712989	-1.768646502361	0.012368231380	0.007326415380	0.151778670536	-0.396299271655	0.004822031130	0.000259429649	0.010567125798	-0.067814548281	0.000997314954	0.000449468985	0.012178604624	-0.017124978439	0.000609930794	0.000669889315	0.009129255966	-0.009491908946	0.000535039367	0.000478487434	0.004486030365	-0.006584556793	0.000453400803	0.000219086062	0.001443224120	-0.003981290082	0.000281749113	0.000056204810	0.000298032687	-0.001953957116	0.000133292092	0.000027969620	0.000134218238	-0.000908414039	0.000076028742	0.000022130889	0.000135024273	-0.000592503788	0.000066178613	0.000014587673	0.000030338781	-0.000427138907	0.000055523063	-0.000003270664	-0.000066176158	-0.000255196246	0.000020523252	-0.000020692183	-0.000059138215	-0.000082004145
5000.000000000000	4.999513173818	3.533669198416	-1.768467710852	0.012382717904	0.007333683443	0.151768154399	-0.396296413550	0.004822382355	0.000264198795	0.010568474523	-0.067818286682	0.001010840956	0.000456967585	0.012166454727	-0.017135111593	0.000607931254	0.000668215654	0.009128306741	-0.009492726554	0.000534507571	0.000480121774	0.004488277806	-0.006579946003	0.000455487419	0.000217259601	0.001437477111	-0.003979999263	0.000275864643	0.000054428717	0.000298756832	-0.001951591363	0.000134606246	0.000020047423	0.000138535963	-0.000899707940	0.000078827146	0.000021624586	0.000132446753	-0.000593409848	0.000066496535	0.000011768171	0.000030016030	-0.000427937955	0.000054149169	-0.000003245667	-0.000065096315	-0.000254893098	0.000033886903	-0.000022211697	-0.000059932946	-0.000082063193
5000.000000000000	5.000695368521	3.534035606064	-1.768529492167	0.012365563480	0.007335518101	0.151835326611	-0.396393591298	0.004833719302	0.000254089379	0.010563997592	-0.067844846050	0.001004400459	0.000459055182	0.012172018017	-0.017142511561	0.000602843524	0.000653749964	0.009135926426	-0.009497038385	0.000531156792	0.000477439024	0.004497293593	-0.006587351696	0.000456771658	0.000226549081	0.001441058572	-0.003988522321	0.000282823189	0.000052522335	0.000297183434	-0.001956439891	0.000132706592	0.000016625785	0.000140319012	-0.000904511398	0.000079125203	0.000025817188	0.000132980854	-0.000593739413	0.000065886015	0.000011786304	0.000029983006	-0.000426374346	0.000054917534	-0.000004534549	-0.000065645175	-0.000255608189	0.000033589982	-0.000010026984	-0.000060161153	-0.000081792494
5000.000000000000	5.000331401065	3.532240002577	-1.768366403594	0.012350442770	0.007328475541	0.151791005274	-0.396352553529	0.004823464635	0.000248792485	0.010561613921	-0.067835890830	0.000996877542	0.000445726518	0.012175407250	-0.017142610641	0.000612753329	0.000661566563	0.009126393453	-0.009494354325	0.000533805008	0.000479083810	0.004486672897	-0.006587755548	0.000452013747	0.000223692909	0.001441088268	-0.003983617508	0.000277917393	0.000052606341	0.000299618156	-0.001953343864	0.000133652873	0.000024967361	0.000132568143	-0.000902348643	0.000074216993	0.000024734504	0.000132758835	-0.000595171160	0.000065837866	0.000014495008	0.000028880820	-0.000426525814	0.000053979304	-0.000003291167	-0.000066685981	-0.000255462815	0.000026151527	-0.000008479800	-0.000059093262	-0.000080763720
5000.000000000000	5.000246825431	3.531739250365	-1.768123149470	0.012351917441	0.007322331140	0.151874920781	-0.396342940167	0.004836289705	0.000244528547	0.010585777037	-0.067833494301	0.000998808820	0.000453551458	0.012167803691	-0.017133134986	0.000612717625	0.000679771047	0.009136337525	-0.009483994724	0.000533364037	0.000477707432	0.004489882949	-0.006584220606	0.000457208174	0.000231429657	0.001450551629	-0.003988566878	0.000275229202	0.000049288707	0.000295334388	-0.001955220328	0.000130042587	0.000023829504	0.000153018547	-0.000903528894	0.000079148248	0.000022601210	0.000135473445	-0.000593451868	0.000068280206	0.000012998102	0.000028913539	-0.000427230733	0.000054399106	-0.000003460518	-0.000065578421	-0.000254509051	0.000027688095	-0.000021664346	-0.000059265643	-0.000081966107
5000.000000000000	5.000162110069	3.530605611906	-1.768188896269	0.012366606721	0.007345359786	0.151811938940	-0.396340866647	0.004841351549	0.000255946885	0.010572643563	-0.067826250479	0.001002172302	0.000451546387	0.012175224880	-0.017144248326	0.000609065586	0.000661937237	0.009130836542	-0.009488449936	0.000536771758	0.000474727112	0.004485007840	-0.006588094164	0.000454418422	0.000222906369	0.001438615087	-0.003987005368	0.000283676746	0.000048637518	0.000293378529	-0.001947568581	0.000139078391	0.000024804659	0.000136759396	-0.000912323931	0.000076379364	0.000025427793	0.000135169017	-0.000595874357	0.000067741425	0.000010560101	0.000030224976	-0.000427626795	0.000054703328	-0.000002455822	-0.000065815544	-0.000255535300	0.000026688231	-0.000019950610	-0.000060593330	-0.000082514647
5000.000000000000	5.000186889862	3.531806267820	-1.768079700345	0.012367173516	0.007329887881	0.151874610617	-0.396318831909	0.004826351348	0.000238078303	0.010563259877	-0.067820682183	0.000997361056	0.000445584006	0.012184612742	-0.017136415550	0.000608776580	0.000658031305	0.009133762918	-0.009486612424	0.000539438467	0.000481057526	0.004491664096	-0.006582072486	0.000457047481	0.000222537713	0.001440273494	-0.003983116443	0.000279522567	0.000054935782	0.000295511316	-0.001954893179	0.000131080327	0.000025093016	0.000125796064	-0.000899588146	0.000082482217	0.000013205539	0.000136124934	-0.000592701700	0.000064833748	0.000014091165	0.000029854959	-0.000426929002	0.000053869060	-0.000003495731	-0.000064720599	-0.000256219813	0.000030723465	-0.000013706579	-0.000060485014	-0.000080969292
5000.000000000000	5.000479401975	3.532594676346	-1.768190114396	0.012367434350	0.007334343735	0.151883205988	-0.396340273966	0.004831947515	0.000250537690	0.010574571689	-0.067836549310	0.001001297449	0.000462752731	0.012173070392	-0.017142160618	0.000616358140	0.000643816687	0.009130534480	-0.009492829736	0.000533676814	0.000477244286	0.004496165280	-0.006587564191	0.000458536222	0.000223016718	0.001443527468	-0.003979285356	0.000272869641	0.000049775702	0.000291537087	-0.001952561500	0.000129409460	0.000016315344	0.000127215216	-0.000903564754	0.000078812547	0.000019134515	0.000135804026	-0.000595324552	0.000067238247	0.000016235276	0.000031034087	-0.000426872077	0.000054662535	-0.000004189607	-0.000065376265	-0.000256148181	0.000030312004	-0.000011344306	-0.000061239204	-0.000081708834
5000.000000000000	4.999254836784	3.531728236972	-1.768176703307	0.012369182168	0.007333357962	0.151847593587	-0.396308597663	0.004843511996	0.000241086244	0.010575434801	-0.067800181400	0.000999548262	0.000448829393	0.012178309319	-0.017133810560	0.000606183489	0.000668266232	0.009136069703	-0.009481926239	0.000537851980	0.000478994827	0.004488563975	-0.006586102579	0.000454234546	0.000222672223	0.001439412726	-0.003980163177	0.000279054341	0.000052265594	0.000296116226	-0.001950614276	0.000142159885	0.000014829535	0.000129852478	-0.000903046049	0.000081184615	0.000026308128	0.000134100853	-0.000595758181	0.000070284058	0.000011900946	0.000030015927	-0.000427912119	0.000054411401	-0.000003264822	-0.000064925849	-0.000256290685	0.000025280767	-0.000007706381	-0.000061072681	-0.000080809996
5000.000000000000	4.999790126602	3.533442611517	-1.768431209031	0.012374004655	0.007318718122	0.151851915533	-0.396389245368	0.004826676585	0.000251658781	0.010562441666	-0.067836091516	0.000998234686	0.000449517295	0.012178779400	-0.017151161864	0.000604413229	0.000664954000	0.009127337340	-0.009485208885	0.000533415303	0.000475154952	0.004490032882	-0.006587199426	0.000462861219	0.000221851971	0.001438539800	-0.003982020989	0.000278367457	0.000056652228	0.000292701234	-0.001958330710	0.000137672967	0.000017931263	0.000139568994	-0.000913409910	0.000078509165	0.000020522284	0.000135388757	-0.000595821991	0.000069241086	0.000012897661	0.000028332771	-0.000428132902	0.000055004979	-0.000002329409	-0.000065676635	-0.000256065309	0.000026635494	-0.000005620608	-0.000060462260	-0.000081818322
5000.000000000000	5.000570852936	3.533721356330	-1.768272953065	0.012368303441	0.007333992405	0.151924882135	-0.396412472086	0.004836230583	0.000242862433	0.010568710093	-0.067852825402	0.001002968283	0.000451930407	0.012178975302	-0.017136176894	0.000608328143	0.000671417825	0.009138651698	-0.009491728396	0.000531858632	0.000482159186	0.004490173941	-0.006587227816	0.000458669881	0.000219049288	0.001439834044	-0.003984008075	0.000277551369	0.000048588798	0.000293857473	-0.001956768112	0.000137636634	0.000018803383	0.000125349856	-0.000901770165	0.000075060563	0.000021229913	0.000133541250	-0.000596169011	0.000068681440	0.000014956281	0.000030515908	-0.000427340625	0.000052052185	-0.000003502810	-0.000066051326	-0.000255523846	0.000036385104	-0.000012035790	-0.000058696462	-0.000081866790
5000.000000000000	4.999482100225	3.533284861276	-1.768250971602	0.012357774785	0.007336131876	0.151891672607	-0.396340048022	0.004828543983	0.000243374051	0.010568144351	-0.067836131630	0.000994844103	0.000450966858	0.012183111845	-0.017137880201	0.000601038086	0.000666213304	0.009135314286	-0.009482543490	0.000530416575	0.000479422122	0.004490175859	-0.006588691624	0.000454270439	0.000225253998	0.001436888120	-0.003982920853	0.000277090263	0.000056149358	0.000297189236	-0.001945970661	0.000129715311	0.000019292456	0.000128654780	-0.000897737488	0.000081059199	0.000025318001	0.000136557417	-0.000594020406	0.000063999909	0.000014612053	0.000029432760	-0.000426197375	0.000053972251	-0.000002578849	-0.000065501785	-0.000255099199	0.000017909640	-0.000011123974	-0.000059213992	-0.000080282266
5000.000000000000	4.999892099240	3.532556698721	-1.768207328874	0.012380425072	0.007335125398	0.151891923740	-0.396384637559	0.004835773558	0.000250123231	0.010576213315	-0.067831872275	0.000994122189	0.000451891625	0.012183489432	-0.017130403799	0.000593318845	0.000658703847	0.009134013615	-0.009484077422	0.000534758694	0.000478642352	0.004491513390	-0.006583658947	0.000457317656	0.000221928797	0.001441910023	-0.003983144315	0.000283760928	0.000052151465	0.000296821627	-0.001954357675	0.000132653511	0.000018405164	0.000128547800	-0.000902880527	0.000075042187	0.000020682756	0.000133918538	-0.000592089707	0.000066559820	0.000010408498	0.000030563402	-0.000427672929	0.000053336827	-0.000002870762	-0.000066809530	-0.000256112972	0.000036720128	-0.000017312794	-0.000060223736	-0.000081641733
5000.000000000000	5.000406180303	3.532880777933	-1.768085924252	0.012364924569	0.007330719227	0.151979132214	-0.396399480949	0.004825535447	0.000259331443	0.010593133508	-0.067849120172	0.001006477979	0.000455171162	0.012175272666	-0.017136353199	0.000610397034	0.000679736419	0.009138050790	-0.009492185236	0.000534699525	0.000481179629	0.004495371827	-0.006585583064	0.000456463389	0.000221564569	0.001442957236	-0.003983955384	0.000276666178	0.000055092919	0.000294715228	-0.001950447425	0.000140571161	0.000019664370	0.000145423394	-0.000906091891	0.000082899839	0.000021073199	0.000135555276	-0.000594738598	0.000065681270	0.000011703633	0.000030794205	-0.000429328443	0.000054654157	-0.000002560678	-0.000065833427	-0.000254712257	0.000023550054	-0.000007223680	-0.000059074350	-0.000081557783
5000.000000000000	4.998904862987	3.532550489258	-1.767838510122	0.012362086966	0.007325402897	0.151962037167	-0.396293019360	0.004812721011	0.000260568638	0.010586941249	-0.067808305426	0.000993702561	0.000453882076	0.012194151417	-0.017129673129	0.000596553541	0.000662725558	0.009137243425	-0.009477104267	0.000539911385	0.000478315266	0.004492564260	-0.006581584681	0.000455074042	0.000221790741	0.001442810582	-0.003981025829	0.000278030091	0.000053836360	0.000296984464	-0.001946444341	0.000136748510	0.000022819461	0.000127978360	-0.000906553882	0.000075110849	0.000025508547	0.000136493241	-0.000593561009	0.000068818684	0.000013290345	0.000030108209	-0.000425629357	0.000054547288	-0.000003088486	-0.000064931842	-0.000255433437	0.000031013959	-0.000009291810	-0.000060159586	-0.000080991929
5000.000000000000	5.000603002095	3.533323274719	-1.768006526543	0.012365601254	0.007339643032	0.151976894771	-0.396387957643	0.004826412770	0.000263135872	0.010591343222	-0.067844861799	0.001003983387	0.000462649100	0.012177020228	-0.017133485532	0.000601770412	0.000661331580	0.009132884744	-0.009490226752	0.000531210243	0.000479102744	0.004489583471	-0.006583349986	0.000460059641	0.000225171227	0.001443758542	-0.003988220441	0.000285352892	0.000054462933	0.000299328703	-0.001947592869	0.000139975981	0.000016368840	0.000122549646	-0.000901812399	0.000081294654	0.000018911150	0.000136116240	-0.000592641586	0.000069073431	0.000014921679	0.000030023748	-0.000428012700	0.000054027418	-0.000004300820	-0.000065491533	-0.000256181615	0.000021690841	-0.000010949511	-0.000060032385	-0.000081389876
5000.000000000000	4.999755118208	3.533286407770	-1.768055926999	0.012365148847	0.007329026924	0.151983764224	-0.396398272668	0.004826602396	0.000250617481	0.010586216305	-0.067844513004	0.000999545089	0.000446627023	0.012176696518	-0.017137065761	0.000581570799	0.000657819148	0.009138817648	-0.009490903662	0.000533328936	0.000476480825	0.004494757989	-0.006582288509	0.000453992576	0.000226613597	0.001442349610	-0.003982948461	0.000277703648	0.000056114170	0.000298591553	-0.001956671420	0.000131544334	0.000024922955	0.000141477766	-0.000911691836	0.000081763227	0.000020485895	0.000136798982	-0.000594709909	0.000068585469	0.000013444931	0.000031476653	-0.000426078098	0.000054075233	-0.000003796477	-0.000064631093	-0.000254847593	0.000019210586	-0.000014742967	-0.000059379336	-0.000081532981
5000.000000000000	5.000824397619	3.533202975270	-1.768084955022	0.012350711674	0.007334010424	0.152028595270	-0.396500325808	0.004829047206	0.000270885620	0.010579937603	-0.067883234339	0.000999704114	0.000458542099	0.012174172206	-0.017145502126	0.000593559858	0.000671031597	0.009128686695	-0.009491784608	0.000534625097	0.000478570268	0.004495557827	-0.006585915945	0.000456364376	0.000221338446	0.001440166375	-0.003989557761	0.000279541114	0.000054298535	0.000295389673	-0.001949794060	0.000135152044	0.000021726545	0.000127880986	-0.000902417966	0.000075790564	0.000021886532	0.000133182351	-0.000595070469	0.000068199848	0.000013718278	0.000031787022	-0.000427404446	0.000054083740	-0.000004562465	-0.000064611107	-0.000255404345	0.000032263989	-0.000023915836	-0.000060300817	-0.000081564849
5000.000000000000	5.000436456563	3.532733549820	-1.767988323970	0.012348019843	0.007328178350	0.152034797050	-0.396490727455	0.004820410415	0.000253935136	0.010565332763	-0.067869950812	0.000993980930	0.000449870724	0.012176933401	-0.017144648238	0.000596289476	0.000664352107	0.009129782967	-0.009484244559	0.000539807040	0.000476773224	0.004490265652	-0.006587666757	0.000450939406	0.000225007776	0.001438164621	-0.003987229635	0.000275108581	0.000055635840	0.000288163894	-0.001957015226	0.000139874750	0.000023566242	0.000128215509	-0.000902512600	0.000081384053	0.000020208128	0.000134261961	-0.000596015342	0.000066910994	0.000012231120	0.000032095128	-0.000426757044	0.000054406158	-0.000002150653	-0.000066094335	-0.000256019763	0.000031784145	-0.000005428161	-0.000060086250	-0.000082152346
5000.000000000000	5.000151208003	3.533431626478	-1.767826449331	0.012366220691	0.007337625855	0.152090134262	-0.396439147528	0.004834146284	0.000263835606	0.010579500820	-0.067852380674	0.000999843053	0.000448475524	0.012182963815	-0.017130168508	0.000597632114	0.000676070671	0.009139089531	-0.009476244779	0.000534307840	0.000476631698	0.004496826429	-0.006585776687	0.000452759991	0.000222891714	0.001443276069	-0.003981302481	0.000272573221	0.000049405983	0.000291282080	-0.001953565769	0.000135290101	0.000018920927	0.000127520468	-0.000909258462	0.000076593819	0.000019822052	0.000139357689	-0.000594978965	0.000062526562	0.000011596117	0.000030228304	-0.000425899996	0.000053895695	-0.000002580414	-0.000064517090	-0.000257135532	0.000022830287	-0.000025165296	-0.000060030283	-0.000080815660
5000.000000000000	4.999925872455	3.533198172666	-1.767951047241	0.012358630514	0.007338203617	0.152063642463	-0.396464318371	0.004835248457	0.000256782785	0.010584313329	-0.067866236413	0.000999074664	0.000452759214	0.012178022104	-0.017135696954	0.000591030723	0.000648495150	0.009133650578	-0.009473114432	0.000534831185	0.000484670144	0.004489902963	-0.006588065028	0.000453871148	0.000219975069	0.001439825746	-0.003985758693	0.000280614259	0.000051911341	0.000298311123	-0.001955495299	0.000138003607	0.000029516115	0.000137224958	-0.000904945187	0.000073478376	0.000021638751	0.000135277643	-0.000596057742	0.000066062517	0.000014391582	0.000029022163	-0.000427895800	0.000054173825	-0.000002551049	-0.000063341587	-0.000255457112	0.000025213107	-0.000027465847	-0.000060743639	-0.000081310632
5000.000000000000	5.000500775964	3.533082359845	-1.767932380012	0.012350453179	0.007334517415	0.152105544168	-0.396519986936	0.004838813961	0.000252102013	0.010580795187	-0.067881171702	0.000995927548	0.000453436032	0.012185714296	-0.017142077508	0.000600333739	0.000644444879	0.009138033055	-0.009482543425	0.000537438024	0.000480733566	0.004496418150	-0.006588544593	0.000455592407	0.000228382334	0.001441020924	-0.003982739581	0.000278260147	0.000050881608	0.000294436488	-0.001959140383	0.000133498493	0.000022205845	0.000123486804	-0.000898012052	0.000084392965	0.000019925884	0.000134990365	-0.000595882895	0.000065501811	0.000015574066	0.000028836936	-0.000426434140	0.000053961566	-0.000002954254	-0.000063927511	-0.000256282752	0.000035601925	-0.000005942622	-0.000060338824	-0.000080904472
5000.000000000000	5.000551699656	3.531030454858	-1.767553889414	0.012356812292	0.007329409246	0.152123912715	-0.396455443817	0.004832630690	0.000256368238	0.010595297825	-0.067862021360	0.000996758514	0.000457452338	0.012190772399	-0.017136168879	0.000592456465	0.000674858116	0.009142456408	-0.009478425931	0.000538970103	0.000481747723	0.004499127964	-0.006582772881	0.000461458951	0.000231973654	0.001446651773	-0.003983938902	0.000278511357	0.000053498360	0.000300971827	-0.001952188146	0.000131393750	0.000011751363	0.000124695646	-0.000904756661	0.000072114088	0.000021603943	0.000135260161	-0.000594326445	0.000063669725	0.000012910086	0.000030062923	-0.000426031161	0.000054588082	-0.000003341177	-0.000066399703	-0.000254979365	0.000036345184	-0.000011100102	-0.000060269360	-0.000080845241
5000.000000000000	4.999812806039	3.531828087537	-1.767695535413	0.012353053654	0.007334481024	0.152089128328	-0.396439561081	0.004823121382	0.000256969192	0.010582744484	-0.067848912950	0.000987837987	0.000455477356	0.012185615741	-0.017127289044	0.000605393695	0.000650932791	0.009134020374	-0.009474867396	0.000527513265	0.000479253072	0.004495572514	-0.006584163339	0.000454433817	0.000227647075	0.001444864925	-0.003988389518	0.000275856045	0.000046227464	0.000302264074	-0.001951435883	0.000129013655	0.000014322805	0.000138959264	-0.000904038328	0.000074369458	0.000024445303	0.000132741379	-0.000592865702	0.000068875719	0.000014679681	0.000031102511	-0.000425422349	0.000053336078	-0.000003960772	-0.000064196191	-0.000256826559	0.000018195782	-0.000015624018	-0.000060766778	-0.000082208550
5000.000000000000	4.999577451225	3.534754652187	-1.767731083079	0.012348603131	0.007335194794	0.152172149243	-0.396425680675	0.004835216702	0.000263898347	0.010609274873	-0.067854021589	0.000994043457	0.000456298905	0.012198688695	-0.017138934753	0.000601352914	0.000645113944	0.009140199629	-0.009474627947	0.000539521371	0.000485419893	0.004498113249	-0.006581475741	0.000455882969	0.000223149298	0.001447506456	-0.003981963200	0.000278886376	0.000058276908	0.000296978576	-0.001952929886	0.000139531356	0.000027343111	0.000124041826	-0.000906512378	0.000082240715	0.000021266515	0.000135911407	-0.000595504932	0.000068060270	0.000015195935	0.000030430417	-0.000426397321	0.000053803911	-0.000002637775	-0.000064807295	-0.000256202660	0.000021969218	-0.000016922408	-0.000060059902	-0.000081102177
5000.000000000000	4.999327995340	3.533919106200	-1.767998040900	0.012357849777	0.007338220022	0.152094753946	-0.396497192401	0.004848108885	0.000260141368	0.010574076966	-0.067862426992	0.000992959863	0.000456378189	0.012184812699	-0.017139315419	0.000611313682	0.000653270091	0.009139150474	-0.009486149887	0.000541114994	0.000478358563	0.004490600222	-0.006588816844	0.000455979010	0.000222510002	0.001436304928	-0.003982045842	0.000283597293	0.000063584776	0.000296653888	-0.001954694178	0.000137279803	0.000019527092	0.000126070863	-0.000906473780	0.000079612834	0.000023768972	0.000135940043	-0.000593681298	0.000063987567	0.000011992103	0.000030216444	-0.000426108387	0.000053741483	-0.000002612170	-0.000063447897	-0.000256804348	0.000025594249	-0.000009473634	-0.000060564062	-0.000082016763
5000.000000000000	4.999893752296	3.532653213607	-1.767892359666	0.012366222207	0.007334178370	0.152152904441	-0.396558203823	0.004829422497	0.000265861556	0.010578067452	-0.067880572013	0.001004201051	0.000450259203	0.012178094366	-0.017137435215	0.000598565855	0.000682225857	0.009140097019	-0.009479633590	0.000537255153	0.000475880090	0.004496854597	-0.006589665118	0.000460010522	0.000222801154	0.001443003771	-0.003984708720	0.000282933541	0.000050529591	0.000292734915	-0.001948573439	0.000125359568	0.000018874814	0.000126404789	-0.000897605248	0.000078513245	0.000022484466	0.000132836137	-0.000594683352	0.000068524647	0.000013581795	0.000029323702	-0.000424934132	0.000054277983	-0.000003749708	-0.000065811652	-0.000255011252	0.000032704795	-0.000011465452	-0.000060519027	-0.000080181479
5000.000000000000	4.999855176660	3.534204747119	-1.767607008577	0.012348196960	0.007334824502	0.152248968168	-0.396512748235	0.004843800232	0.000259704328	0.010606584191	-0.067874702992	0.000994839296	0.000457739605	0.012191451833	-0.017129328481	0.000607456763	0.000667376454	0.009145128089	-0.009475704824	0.000537298490	0.000476744711	0.004496817201	-0.006583253460	0.000458518929	0.000222645290	0.001442432971	-0.003984941974	0.000279256086	0.000059510709	0.000294674174	-0.001959432934	0.000136669950	0.000017605704	0.000128043538	-0.000903291194	0.000075640425	0.000021348590	0.000137225024	-0.000597121032	0.000067371722	0.000012185167	0.000029988387	-0.000425135030	0.000053628971	-0.000002095114	-0.000064643694	-0.000256947231	0.000032099407	-0.000022005675	-0.000060240569	-0.000081267747
5000.000000000000	4.999892624732	3.534777141375	-1.767881820321	0.012355002214	0.007356091223	0.152179917276	-0.396553747428	0.004837533609	0.000252088501	0.010576198254	-0.067880925559	0.000991957521	0.000457534640	0.012185454668	-0.017140934155	0.000606937255	0.000663966701	0.009132688868	-0.009483602104	0.000530635249	0.000480439096	0.004500702400	-0.006585854332	0.000455661088	0.000219365224	0.001446195841	-0.003985817851	0.000279322146	0.000048071145	0.000291820498	-0.001955393428	0.000131965065	0.000017814773	0.000132316615	-0.000918152316	0.000078235776	0.000021552220	0.000136121211	-0.000594616590	0.000068835338	0.000014222737	0.000029658572	-0.000427270530	0.000054860329	-0.000004073455	-0.000066346366	-0.000255336114	0.000024535234	-0.000023534456	-0.000059968070	-0.000081153942
5000.000000000000	4.999679553949	3.534592409340	-1.767664565605	0.012363249030	0.007348375239	0.152237539968	-0.396528781875	0.004832945163	0.000253269856	0.010593394593	-0.067885808990	0.000992312567	0.000453224771	0.012192923407	-0.017132520390	0.000601814037	0.000647466052	0.009150561173	-0.009479705269	0.000538125931	0.000474827318	0.004496716841	-0.006585961290	0.000454738909	0.000222736129	0.001440164044	-0.003980560051	0.000282135817	0.000052005854	0.000292651427	-0.001957046730	0.000129722136	0.000030891825	0.000134441506	-0.000887833380	0.000084225089	0.000016732589	0.000135616690	-0.000595072650	0.000065253864	0.000015780401	0.000030321851	-0.000425863276	0.000054070982	-0.000002544206	-0.000064256731	-0.000255793036	0.000019757988	-0.000014940576	-0.000058819261	-0.000080789006
5000.000000000000	4.999340994548	3.535425881524	-1.767803891216	0.012359849624	0.007347186144	0.152211403622	-0.396527541410	0.004839944566	0.000262357763	0.010580099546	-0.067883474134	0.000997584134	0.000462954069	0.012175985007	-0.017135688957	0.000587195451	0.000666546836	0.009145001907	-0.009487332811	0.000530898811	0.000476416157	0.004492715939	-0.006576005529	0.000457552674	0.000221573997	0.001441621687	-0.003986773590	0.000277900877	0.000053598226	0.000290263447	-0.001950947314	0.000140519267	0.000022562672	0.000127949071	-0.000907794785	0.000075292831	0.000021677041	0.000134913594	-0.000592513876	0.000065197971	0.000011020041	0.000030803638	-0.000428240054	0.000052891318	-0.000002484614	-0.000066860378	-0.000255825204	0.000031706538	-0.000014094742	-0.000058362471	-0.000081623021
5000.000000000000	5.000196625500	3.534503087740	-1.767654497078	0.012363598752	0.007351645292	0.152307193380	-0.396627626657	0.004839023783	0.000273210443	0.010592351325	-0.067926463223	0.001001721742	0.000451368449	0.012170952844	-0.017135840375	0.000590503452	0.000672752439	0.009142994117	-0.009481600655	0.000540301865	0.000481571895	0.004499242374	-0.006586151658	0.000454197325	0.000223393725	0.001445846785	-0.003990052481	0.000282209895	0.000050270834	0.000297733240	-0.001948926542	0.000137522673	0.000024084335	0.000131175569	-0.000902042714	0.000079227207	0.000024211310	0.000135987837	-0.000594429337	0.000065452828	0.000011691723	0.000030889068	-0.000426728403	0.000052977863	-0.000004383372	-0.000065374767	-0.000256087495	0.000025835158	-0.000014561585	-0.000059454409	-0.000080723843
5000.000000000000	5.000287230548	3.534537062691	-1.767749657526	0.012359445742	0.007357296102	0.152298204840	-0.396652228436	0.004833426464	0.000239809843	0.010589100861	-0.067920830666	0.000998844833	0.000447534742	0.012170601871	-0.017133814883	0.000597609931	0.000674346906	0.009142865385	-0.009492203146	0.000531393602	0.000473316709	0.004499106827	-0.006580501401	0.000458071155	0.000223456718	0.001442331964	-0.003990305021	0.000283442772	0.000050679289	0.000297114798	-0.001958590637	0.000135375150	0.000030249501	0.000138135108	-0.000905560037	0.000072275590	0.000017058317	0.000136459508	-0.000593821637	0.000065556294	0.000013310999	0.000031522180	-0.000426901768	0.000053720815	-0.000004091133	-0.000064354911	-0.000255508070	0.000030196268	-0.000017789174	-0.000059530645	-0.000081652332
5000.000000000000	5.000829665586	3.535167947603	-1.767708911375	0.012372381323	0.007344227805	0.152391723030	-0.396715290409	0.004822916527	0.000252239014	0.010593798458	-0.067958538341	0.001001568943	0.000448456444	0.012178793374	-0.017142421040	0.000592680440	0.000668693926	0.009151705449	-0.009485590053	0.000534284543	0.000481062895	0.004503455136	-0.006585227093	0.000452675215	0.000226190097	0.001445089642	-0.003990661333	0.000282340461	0.000058023302	0.000295740917	-0.001961920285	0.000131222418	0.000030826724	0.000142035564	-0.000912523596	0.000075789096	0.000019772818	0.000135626507	-0.000592984445	0.000065759036	0.000015979123	0.000030710698	-0.000427876698	0.000053532064	-0.000004029115	-0.000066015886	-0.000257333561	0.000029623714	-0.000019134749	-0.000059901817	-0.000082353208
5000.000000000000	4.999909274054	3.533833187961	-1.767539855791	0.012354950150	0.007339654163	0.152334588619	-0.396624926395	0.004837428378	0.000261419629	0.010592292666	-0.067908062223	0.000992462217	0.000450484389	0.012192367361	-0.017140031575	0.000618262893	0.000662045157	0.009147893317	-0.009476557295	0.000534950670	0.000482514994	0.004502733031	-0.006591741072	0.000454219025	0.000226537243	0.001446095077	-0.003986913147	0.000276172302	0.000052293972	0.000296891128	-0.001957815418	0.000137357218	0.000021657224	0.000129394674	-0.000902262376	0.000080923982	0.000016667818	0.000133812263	-0.000595522944	0.000066037679	0.000011351361	0.000029696310	-0.000424868639	0.000053639069	-0.000003809670	-0.000065881657	-0.000258212460	0.000031157859	-0.000012161538	-0.000060373210	-0.000080884716
5000.000000000000	5.000231084648	3.533903350761	-1.767474067360	0.012372346632	0.007353384389	0.152365362360	-0.396636744552	0.004844906513	0.000260095682	0.010581172152	-0.067918067826	0.000999913223	0.000453729885	0.012185267697	-0.017130676152	0.000597119791	0.000654720744	0.009143753191	-0.009484324075	0.000530923165	0.000477192460	0.004501040050	-0.006588492857	0.000456542955	0.000226318698	0.001444620352	-0.003980893340	0.000285548401	0.000049861014	0.000295272036	-0.001955818638	0.000140062777	0.000018764538	0.000123044242	-0.000898486859	0.000080772164	0.000020455385	0.000136360853	-0.000593806495	0.000065169453	0.000015460932	0.000029676516	-0.000427167250	0.000053888824	-0.000002033064	-0.000064478818	-0.000257480530	0.000031296321	-0.000019461870	-0.000060537857	-0.000081254707
5000.000000000000	4.999537524274	3.533771878134	-1.767511926410	0.012362055068	0.007328853160	0.152338935683	-0.396619035560	0.004844471167	0.000254179511	0.010590478186	-0.067901143303	0.000994517627	0.000453638611	0.012188184779	-0.017130363516	0.000609242848	0.000664356298	0.009140419367	-0.009472142466	0.000535585015	0.000479427768	0.004503324223	-0.006591870696	0.000455311814	0.000218306080	0.001445681383	-0.003982128217	0.000279268796	0.000053434608	0.000295013261	-0.001957799946	0.000124880511	0.000025804047	0.000128540090	-0.000898806670	0.000079106058	0.000026156934	0.000135408598	-0.000591936574	0.000065023363	0.000014165172	0.000029573368	-0.000426058168	0.000052326714	-0.000003833502	-0.000066468389	-0.000255290965	0.000021835521	-0.000009561347	-0.000059924750	-0.000080180575
5000.000000000000	5.000544608727	3.534583836794	-1.767401295401	0.012351763245	0.007339316499	0.152407552792	-0.396665289785	0.004840437408	0.000268475470	0.010604501729	-0.067933157181	0.000995303164	0.000446530142	0.012187961350	-0.017125640872	0.000606716082	0.000648408128	0.009142273618	-0.009477002963	0.000537523547	0.000478689673	0.004503665255	-0.006588840564	0.000456616453	0.000219732094	0.001448142092	-0.003988362413	0.000280387568	0.000048878484	0.000291380720	-0.001956347108	0.000132156983	0.000025648280	0.000118854618	-0.000894031570	0.000079757603	0.000015295436	0.000136355602	-0.000596401312	0.000064284156	0.000014755547	0.000030622517	-0.000425737627	0.000054070643	-0.000002446869	-0.000066741195	-0.000256378636	0.000019508670	-0.000020040027	-0.000059999412	-0.000081210969
5000.000000000000	4.999605259211	3.534361848807	-1.767409809701	0.012351678412	0.007345395082	0.152401062894	-0.396630636889	0.004841439071	0.000272586709	0.010594133867	-0.067903748899	0.000994328396	0.000463691688	0.012189623953	-0.017124444744	0.000610541003	0.000657206348	0.009144943722	-0.009469005484	0.000529427360	0.000476257801	0.004497180761	-0.006584898279	0.000448114190	0.000222786500	0.001439830901	-0.003978293080	0.000280034503	0.000054558061	0.000295248484	-0.001951678677	0.000132331927	0.000015788240	0.000140778370	-0.000913841800	0.000080843471	0.000017717167	0.000135914840	-0.000595384223	0.000069812343	0.000011705871	0.000030301535	-0.000425932532	0.000053455322	-0.000002460459	-0.000065551165	-0.000255991405	0.000018221278	-0.000007545545	-0.000060383763	-0.000080606374
5000.000000000000	5.000622861067	3.534722106533	-1.767542697298	0.012364603036	0.007351559250	0.152445092767	-0.396738331209	0.004841691878	0.000259470499	0.010580665242	-0.067950745700	0.001000843180	0.000451912844	0.012184825313	-0.017140445823	0.000606305563	0.000648647738	0.009138916414	-0.009471757199	0.000533248624	0.000478969253	0.004501697217	-0.006586966990	0.000448119376	0.000221092634	0.001440754661	-0.003986110071	0.000276966058	0.000057508229	0.000294434014	-0.001953060215	0.000133679666	0.000018633661	0.000135149394	-0.000896742471	0.000077464682	0.000022857539	0.000137037250	-0.000595925360	0.000065725888	0.000015115016	0.000031773652	-0.000426123803	0.000055953103	-0.000004091166	-0.000065558659	-0.000255544236	0.000018147894	-0.000010789514	-0.000060617878	-0.000080920561
5000.000000000000	5.000513776003	3.534384182348	-1.767394293293	0.012365936390	0.007345837957	0.152454861131	-0.396738642862	0.004844281088	0.000261849387	0.010587214446	-0.067946524093	0.000988935371	0.000453237906	0.012189038675	-0.017130488523	0.000614226586	0.000669232961	0.009142848542	-0.009477450962	0.000540911604	0.000482800122	0.004507191212	-0.006585512081	0.000459294998	0.000223537412	0.001444318436	-0.003986608038	0.000282052898	0.000052083111	0.000296956178	-0.001953122438	0.000135575216	0.000025358018	0.000120319769	-0.000901502118	0.000075368549	0.000016912457	0.000135197379	-0.000595669661	0.000068457663	0.000010715787	0.000030882613	-0.000427439448	0.000052468301	-0.000003079931	-0.000063977808	-0.000256627391	0.000020232822	-0.000022248162	-0.000060794787	-0.000081461509
5000.000000000000	5.000552473370	3.534900632595	-1.767196734713	0.012356784317	0.007363637875	0.152550460655	-0.396750182489	0.004861779503	0.000274023834	0.010600320906	-0.067958015565	0.001007445337	0.000453861392	0.012193090296	-0.017130904248	0.000593854866	0.000653846666	0.009161945876	-0.009461830131	0.000535294861	0.000478059895	0.004505437929	-0.006586945970	0.000448682978	0.000226247390	0.001450006478	-0.003981071413	0.000279799333	0.000055568017	0.000293747627	-0.001951063574	0.000131097680	0.000012651660	0.000142818537	-0.000902106310	0.000087148314	0.000023295221	0.000135990264	-0.000596018640	0.000067649643	0.000014205313	0.000031756962	-0.000424521918	0.000054288166	-0.000002486200	-0.000065389061	-0.000256626028	0.000031314928	-0.000008900013	-0.000060426371	-0.000081672602
5000.000000000000	5.000410430508	3.535478453583	-1.767384901954	0.012343826169	0.007339429685	0.152526021015	-0.396778838578	0.004849797060	0.000255272235	0.010587399297	-0.067953529349	0.000997252744	0.000450260242	0.012188008243	-0.017138172127	0.000593592070	0.000666763753	0.009144010910	-0.009483973591	0.000536037082	0.000480274424	0.004510749915	-0.006588158975	0.000459136836	0.000222087627	0.001448207310	-0.003989086280	0.000275629044	0.000049918397	0.000297139454	-0.001956696601	0.000133031445	0.000022854336	0.000129025871	-0.000900704801	0.000075389570	0.000017571504	0.000135391818	-0.000595299163	0.000068034405	0.000014256636	0.000029142156	-0.000426542875	0.000052376088	-0.000002815385	-0.000064833353	-0.000257309196	0.000032994771	-0.000017480331	-0.000060026440	-0.000080075035
5000.000000000000	5.000082130399	3.535785909466	-1.767450836506	0.012361001868	0.007351832839	0.152471116807	-0.396756795345	0.004844045402	0.000255101166	0.010582485810	-0.067956235605	0.000993980581	0.000448956392	0.012180879768	-0.017121241776	0.000588860729	0.000669946043	0.009144973531	-0.009482985164	0.000535053984	0.000477673502	0.004500503268	-0.006587406947	0.000452138626	0.000219720825	0.001447891531	-0.003986245854	0.000274960866	0.000052367087	0.000297160077	-0.001951745946	0.000134882702	0.000021776436	0.000141671896	-0.000896858155	0.000072269328	0.000025430101	0.000133388844	-0.000595306546	0.000070276414	0.000015735766	0.000030587985	-0.000426213714	0.000055282577	-0.000002641496	-0.000064386245	-0.000257016693	0.000032265919	-0.000011284967	-0.000060425517	-0.000080437500
5000.000000000000	4.999854251987	3.535069775840	-1.767019895080	0.012362484584	0.007358041900	0.152564889040	-0.396677660710	0.004830028224	0.000270244616	0.010622710255	-0.067927590171	0.001001578241	0.000456020218	0.012194763856	-0.017127834597	0.000592156889	0.000686213925	0.009157014424	-0.009465473780	0.000536030104	0.000479301547	0.004509118018	-0.006580416297	0.000454106439	0.000225539055	0.001447504083	-0.003984235561	0.000276073653	0.000050760455	0.000294568633	-0.001956479521	0.000131427056	0.000016101342	0.000131268734	-0.000900028459	0.000075991858	0.000023398778	0.000136747876	-0.000592980155	0.000065224158	0.000014162354	0.000030403464	-0.000424625898	0.000054517332	-0.000003021662	-0.000064415607	-0.000256502423	0.000021695241	-0.000015335623	-0.000060621033	-0.000081634436
5000.000000000000	5.000071674832	3.533756306989	-1.767210817806	0.012367560886	0.007351315087	0.152526635349	-0.396753510605	0.004849053584	0.000254929766	0.010585675763	-0.067947807037	0.001000879983	0.000444301011	0.012190955306	-0.017123644744	0.000600795972	0.000657369318	0.009149946787	-0.009475761538	0.000532444165	0.000478745330	0.004505142499	-0.006584262956	0.000454258001	0.000224427433	0.001445943229	-0.003983693114	0.000276915593	0.000052060059	0.000303218851	-0.001960018014	0.000130817624	0.000026614793	0.000137503401	-0.000909432770	0.000082476984	0.000022818296	0.000135498515	-0.000591456085	0.000065122016	0.000011412583	0.000030920337	-0.000426608841	0.000053490683	-0.000003508131	-0.000064498732	-0.000255390412	0.000024234064	-0.000016776512	-0.000059670306	-0.000080863820
5000.000000000000	4.999504849117	3.534774386015	-1.767064392090	0.012353624312	0.007357667782	0.152607472052	-0.396726172283	0.004836239407	0.000247511056	0.010602863688	-0.067936126287	0.001001040730	0.000445382921	0.012190421510	-0.017122305696	0.000600902189	0.000666459510	0.009152707776	-0.009469989849	0.000535220428	0.000478804834	0.004508744123	-0.006578002824	0.000459253724	0.000220448059	0.001449000921	-0.003982617778	0.000282304227	0.000054493975	0.000296755672	-0.001951104264	0.000140166279	0.000017334281	0.000132281617	-0.000891182597	0.000080055295	0.000021250867	0.000136307760	-0.000591665104	0.000069663261	0.000012537063	0.000031667512	-0.000427383155	0.000053511121	-0.000002183336	-0.000064933078	-0.000255777908	0.000026409741	-0.000019721426	-0.000059866890	-0.000080791870
5000.000000000000	4.999847888181	3.535282901313	-1.767242451878	0.012350591902	0.007357121086	0.152571498435	-0.396761874939	0.004830884523	0.000256964109	0.010593015420	-0.067942865539	0.001001132216	0.000452043443	0.012187515846	-0.017121757935	0.000607230290	0.000640554100	0.009142301066	-0.009477075729	0.000539103285	0.000481663485	0.004508537715	-0.006588166674	0.000453639613	0.000226002754	0.001445196888	-0.003985456550	0.000279635252	0.000050908389	0.000291272407	-0.001955114476	0.000141925101	0.000016251322	0.000123157249	-0.000901230911	0.000073399508	0.000025125844	0.000134717914	-0.000593183175	0.000070864944	0.000013634404	0.000030362893	-0.000427732187	0.000054792874	-0.000002947401	-0.000065179969	-0.000255374426	0.000027382381	-0.000019949940	-0.000059351005	-0.000080455641
5000.000000000000	4.998930733407	3.535330741956	-1.767112903466	0.012366195844	0.007353551345	0.152552558618	-0.396682713330	0.004849067356	0.000273864460	0.010608555119	-0.067932927614	0.000995364222	0.000446267997	0.012185569961	-0.017119457420	0.000608678636	0.000678332992	0.009149772197	-0.009472366639	0.000538277896	0.000483270673	0.004506278576	-0.006581354382	0.000454290065	0.000224199371	0.001442906511	-0.003983047921	0.000277848620	0.000053614306	0.000290124414	-0.001955716470	0.000129113447	0.000020652414	0.000129965037	-0.000899206021	0.000079717569	0.000025758472	0.000133275791	-0.000593187320	0.000066873237	0.000016324369	0.000029694934	-0.000425902589	0.000054498264	-0.000002466510	-0.000062889748	-0.000255357840	0.000030044988	-0.000020067534	-0.000061052082	-0.000080488211
5000.000000000000	4.999998130773	3.535217487184	-1.767052172642	0.012365243090	0.007341578603	0.152665212856	-0.396824908538	0.004833002998	0.000253302164	0.010594374477	-0.067971095283	0.000999301625	0.000445254179	0.012185891887	-0.017126412865	0.000601304111	0.000655346235	0.009144584000	-0.009475604306	0.000535976454	0.000483281186	0.004504437653	-0.006588407051	0.000458134693	0.000224349181	0.001447563661	-0.003987129677	0.000276311811	0.000056395456	0.000294434865	-0.001954369773	0.000129891002	0.000026397172	0.000125406141	-0.000897392994	0.000075929386	0.000022031974	0.000134419202	-0.000593068494	0.000065307250	0.000011712552	0.000030661159	-0.000425389110	0.000052868994	-0.000003546165	-0.000064844926	-0.000256201315	0.000031354860	-0.000021966250	-0.000059711942	-0.000081359702
5000.000000000000	5.000673377488	3.536757349856	-1.767031529450	0.012352870075	0.007366927036	0.152732277436	-0.396874412068	0.004841347130	0.000247555738	0.010601584226	-0.067977154756	0.001004162922	0.000447431175	0.012190307430	-0.017132364021	0.000594226774	0.000672915252	0.009152944585	-0.009462832443	0.000533125655	0.000481880288	0.004507193783	-0.006585499429	0.000451162545	0.000222226962	0.001449462428	-0.003984166446	0.000279151412	0.000048949643	0.000300279509	-0.001948572826	0.000140276217	0.000017493264	0.000128084853	-0.000901931997	0.000081757844	0.000018042047	0.000135344913	-0.000596909366	0.000069645360	0.000012996905	0.000031106759	-0.000425065402	0.000053644440	-0.000002113317	-0.000064367689	-0.000256612528	0.000025389365	-0.000011472438	-0.000060673577	-0.000081608969
5000.000000000000	4.999913613130	3.536343190281	-1.767134294438	0.012369666663	0.007355627393	0.152655079719	-0.396828628061	0.004841858597	0.000260464088	0.010598801737	-0.067971475725	0.000997297896	0.000452093518	0.012182608785	-0.017136815750	0.000605679447	0.000677239882	0.009148885779	-0.009478060101	0.000538412320	0.000479904738	0.004505433543	-0.006586222218	0.000455030580	0.000227678186	0.001446818225	-0.003980922408	0.000276466414	0.000051684451	0.000295812745	-0.001950881614	0.000135249873	0.000009607553	0.000117087836	-0.000901235902	0.000079264356	0.000021851136	0.000135037536	-0.000593279809	0.000068513759	0.000014681758	0.000028782301	-0.000425657143	0.000053843727	-0.000003265959	-0.000065260676	-0.000256276772	0.000031112219	-0.000015436225	-0.000059806857	-0.000082299394
5000.000000000000	5.000784768734	3.536814094003	-1.767162946834	0.012360079361	0.007362678202	0.152727985314	-0.396915700391	0.004833334714	0.000251419883	0.010587400967	-0.067998044448	0.000996319406	0.000451059343	0.012195127123	-0.017135468226	0.000600991891	0.000661235333	0.009150030614	-0.009469572717	0.000537922568	0.000477406789	0.004506272965	-0.006582546949	0.000456827876	0.000223669074	0.001446328566	-0.003987147315	0.000285488635	0.000057467695	0.000294323817	-0.001962548536	0.000129971096	0.000017936928	0.000119629743	-0.000891251159	0.000074382492	0.000017559495	0.000134024185	-0.000596454468	0.000069614812	0.000012938910	0.000029088638	-0.000424590687	0.000055232373	-0.000002292760	-0.000064757002	-0.000256053424	0.000025834274	-0.000019513022	-0.000059907755	-0.000081176710
5000.000000000000	5.000221537460	3.536334337222	-1.766893095225	0.012362524310	0.007374814042	0.152739847690	-0.396851154531	0.004843554581	0.000248321992	0.010613738765	-0.067976759148	0.000985861540	0.000456202582	0.012192057813	-0.017136748352	0.000594487310	0.000675684481	0.009149490121	-0.009471525620	0.000538724137	0.000482160622	0.004515772645	-0.006582123946	0.000452375390	0.000221891279	0.001447410284	-0.003985776094	0.000278188359	0.000050598381	0.000300359371	-0.001957229201	0.000139513110	0.000025557666	0.000129271198	-0.000904021998	0.000070541490	0.000022741019	0.000138391501	-0.000592841506	0.000067467571	0.000014709878	0.000030697595	-0.000426384499	0.000053625786	-0.000003319876	-0.000064974046	-0.000255260317	0.000020199033	-0.000014014109	-0.000059599994	-0.000081305261
5000.000000000000	4.999471334073	3.535539613457	-1.766838522698	0.012374243353	0.007357975814	0.152723073029	-0.396829024164	0.004846590810	0.000264712564	0.010610234268	-0.067971401491	0.001002172551	0.000457589056	0.012189889240	-0.017122387981	0.000577461296	0.000665381593	0.009149971632	-0.009469596616	0.000534802465	0.000484794471	0.004511634367	-0.006580432092	0.000454549720	0.000226048641	0.001444821153	-0.003989685570	0.000277107762	0.000056087131	0.000296016948	-0.001949220954	0.000137730081	0.000020581595	0.000127376907	-0.000909980585	0.000077557328	0.000012596429	0.000140218244	-0.000592824740	0.000068782563	0.000011801058	0.000030613563	-0.000425766681	0.000053633834	-0.000004174292	-0.000064050180	-0.000255579675	0.000038924250	-0.000014796087	-0.000060719459	-0.000080874594
5000.000000000000	4.999837636243	3.538039791530	-1.767036257373	0.012374447544	0.007374967341	0.152747779259	-0.396861737746	0.004850491757	0.000247948227	0.010596249607	-0.067986973610	0.000996552758	0.000452459305	0.012182923740	-0.017134827032	0.000603488330	0.000661609084	0.009147709986	-0.009474322450	0.000534428561	0.000478429569	0.004505113134	-0.006583563788	0.000453596048	0.000226193802	0.001445723659	-0.003985169632	0.000280180362	0.000055113683	0.000298737127	-0.001951192172	0.000129695716	0.000015379532	0.000123738635	-0.000907963538	0.000077888977	0.000016000599	0.000137507479	-0.000594912190	0.000064113684	0.000014106696	0.000030288809	-0.000427630666	0.000054443306	-0.000003484878	-0.000065104990	-0.000256376729	0.000020290970	-0.000006901341	-0.000061443614	-0.000081545554
5000.000000000000	4.999952867762	3.536356529839	-1.766752521738	0.012377805199	0.007362550281	0.152779222787	-0.396846366071	0.004839665854	0.000246818177	0.010599396233	-0.067976895517	0.000999214786	0.000463916515	0.012186985232	-0.017130828799	0.000599284176	0.000664203174	0.009159715041	-0.009468609070	0.000536638625	0.000476815181	0.004503023143	-0.006579320330	0.000454212491	0.000224735667	0.001452034127	-0.003981604737	0.000282455638	0.000053612834	0.000295978169	-0.001953979123	0.000129473278	0.000018890152	0.000139198168	-0.000901542886	0.000077917328	0.000015138600	0.000135398326	-0.000593399189	0.000064213254	0.000010086542	0.000029905605	-0.000424976434	0.000054574039	-0.000002780481	-0.000064629551	-0.000256050545	0.000019890129	-0.000016933157	-0.000059087058	-0.000079999981
5000.000000000000	4.999896328729	3.536273763935	-1.766943411244	0.012374462721	0.007359232032	0.152728695586	-0.396899412347	0.004845092399	0.000261574651	0.010586466705	-0.067979243536	0.001006846330	0.000450177914	0.012185674696	-0.017135556017	0.000588511215	0.000641727782	0.009149927317	-0.009470672057	0.000537799582	0.000481165535	0.004502138347	-0.006585108608	0.000458350471	0.000225744110	0.001447551030	-0.003988382283	0.000280176847	0.000055429065	0.000297944135	-0.001957811361	0.000134240250	0.000026696445	0.000132935529	-0.000896614998	0.000079599367	0.000024788391	0.000134700133	-0.000592702383	0.000065629349	0.000010376967	0.000031322474	-0.000424833288	0.000054563015	-0.000001637681	-0.000066232473	-0.000255424790	0.000026315340	-0.000017422188	-0.000060402199	-0.000081154763
5000.000000000000	4.999299114928	3.536075311288	-1.766843808253	0.012377394326	0.007361519474	0.152711341087	-0.396815528991	0.004852311087	0.000253146101	0.010595744491	-0.067966665639	0.000998286952	0.000447417075	0.012189204254	-0.017126558337	0.000592935271	0.000649400441	0.009150975558	-0.009471130096	0.000540359703	0.000482226139	0.004502663560	-0.006579546601	0.000456978940	0.000225153944	0.001445586460	-0.003984570254	0.000284913502	0.000051420097	0.000297892395	-0.001953936976	0.000135001953	0.000019554451	0.000119633962	-0.000910893128	0.000077103094	0.000018439595	0.000135614508	-0.000592400577	0.000068707933	0.000014223861	0.000029800424	-0.000426413010	0.000053061427	-0.000004173490	-0.000064019646	-0.000257262806	0.000025860575	-0.000014973588	-0.000060363605	-0.000080608243
5000.000000000000	5.000363440006	3.536005586967	-1.766537369662	0.012362199985	0.007358906843	0.152851277967	-0.396886362571	0.004841243552	0.000247876382	0.010612424789	-0.067990585883	0.000998075983	0.000450436143	0.012193820139	-0.017121010992	0.000604504368	0.000667671933	0.009154410042	-0.009454655776	0.000538416585	0.000477247649	0.004507632713	-0.006582836196	0.000457892368	0.000220694907	0.001451424227	-0.003981961373	0.000282229449	0.000055589068	0.000293801755	-0.001954872821	0.000137416298	0.000023710355	0.000125700967	-0.000902418555	0.000080671603	0.000022416006	0.000136924072	-0.000596104807	0.000065801622	0.000009020076	0.000031241694	-0.000426097079	0.000053637144	-0.000002846930	-0.000063462383	-0.000257585354	0.000025711259	-0.000012216552	-0.000059897599	-0.000081223205
5000.000000000000	5.000049002652	3.536797274874	-1.766695918425	0.012354224474	0.007364505987	0.152836659890	-0.396892424530	0.004835991024	0.000261417348	0.010601608606	-0.067992228071	0.000995326426	0.000453365168	0.012193333745	-0.017122886869	0.000595809391	0.000667532112	0.009152718677	-0.009466644060	0.000541956553	0.000482258570	0.004513136296	-0.006585552405	0.000456890573	0.000222703265	0.001446636563	-0.003981006030	0.000275760691	0.000054742003	0.000298903500	-0.001954258898	0.000135841531	0.000018846594	0.000132437043	-0.000903666204	0.000076662751	0.000023165404	0.000134724631	-0.000595404780	0.000066108975	0.000012306055	0.000030159075	-0.000427253831	0.000054979578	-0.000003987123	-0.000064142075	-0.000256676689	0.000021825967	-0.000010210245	-0.000059723230	-0.000080495678
5000.000000000000	4.999842091200	3.538857218110	-1.766697365891	0.012356721331	0.007381407006	0.152868152386	-0.396891781731	0.004849528114	0.000255958858	0.010612382524	-0.067989501168	0.000985071340	0.000451339852	0.012195852530	-0.017116401065	0.000593943160	0.000684368815	0.009158341736	-0.009469733385	0.000531342492	0.000483817024	0.004508965482	-0.006584978683	0.000455361993	0.000221309720	0.001452318227	-0.003985064377	0.000279297470	0.000054888068	0.000294258221	-0.001955154142	0.000138882695	0.000021999447	0.000135061288	-0.000903918996	0.000075113170	0.000023414165	0.000134641265	-0.000594588985	0.000068449669	0.000014153613	0.000031169250	-0.000425566043	0.000054487471	-0.000002793845	-0.000064743495	-0.000255989878	0.000019985653	-0.000006671546	-0.000060751452	-0.000080522918
5000.000000000000	5.000325190074	3.536106837164	-1.766730789664	0.012365320660	0.007363940493	0.152844350344	-0.396948955068	0.004848089724	0.000256541326	0.010593140648	-0.067998458524	0.000989395592	0.000449096376	0.012187195696	-0.017132923226	0.000595627611	0.000667647439	0.009152232746	-0.009473275027	0.000540765319	0.000476564199	0.004507541108	-0.006585615529	0.000452838182	0.000223025415	0.001446320680	-0.003984511623	0.000280207237	0.000053056843	0.000290052121	-0.001953738518	0.000137724559	0.000020924361	0.000127063500	-0.000908387135	0.000087743696	0.000025474526	0.000133139640	-0.000592754401	0.000067039766	0.000015981183	0.000029886283	-0.000426493002	0.000053884402	-0.000003027257	-0.000065359666	-0.000256406167	0.000033924352	-0.000019513028	-0.000059525377	-0.000081627969
5000.000000000000	4.999668579671	3.535632388284	-1.766405758841	0.012378811130	0.007365313886	0.152898867887	-0.396886063559	0.004852750960	0.000251904436	0.010617231655	-0.067998650654	0.000995620845	0.000456686595	0.012193690725	-0.017117535190	0.000602004916	0.000668260274	0.009163903650	-0.009469962702	0.000537812461	0.000480871087	0.004507354795	-0.006578047568	0.000457530683	0.000223226672	0.001446987753	-0.003980705784	0.000276334967	0.000052087640	0.000300324915	-0.001951545075	0.000140691787	0.000022095654	0.000126735695	-0.000896930666	0.000083659526	0.000019947173	0.000135201230	-0.000593956091	0.000064935531	0.000013235169	0.000031248996	-0.000424186644	0.000054092557	-0.000003453921	-0.000064445756	-0.000255995036	0.000026490995	-0.000009372524	-0.000059562984	-0.000080465813
5000.000000000000	5.000759035709	3.536041071088	-1.766751205307	0.012374284105	0.007372897758	0.152871496750	-0.397014312815	0.004857416563	0.000260089773	0.010575902140	-0.068023420817	0.000999868419	0.000445780689	0.012180539778	-0.017137592436	0.000611738371	0.000669701373	0.009152341855	-0.009469295861	0.000535290720	0.000480649509	0.004504459345	-0.006584590812	0.000457384807	0.000220688790	0.001445426134	-0.003980723030	0.000282096106	0.000056809912	0.000289337103	-0.001954209598	0.000139712622	0.000019155808	0.000127900509	-0.000917558375	0.000078134937	0.000019020274	0.000134123400	-0.000593855569	0.000069260415	0.000009807515	0.000029409799	-0.000425802313	0.000054549729	-0.000003141163	-0.000064539485	-0.000257074194	0.000031855386	-0.000017191069	-0.000060204158	-0.000081463623
5000.000000000000	4.998601838026	3.535595051225	-1.766373881983	0.012362616802	0.007358263839	0.152888904662	-0.396865351610	0.004845334018	0.000255034101	0.010606864953	-0.067983409000	0.000992139640	0.000453053949	0.012191807949	-0.017119175568	0.000594051425	0.000663854301	0.009158405004	-0.009466482620	0.000537656482	0.000487326262	0.004509757610	-0.006583390060	0.000455215838	0.000221249975	0.001444010817	-0.003979897187	0.000283152865	0.000053665854	0.000298954410	-0.001951699050	0.000140707999	0.000025941795	0.000131511539	-0.000913768553	0.000076969914	0.000023722873	0.000135543714	-0.000591716849	0.000064762580	0.000012743358	0.000030345589	-0.000425507847	0.000054320304	-0.000003418746	-0.000063886974	-0.000255760080	0.000028896478	-0.000017527720	-0.000059535036	-0.000081693799
5000.000000000000	5.000335476063	3.536353839045	-1.766414735585	0.012349468170	0.007371191496	0.152976565796	-0.396984132709	0.004842358820	0.000246791824	0.010591667682	-0.068023962313	0.000997617754	0.000452388885	0.012188241277	-0.017131842345	0.000593557403	0.000659902841	0.009155887928	-0.009461805783	0.000531328983	0.000481654717	0.004509258227	-0.006585510295	0.000454717273	0.000224785515	0.001448575009	-0.003986784764	0.000280447513	0.000058573265	0.000296344095	-0.001960817653	0.000136619962	0.000020037677	0.000137859002	-0.000908429670	0.000079267652	0.000017210000	0.000135495201	-0.000593703770	0.000069793609	0.000015885977	0.000031717158	-0.000424199873	0.000054906641	-0.000005015613	-0.000063473302	-0.000256597653	0.000027678734	-0.000016949211	-0.000060090598	-0.000081398739
5000.000000000000	4.999964374236	3.537021485981	-1.766235240871	0.012356080981	0.007363457274	0.153047592341	-0.396978688694	0.004856887234	0.000261805210	0.010618068998	-0.068016386985	0.001002398015	0.000445536663	0.012191756194	-0.017122262948	0.000612749416	0.000676286966	0.009160017549	-0.009454738028	0.000540047412	0.000478709891	0.004515904876	-0.006581850614	0.000455551578	0.000224093710	0.001449870435	-0.003988550703	0.000273104707	0.000055441151	0.000297329130	-0.001950349161	0.000143012991	0.000020185732	0.000111300368	-0.000897785261	0.000080151943	0.000030439066	0.000133735821	-0.000589992011	0.000064026631	0.000013057830	0.000031540925	-0.000426266238	0.000054192393	-0.000002647273	-0.000066007978	-0.000256469142	0.000026939199	-0.000012538589	-0.000060800325	-0.000081692626
5000.000000000000	5.000202007798	3.536188811970	-1.766450906753	0.012353645924	0.007354317312	0.152992508138	-0.397023502865	0.004853773197	0.000260483864	0.010589436525	-0.068037786897	0.000996046991	0.000461664627	0.012182504369	-0.017134456775	0.000611478660	0.000648981467	0.009155841461	-0.009468629133	0.000534843055	0.000472485191	0.004507289276	-0.006588564499	0.000457747149	0.000223611720	0.001449840390	-0.003986056996	0.000276641078	0.000051021744	0.000290557200	-0.001955897733	0.000134555401	0.000024221883	0.000130729239	-0.000888500410	0.000078412836	0.000026616640	0.000133531967	-0.000592581208	0.000066879520	0.000014790172	0.000030538507	-0.000425821068	0.000054410191	-0.000002028260	-0.000062781682	-0.000256335748	0.000028276671	-0.000012569088	-0.000060432949	-0.000081214134
5000.000000000000	5.000357025823	3.536045069245	-1.766143005991	0.012359177173	0.007377801463	0.153056626765	-0.397002595706	0.004842424121	0.000246854894	0.010607619952	-0.068027392535	0.000992942895	0.000446850201	0.012194880754	-0.017112645103	0.000606170229	0.000664362323	0.009170451312	-0.009458434756	0.000537017728	0.000483237978	0.004514452496	-0.006586593796	0.000453709957	0.000223612107	0.001451116631	-0.003985092358	0.000279177659	0.000055599644	0.000299507803	-0.001957022867	0.000133185962	0.000021226018	0.000130522648	-0.000901337102	0.000080094228	0.000020134302	0.000136341984	-0.000590871991	0.000065730970	0.000013615866	0.000031303039	-0.000425662015	0.000054671661	-0.000002210998	-0.000065162413	-0.000255590902	0.000029415385	-0.000005154671	-0.000060334988	-0.000080629932
5000.000000000000	4.999172744579	3.535993639444	-1.766144428818	0.012367325990	0.007372521886	0.152974113633	-0.396916210991	0.004837254877	0.000255759371	0.010609396527	-0.067989060896	0.001002263557	0.000453433920	0.012191579813	-0.017115708538	0.000591885461	0.000663101351	0.009156856814	-0.009464917544	0.000527139840	0.000473114047	0.004511844462	-0.006574777362	0.000457382456	0.000217915912	0.001448484451	-0.003982723585	0.000273211389	0.000053607669	0.000300245676	-0.001950716394	0.000138947051	0.000021293149	0.000133918701	-0.000899792623	0.000074676366	0.000021503491	0.000137189033	-0.000593330923	0.000069048086	0.000013449516	0.000032730152	-0.000426567266	0.000053670956	-0.000003860239	-0.000064097885	-0.000256696320	0.000035992907	-0.000015145586	-0.000060728781	-0.000081022842
5000.000000000000	4.999397714119	3.536168958981	-1.766195315658	0.012364775532	0.007368201259	0.153024397675	-0.396981880629	0.004841015655	0.000253233502	0.010599580259	-0.068010246246	0.000986313025	0.000452253206	0.012191135098	-0.017116361033	0.000626024529	0.000657830111	0.009158673099	-0.009462713983	0.000533495494	0.000476851098	0.004512447372	-0.006586936436	0.000450220262	0.000231073839	0.001450652075	-0.003983566328	0.000278417385	0.000055414780	0.000300854010	-0.001951546149	0.000130812520	0.000023263970	0.000139681721	-0.000903445127	0.000076879346	0.000025492999	0.000136355205	-0.000594173346	0.000066984671	0.000014597542	0.000030948275	-0.000425023492	0.000054052224	-0.000002652257	-0.000063724354	-0.000256819832	0.000020269437	-0.000011910632	-0.000059777328	-0.000082165461
5000.000000000000	4.999727923508	3.535624155115	-1.765996245188	0.012350064351	0.007366603165	0.153050206240	-0.396986138095	0.004849240666	0.000271939413	0.010616919194	-0.068018200332	0.000992693004	0.000456169059	0.012194082153	-0.017110273663	0.000597884224	0.000658149252	0.009165878711	-0.009457885827	0.000530281363	0.000477856368	0.004513290149	-0.006575617439	0.000457286404	0.000225691664	0.001450248540	-0.003989354668	0.000275584856	0.000054243523	0.000298781460	-0.001955932056	0.000127569943	0.000025248322	0.000143277602	-0.000903275599	0.000073247547	0.000018994773	0.000135382252	-0.000591871057	0.000068777828	0.000015364361	0.000032223573	-0.000426389771	0.000054121810	-0.000003450062	-0.000064677090	-0.000255174856	0.000023989580	-0.000004451965	-0.000059991539	-0.000082940071
5000.000000000000	5.000494004238	3.537407806791	-1.766153957265	0.012369942192	0.007383960705	0.153132635262	-0.397080091947	0.004862364370	0.000267485131	0.010619503415	-0.068055123542	0.001002404417	0.000455637084	0.012184040276	-0.017117726539	0.000597771563	0.000660236154	0.009162468566	-0.009468770762	0.000532102401	0.000481032140	0.004515883824	-0.006578194242	0.000454199032	0.000224056909	0.001446468237	-0.003989819215	0.000281944979	0.000053560880	0.000296020209	-0.001955611690	0.000141368603	0.000022089447	0.000135573788	-0.000911622393	0.000081285566	0.000022785241	0.000136073620	-0.000595048105	0.000068449846	0.000015743514	0.000032328471	-0.000425563695	0.000054353470	-0.000001940528	-0.000063733188	-0.000256413120	0.000028151259	-0.000009005916	-0.000059717416	-0.000081902888
5000.000000000000	4.999534394152	3.535431295521	-1.765914065622	0.012371336027	0.007361390524	0.153145670153	-0.397003311711	0.004842466119	0.000276245797	0.010622252233	-0.068030472071	0.000998988973	0.000452380027	0.012193506892	-0.017114428105	0.000622874035	0.000671513046	0.009163895322	-0.009462002727	0.000536416587	0.000477653090	0.004511460200	-0.006579058214	0.000458428787	0.000221741674	0.001450682674	-0.003980464870	0.000280502422	0.000050684875	0.000295119307	-0.001948869158	0.000133001948	0.000013472389	0.000115673342	-0.000911926409	0.000080247341	0.000023614523	0.000135115039	-0.000594822276	0.000066379036	0.000016248440	0.000031164789	-0.000425257578	0.000053397253	-0.000002741693	-0.000062890844	-0.000256031423	0.000030462521	-0.000021969022	-0.000059785667	-0.000082504104
5000.000000000000	5.000306913330	3.535926463859	-1.766023674829	0.012368218474	0.007358986600	0.153141162623	-0.397052513285	0.004862175611	0.000264327331	0.010617152818	-0.068053938220	0.000994339990	0.000452015861	0.012188828347	-0.017114875897	0.000590550052	0.000667959787	0.009161092840	-0.009464493966	0.000534932383	0.000480859384	0.004515638936	-0.006583285873	0.000456203727	0.000222105769	0.001457386760	-0.003986629091	0.000281095630	0.000045295732	0.000295398823	-0.001955511650	0.000129924713	0.000021176037	0.000128873557	-0.000905614021	0.000082440482	0.000018052640	0.000135058394	-0.000592724025	0.000066548314	0.000015325626	0.000032275537	-0.000425338015	0.000054429912	-0.000003941073	-0.000065471399	-0.000256171478	0.000026295903	-0.000021893933	-0.000060658428	-0.000081534368
5000.000000000000	5.000648613181	3.536167206147	-1.765984250956	0.012356009074	0.007371912877	0.153194945193	-0.397129967215	0.004856014287	0.000251986809	0.010605332409	-0.068066235683	0.000996389476	0.000453153172	0.012176963841	-0.017121941731	0.000595908474	0.000667911385	0.009161839785	-0.009458433060	0.000534877625	0.000477882199	0.004513829314	-0.006581856891	0.000453054752	0.000221927340	0.001455092493	-0.003991776398	0.000283765060	0.000047603417	0.000297024354	-0.001954556054	0.000131329254	0.000021101384	0.000134930873	-0.000900514805	0.000082314707	0.000020298397	0.000135100455	-0.000591231300	0.000066945297	0.000011652069	0.000032389603	-0.000426650290	0.000054765372	-0.000004044892	-0.000064710840	-0.000256949043	0.000028649336	-0.000008689026	-0.000059561208	-0.000082093405
5000.000000000000	5.001053049729	3.536200997579	-1.766080408152	0.012351752010	0.007366627292	0.153149964651	-0.397167813164	0.004844973715	0.000257541723	0.010585483421	-0.068086656340	0.000998109224	0.000446186070	0.012183870913	-0.017129065623	0.000589950946	0.000671139578	0.009156684621	-0.009464647366	0.000534877581	0.000474005736	0.004515204267	-0.006585788319	0.000457430020	0.000221383332	0.001447517844	-0.003988254635	0.000281263288	0.000053767411	0.000293058600	-0.001954412340	0.000135093722	0.000018223846	0.000133707752	-0.000902361349	0.000084211234	0.000022362831	0.000136026787	-0.000593193586	0.000069254240	0.000014253724	0.000030792768	-0.000426885570	0.000055859947	-0.000003163194	-0.000063830596	-0.000257484582	0.000033134427	-0.000017830758	-0.000061136554	-0.000081648509
5000.000000000000	4.999756424084	3.537515489906	-1.766009948811	0.012359740552	0.007365287419	0.153159291726	-0.397044394339	0.004840609204	0.000251774249	0.010604606304	-0.068038594476	0.001005099751	0.000452957460	0.012180300349	-0.017115832724	0.000582515285	0.000668476720	0.009158786360	-0.009465425288	0.000535448434	0.000479135296	0.004513571545	-0.006580821281	0.000454028445	0.000226447420	0.001450917175	-0.003983867613	0.000274650155	0.000049666933	0.000290515555	-0.001955342055	0.000132480897	0.000028534685	0.000134575194	-0.000900531718	0.000079387970	0.000027360508	0.000136580490	-0.000594005272	0.000067002831	0.000014515571	0.000031816245	-0.000423018506	0.000053756136	-0.000003692969	-0.000063758105	-0.000256807528	0.000029198514	-0.000010464076	-0.000059222389	-0.000080571908
5000.000000000000	4.999894102345	3.536351730796	-1.765784082256	0.012369200751	0.007365584145	0.153230087899	-0.397064186395	0.004844026828	0.000249311364	0.010619736750	-0.068043948531	0.000996135641	0.000451308029	0.012191369039	-0.017111468813	0.000604074079	0.000665538595	0.009165453854	-0.009456964465	0.000538268556	0.000480355339	0.004516594689	-0.006578720496	0.000458535964	0.000228878463	0.001448552995	-0.003986267940	0.000278488178	0.000048160497	0.000299991714	-0.001952787177	0.000133221962	0.000030054845	0.000138487094	-0.000901677838	0.000077477858	0.000021061616	0.000137365125	-0.000593307917	0.000068835261	0.000010291594	0.000031844955	-0.000424798925	0.000053801488	-0.000002517241	-0.000062872265	-0.000256003050	0.000029966181	-0.000016157183	-0.000059959665	-0.000080865094
5000.000000000000	4.999966872521	3.535711059685	-1.765809680099	0.012370106703	0.007357424166	0.153199296260	-0.397067405427	0.004845513047	0.000263488440	0.010604345871	-0.068052998433	0.001001317681	0.000451052775	0.012194092225	-0.017108949311	0.000597390226	0.000666380443	0.009166476845	-0.009456659876	0.000534216693	0.000479310429	0.004509756861	-0.006583806350	0.000457298767	0.000226368524	0.001445685689	-0.003983506972	0.000279820687	0.000056124988	0.000293870710	-0.001949909731	0.000137107558	0.000025731368	0.000144326858	-0.000915829164	0.000078951995	0.000017453075	0.000136419102	-0.000591266962	0.000064052398	0.000013558885	0.000031957373	-0.000425295081	0.000055755039	-0.000003191655	-0.000063141047	-0.000255111139	0.000023519598	-0.000014278680	-0.000059791607	-0.000081780319
5000.000000000000	4.999522688668	3.534667728894	-1.765782927873	0.012366892274	0.007368966578	0.153168677510	-0.397105930504	0.004853279757	0.000273071703	0.010601530681	-0.068059101802	0.000996353544	0.000447807794	0.012186864048	-0.017109710362	0.000620853122	0.000652604256	0.009158609071	-0.009465327194	0.000538120340	0.000484936854	0.004511075488	-0.006579301263	0.000458889890	0.000224376873	0.001449561323	-0.003989193657	0.000276363820	0.000049211278	0.000298998718	-0.001959213877	0.000133089607	0.000023856700	0.000134086219	-0.000912451677	0.000073811210	0.000026870476	0.000137642452	-0.000591152131	0.000066239475	0.000009212680	0.000031420216	-0.000425352511	0.000053645644	-0.000003483306	-0.000062941296	-0.000256115677	0.000025111447	-0.000016150996	-0.000061122400	-0.000081169542
5000.000000000000	5.000109066887	3.535171212074	-1.765546669288	0.012350031852	0.007369925391	0.153300869015	-0.397120946244	0.004853303166	0.000259160721	0.010613527144	-0.068065240963	0.001007004962	0.000450404539	0.012187887718	-0.017114384060	0.000594008747	0.000669734295	0.009169651930	-0.009452658377	0.000533591894	0.000481754143	0.004516717654	-0.006582013258	0.000452754327	0.000226662856	0.001453311686	-0.003979907952	0.000274863818	0.000049504508	0.000296787546	-0.001952617013	0.000132815844	0.000019389580	0.000122440650	-0.000899411064	0.000081332436	0.000027940507	0.000135883978	-0.000592622599	0.000064274396	0.000014055493	0.000032372756	-0.000424985999	0.000053501306	-0.000002555618	-0.000064428924	-0.000257277757	0.000029492576	-0.000015668719	-0.000060207035	-0.000081341674
5000.000000000000	5.000245145802	3.536282049527	-1.765805421906	0.012355966382	0.007378391131	0.153272368429	-0.397167649520	0.004859033995	0.000259684061	0.010599219398	-0.068081734610	0.000996752593	0.000462387053	0.012194680157	-0.017128776256	0.000609377175	0.000655868447	0.009163999206	-0.009454393790	0.000534698495	0.000475818939	0.004518004829	-0.006581352271	0.000456938340	0.000224476582	0.001450045576	-0.003983070085	0.000281113794	0.000054808125	0.000295523686	-0.001954207195	0.000131750178	0.000011688856	0.000118074091	-0.000890476144	0.000076605335	0.000021319837	0.000134975217	-0.000588848870	0.000069482415	0.000014927718	0.000030908123	-0.000425475197	0.000053692075	-0.000002476306	-0.000063819377	-0.000257202842	0.000027175165	-0.000017328526	-0.000060916702	-0.000079410926
