5000.000000000000	5.001997522201	3.645840295063	-1.663784429909	0.011887003076	0.008116571398	0.182411082014	-0.401458156509	0.005178531147	0.000565307844	0.011265544890	-0.072055652793	0.001004145802	0.000368466794	0.011476930437	-0.016073925850	0.000527924418	0.000666335262	0.009339849025	-0.008401729233	0.000471899803	0.000502116635	0.004852464180	-0.006048213401	0.000427608944	0.000254385134	0.001672104639	-0.003830674152	0.000275163497	0.000069576862	0.000355482132	-0.001920257882	0.000124996993	0.000023378719	0.000105797439	-0.000842266179	0.000065924963	0.000018864075	0.000134019794	-0.000503003922	0.000054353498	0.000015375210	0.000062742534	-0.000370466580	0.000047885011	0.000002963397	-0.000035916992	-0.000240745069	0.000027030677	-0.000012149994	-0.000052868829	-0.000081721992
5000.000000000000	4.999173596975	3.694734422516	-1.688969571151	0.011969357883	0.007900478643	0.174366428099	-0.399429632673	0.005074038933	0.000454562352	0.010988044421	-0.070608496933	0.000992558296	0.000391957840	0.011731559509	-0.016197909529	0.000553515559	0.000683896513	0.009309578600	-0.008680457144	0.000489545572	0.000505363002	0.004737499776	-0.006173213693	0.000429510726	0.000249285810	0.001594050531	-0.003846807555	0.000274064648	0.000060215003	0.000340644615	-0.001910789179	0.000118646348	0.000006887353	0.000104407710	-0.000853989932	0.000065965669	0.000017283673	0.000136942011	-0.000525160222	0.000058414028	0.000012945666	0.000053218766	-0.000385639037	0.000048952698	0.000000567685	-0.000045315232	-0.000242270858	0.000019304503	-0.000011694181	-0.000054555518	-0.000080551349
5000.000000000000	5.000144668953	3.700197354897	-1.703647916882	0.012020566193	0.007770697366	0.169512208590	-0.398198173117	0.004996930322	0.000418986154	0.010840031965	-0.069839918722	0.000985920081	0.000398947689	0.011832690075	-0.016328685657	0.000570098629	0.000672659036	0.009242681633	-0.008830278283	0.000498091437	0.000491039837	0.004685845261	-0.006248471729	0.000431445454	0.000234388717	0.001565170764	-0.003861402529	0.000271349584	0.000057769320	0.000341919623	-0.001911516784	0.000129905552	0.000008544467	0.000102983863	-0.000856785820	0.000074339564	0.000018324372	0.000135878720	-0.000540530940	0.000060150498	0.000013404008	0.000049702000	-0.000393400118	0.000050562064	0.000000093091	-0.000049630244	-0.000246322363	0.000026856846	-0.000007564102	-0.000054102438	-0.000079814718
5000.000000000000	5.000035770276	3.688538741693	-1.713191100223	0.012080223591	0.007663561848	0.166077454390	-0.397280274505	0.004966544663	0.000405596425	0.010743805933	-0.069330962010	0.000986335952	0.000407083666	0.011891239310	-0.016432942784	0.000569977341	0.000658115621	0.009227019003	-0.008926605994	0.000505615318	0.000488835522	0.004645540792	-0.006288082702	0.000435842664	0.000236848239	0.001543495966	-0.003876579000	0.000272102564	0.000057297975	0.000333132711	-0.001919506586	0.000117923786	0.000001281229	0.000108504344	-0.000861141100	0.000072834184	0.000020730155	0.000135022180	-0.000547115857	0.000063607836	0.000013470844	0.000046401821	-0.000399570696	0.000051752093	-0.000000839970	-0.000051098665	-0.000247559293	0.000017834335	-0.000016157451	-0.000055086831	-0.000080449622
5000.000000000000	5.000465143964	3.671153560978	-1.720135539444	0.012092900077	0.007591012275	0.163491636528	-0.396662920240	0.004934996507	0.000351794789	0.010666392186	-0.068956316629	0.000977839552	0.000414847002	0.011916065356	-0.016518568687	0.000585379317	0.000669246257	0.009189005696	-0.009016847467	0.000511590346	0.000491491433	0.004609462093	-0.006324556005	0.000438784290	0.000231315264	0.001522005009	-0.003891486517	0.000274896705	0.000059731488	0.000321329020	-0.001924972215	0.000126619869	0.000018088697	0.000115368687	-0.000877329762	0.000072818240	0.000018997588	0.000134938025	-0.000552718191	0.000062753145	0.000016686729	0.000046015721	-0.000401814655	0.000050179483	-0.000001781580	-0.000053490979	-0.000247960867	0.000026020896	-0.000014051367	-0.000054591211	-0.000080482236
5000.000000000000	5.000318647865	3.653443362483	-1.724876555954	0.012107656958	0.007543457299	0.161621198449	-0.396092318597	0.004914184741	0.000333438959	0.010637328190	-0.068681942686	0.000981190505	0.000418577859	0.011950430081	-0.016583539294	0.000576613718	0.000661031992	0.009179598311	-0.009064521506	0.000510166470	0.000487527919	0.004590344180	-0.006349761182	0.000435847357	0.000229990095	0.001512892015	-0.003895907278	0.000273255190	0.000054464824	0.000327407376	-0.001931196011	0.000116375091	0.000025942937	0.000111294620	-0.000878141877	0.000075148312	0.000024559149	0.000136823187	-0.000557070056	0.000061510260	0.000012665857	0.000041277156	-0.000404429652	0.000050833991	-0.000002328129	-0.000054590474	-0.000248268102	0.000020550200	-0.000014377544	-0.000055032027	-0.000081694518
5000.000000000000	4.999503957821	3.637322718220	-1.728915658757	0.012119930555	0.007489761099	0.160079528403	-0.395659813345	0.004885518892	0.000331553390	0.010603903076	-0.068470663114	0.000973796981	0.000411843971	0.011972934653	-0.016629349528	0.000589864785	0.000659301290	0.009146554200	-0.009105089889	0.000509387357	0.000483025772	0.004573700482	-0.006366488804	0.000438236669	0.000225960530	0.001507946029	-0.003902490523	0.000269756984	0.000058692054	0.000319453917	-0.001922449391	0.000114652066	0.000021322370	0.000110982245	-0.000870118414	0.000070050630	0.000020648071	0.000135731601	-0.000559271216	0.000062727017	0.000014318147	0.000041359741	-0.000406765555	0.000052460477	-0.000001299238	-0.000056116635	-0.000249127675	0.000026646724	-0.000007441110	-0.000056203497	-0.000080616188
5000.000000000000	5.000169716895	3.622736094736	-1.732354941378	0.012137381812	0.007468062369	0.158844829589	-0.395428449592	0.004875206370	0.000309953460	0.010568815250	-0.068317611112	0.000976300663	0.000422431885	0.011980565612	-0.016677900931	0.000599297554	0.000664325755	0.009135774564	-0.009152262868	0.000514905036	0.000488342229	0.004555186355	-0.006387259765	0.000437672416	0.000228286398	0.001496712004	-0.003908771816	0.000278428507	0.000056248198	0.000320702095	-0.001921024980	0.000130603270	0.000012887174	0.000112247565	-0.000878686444	0.000076037299	0.000021114355	0.000132735701	-0.000567360210	0.000064641334	0.000014262819	0.000040611013	-0.000407961792	0.000054014680	-0.000001749669	-0.000056934929	-0.000249772122	0.000017689374	-0.000012895379	-0.000057035725	-0.000080820650
5000.000000000000	5.000075887470	3.608202662081	-1.735002590246	0.012151969490	0.007435095446	0.157802431790	-0.395161552281	0.004868222726	0.000316625739	0.010539070284	-0.068178453357	0.000978179705	0.000419749201	0.011981568581	-0.016720498222	0.000594526004	0.000658949224	0.009123434286	-0.009179789562	0.000515219116	0.000481267914	0.004543393555	-0.006407636230	0.000441703240	0.000226013998	0.001489506234	-0.003911789144	0.000273412823	0.000055342784	0.000315511532	-0.001925062951	0.000120456900	0.000012747213	0.000119696418	-0.000880475923	0.000074021142	0.000021753534	0.000134031912	-0.000566461508	0.000066544128	0.000012550293	0.000037938650	-0.000409668567	0.000051702888	-0.000003012858	-0.000058353608	-0.000249836173	0.000025130417	-0.000015134090	-0.000055970116	-0.000080425871
5000.000000000000	4.999645867805	3.596927908621	-1.737086667532	0.012165668114	0.007406462501	0.156978244757	-0.394897958464	0.004857985762	0.000302737775	0.010541038149	-0.068060691778	0.000986236241	0.000421326595	0.012001125985	-0.016743678463	0.000592229648	0.000669443429	0.009109562681	-0.009199154662	0.000525903675	0.000480531625	0.004528940557	-0.006416001032	0.000438826889	0.000230752822	0.001482982424	-0.003917406045	0.000270162093	0.000060321459	0.000317729526	-0.001935932104	0.000120502233	0.000013925226	0.000110434295	-0.000877411748	0.000079411584	0.000017154958	0.000135833181	-0.000568412161	0.000064613311	0.000010959918	0.000037230266	-0.000411848959	0.000053068937	-0.000002636780	-0.000058545432	-0.000250931019	0.000025950022	-0.000009508145	-0.000056231858	-0.000081946096
5000.000000000000	4.999994420023	3.585274045134	-1.739045482929	0.012174841990	0.007412100174	0.156254837337	-0.394746802419	0.004847325248	0.000304781855	0.010530609188	-0.067974609482	0.000974819843	0.000434461685	0.012001357197	-0.016774757679	0.000603932377	0.000666339680	0.009092908426	-0.009229448811	0.000516810013	0.000480897332	0.004521151570	-0.006429263468	0.000436677849	0.000224952485	0.001478384602	-0.003918669896	0.000279713898	0.000055059682	0.000319246595	-0.001930381297	0.000128894060	0.000014859483	0.000127736100	-0.000886074574	0.000078404569	0.000023093113	0.000133857250	-0.000571450173	0.000063902891	0.000011999583	0.000036688594	-0.000412566178	0.000052659022	-0.000003645879	-0.000057728925	-0.000250263996	0.000019559301	-0.000017604464	-0.000056427094	-0.000080203180
5000.000000000000	4.999866292116	3.575895851090	-1.740753033041	0.012176691860	0.007387914635	0.155650919136	-0.394588178356	0.004834839221	0.000302555869	0.010530756824	-0.067897688100	0.000985446146	0.000430785682	0.012023096415	-0.016796093660	0.000607442968	0.000664160898	0.009105386405	-0.009245675325	0.000518750590	0.000483079961	0.004516131886	-0.006437406629	0.000441422958	0.000223189193	0.001470623272	-0.003922661768	0.000271287721	0.000054532893	0.000316941311	-0.001926691246	0.000125080655	0.000008973331	0.000124286037	-0.000882798941	0.000076432506	0.000023637018	0.000134264993	-0.000571203019	0.000065929371	0.000014330780	0.000037165180	-0.000412964887	0.000053618210	-0.000003158270	-0.000059479408	-0.000250658991	0.000019312271	-0.000016766632	-0.000056204437	-0.000080710777
5000.000000000000	5.000367862034	3.568448226131	-1.742542395379	0.012194428989	0.007358355898	0.155052543486	-0.394477216640	0.004819110644	0.000293497183	0.010523639451	-0.067846487574	0.000983143921	0.000426698220	0.012018048467	-0.016820790586	0.000599653420	0.000657206697	0.009097156264	-0.009269395400	0.000519695627	0.000476666927	0.004506044149	-0.006452388800	0.000442990868	0.000225593850	0.001469351199	-0.003927354202	0.000275875784	0.000056909928	0.000320828530	-0.001934914217	0.000118345576	0.000016247084	0.000116817179	-0.000883869786	0.000073306148	0.000019038256	0.000131949013	-0.000575719364	0.000064719815	0.000013141451	0.000034959130	-0.000415242476	0.000051056747	-0.000002792601	-0.000061296708	-0.000250450392	0.000024650617	-0.000014686037	-0.000056177977	-0.000081109545
5000.000000000000	4.999279165001	3.560324357908	-1.743782568134	0.012183966605	0.007355363476	0.154587258960	-0.394313834940	0.004832993150	0.000278604503	0.010535266041	-0.067751509682	0.000983716881	0.000429093071	0.012040869228	-0.016839195878	0.000604032091	0.000649237826	0.009083623101	-0.009276289964	0.000519450289	0.000483525011	0.004501437987	-0.006448725929	0.000442261685	0.000222916796	0.001467931355	-0.003929969344	0.000275978649	0.000053414050	0.000310700343	-0.001934089092	0.000127394888	0.000007479415	0.000122051941	-0.000880582830	0.000075734620	0.000024744385	0.000131840976	-0.000576467359	0.000064070433	0.000014576004	0.000035127895	-0.000415464253	0.000052981728	-0.000002236697	-0.000059991207	-0.000249211669	0.000027167009	-0.000015081066	-0.000056071129	-0.000080658215
5000.000000000000	4.999743465910	3.553245932166	-1.745258324288	0.012188814496	0.007337974204	0.154132572733	-0.394298968977	0.004802697642	0.000278818605	0.010505829152	-0.067732616727	0.000976138964	0.000426506367	0.012036940995	-0.016871387272	0.000607352656	0.000665102784	0.009079480191	-0.009301788326	0.000529107478	0.000477708808	0.004497944326	-0.006466977953	0.000447114678	0.000228414824	0.001459599647	-0.003932003521	0.000270043946	0.000057862202	0.000313686413	-0.001934963976	0.000115764763	0.000014898244	0.000121349996	-0.000884053043	0.000075530750	0.000020775832	0.000135540179	-0.000577715015	0.000066463549	0.000011900913	0.000033815882	-0.000416789736	0.000052514109	-0.000003641960	-0.000060683571	-0.000251545525	0.000016792305	-0.000010910407	-0.000057043909	-0.000080380659
5000.000000000000	4.999463530930	3.547304872127	-1.746438716187	0.012206442729	0.007334810712	0.153811530500	-0.394252627927	0.004823713988	0.000269640591	0.010527454591	-0.067688468661	0.000983961621	0.000438502438	0.012043455665	-0.016887695614	0.000608333078	0.000659896607	0.009078047497	-0.009313905120	0.000525248335	0.000479503833	0.004493618726	-0.006468492314	0.000442045522	0.000221752049	0.001456123810	-0.003935069637	0.000275149119	0.000056423780	0.000313558174	-0.001937293535	0.000129905449	0.000003606689	0.000115217624	-0.000892190061	0.000074400796	0.000021501232	0.000133388736	-0.000581318204	0.000067211026	0.000012647469	0.000035371617	-0.000417360317	0.000053227940	-0.000003335570	-0.000060503377	-0.000250716422	0.000026575132	-0.000007662296	-0.000056965523	-0.000081777785
5000.000000000000	5.000273058006	3.541826620131	-1.747659731537	0.012209297347	0.007316110293	0.153482484686	-0.394250632499	0.004804498831	0.000265995949	0.010504108376	-0.067671872663	0.000983990648	0.000436269331	0.012042871897	-0.016916631773	0.000606610919	0.000665963433	0.009069545296	-0.009327398067	0.000525697155	0.000479459428	0.004490281523	-0.006482512092	0.000442620050	0.000220520765	0.001453191268	-0.003937067105	0.000281498706	0.000062456063	0.000309892865	-0.001945133082	0.000120900410	0.000013530926	0.000124074723	-0.000885798273	0.000074012972	0.000025032775	0.000134646120	-0.000580996970	0.000067897447	0.000013987420	0.000034638529	-0.000418227836	0.000052656662	-0.000002794789	-0.000061588155	-0.000250779815	0.000025225519	-0.000014157387	-0.000056438082	-0.000081550323
5000.000000000000	4.999670157454	3.537243073645	-1.748739277997	0.012228881948	0.007312468014	0.153191578210	-0.394192484265	0.004824870138	0.000283265492	0.010506823056	-0.067626290829	0.000979615704	0.000424882754	0.012064142256	-0.016925521743	0.000598580688	0.000648365462	0.009068643541	-0.009342647861	0.000526258242	0.000475077588	0.004479464502	-0.006481077699	0.000449969699	0.000221532264	0.001453618606	-0.003935172262	0.000277654379	0.000057676946	0.000313263983	-0.001940347955	0.000128868542	0.000016554534	0.000119343671	-0.000887482673	0.000080818046	0.000025010171	0.000135210579	-0.000580280664	0.000066138155	0.000014266065	0.000033384027	-0.000417301960	0.000053512237	-0.000003656076	-0.000062136266	-0.000252105764	0.000023157317	-0.000019739456	-0.000057704945	-0.000080386190
5000.000000000000	5.000383278424	3.533409265878	-1.749728343909	0.012222095476	0.007308408711	0.152884648014	-0.394154602327	0.004807350223	0.000275207963	0.010516329944	-0.067598286602	0.000978163799	0.000437023524	0.012059094789	-0.016947408818	0.000613407735	0.000669852004	0.009061770806	-0.009357908072	0.000523398344	0.000482704971	0.004483190837	-0.006489025017	0.000452371663	0.000224269447	0.001450898870	-0.003938368084	0.000282395530	0.000051714600	0.000304733390	-0.001938302332	0.000129367572	0.000021509865	0.000118944147	-0.000907695549	0.000078372174	0.000021762322	0.000133743136	-0.000582183325	0.000065332126	0.000012658632	0.000033550020	-0.000419016906	0.000051829538	-0.000002956250	-0.000061406028	-0.000252272889	0.000014591016	-0.000015163879	-0.000058002421	-0.000080940354
5000.000000000000	4.999902300618	3.529856541082	-1.750563638341	0.012213722215	0.007296681984	0.152666507302	-0.394091885933	0.004811384506	0.000265621691	0.010533249434	-0.067559498415	0.000984198078	0.000441583702	0.012060690353	-0.016947985090	0.000606204924	0.000664538711	0.009063219104	-0.009352974546	0.000530374203	0.000481369582	0.004482741185	-0.006493373155	0.000449135686	0.000223886616	0.001451049422	-0.003950152941	0.000276046272	0.000058061442	0.000314253800	-0.001944776568	0.000122884370	0.000020854615	0.000115459958	-0.000898398018	0.000074075329	0.000024717789	0.000133794668	-0.000583263450	0.000066054454	0.000012580833	0.000033356620	-0.000418618811	0.000052637061	-0.000004287577	-0.000061643341	-0.000251653649	0.000017729233	-0.000011614475	-0.000057020638	-0.000080763822
5000.000000000000	4.999407930972	3.525652240897	-1.751756097785	0.012250329741	0.007286068127	0.152320060116	-0.394073206201	0.004804607155	0.000274284290	0.010491993333	-0.067541346573	0.000982168919	0.000428902822	0.012059138227	-0.016966648450	0.000603342122	0.000671706396	0.009061180211	-0.009369551257	0.000528764307	0.000476041703	0.004472816488	-0.006502946196	0.000443943809	0.000220218398	0.001446310873	-0.003946424103	0.000280323109	0.000050146816	0.000304881557	-0.001935814621	0.000114415608	0.000007864512	0.000123101736	-0.000882615318	0.000078897214	0.000024982048	0.000133972705	-0.000585418530	0.000065995885	0.000015309452	0.000031228665	-0.000420825144	0.000054212443	-0.000003028211	-0.000063831798	-0.000251550888	0.000023946809	-0.000012236463	-0.000056580702	-0.000081009274
5000.000000000000	4.999854804604	3.523174871141	-1.752263169372	0.012223810541	0.007283531881	0.152265205704	-0.394097290730	0.004800401795	0.000261180162	0.010518868918	-0.067536593142	0.000989274612	0.000433225095	0.012071661692	-0.016971722511	0.000609195815	0.000659670329	0.009063999590	-0.009382407028	0.000523603002	0.000481602954	0.004474598914	-0.006502997965	0.000444668677	0.000222109467	0.001447680275	-0.003944037768	0.000274742292	0.000051549777	0.000309543704	-0.001938140968	0.000135791805	0.000007873313	0.000122741906	-0.000896967218	0.000077072542	0.000020595257	0.000134958865	-0.000583843045	0.000068179761	0.000014490087	0.000032591488	-0.000420155103	0.000052479005	-0.000005420340	-0.000064153711	-0.000252770412	0.000016655064	-0.000012133154	-0.000057026376	-0.000080675675
5000.000000000000	4.999869147135	3.519687018317	-1.752997854245	0.012238347929	0.007285022249	0.152105440490	-0.394111130983	0.004791514649	0.000261812551	0.010536089205	-0.067531154161	0.000985624786	0.000439852423	0.012079961839	-0.016998933845	0.000601575612	0.000673639626	0.009061414096	-0.009384940607	0.000531337124	0.000478574453	0.004471724547	-0.006507406898	0.000448761913	0.000215271305	0.001449896376	-0.003946548277	0.000276536447	0.000056466788	0.000306401837	-0.001943670244	0.000128848592	0.000007605989	0.000110233387	-0.000890313416	0.000070443470	0.000021270750	0.000134027633	-0.000587052351	0.000068381651	0.000014544887	0.000031388262	-0.000421651590	0.000053106367	-0.000005065983	-0.000063245505	-0.000252075685	0.000012950980	-0.000013269037	-0.000057565218	-0.000081494468
5000.000000000000	4.999607209309	3.517418474973	-1.753672040177	0.012237756748	0.007282545582	0.151941730705	-0.394081178805	0.004805215275	0.000259801270	0.010531940921	-0.067511266797	0.000984544038	0.000429178806	0.012090250430	-0.017003939965	0.000603017913	0.000659649442	0.009063053666	-0.009389196334	0.000525317887	0.000479630783	0.004474131499	-0.006513778380	0.000445011923	0.000221807246	0.001443395043	-0.003950554934	0.000275696079	0.000061332873	0.000315902697	-0.001942900122	0.000120746786	0.000010267068	0.000118616239	-0.000900264493	0.000078071429	0.000015721355	0.000133031226	-0.000585839361	0.000064362464	0.000012284292	0.000032043363	-0.000421885939	0.000054226626	-0.000004077262	-0.000064103435	-0.000252658181	0.000017250171	-0.000014418711	-0.000057754398	-0.000081266652
5000.000000000000	4.999727517987	3.516552024834	-1.754429889858	0.012248508239	0.007275586866	0.151792548531	-0.394115619816	0.004802632947	0.000279722377	0.010512126815	-0.067512203689	0.000986187596	0.000437666587	0.012082009863	-0.017022419783	0.000618252589	0.000664344689	0.009061359828	-0.009400231367	0.000535704724	0.000481724787	0.004470516167	-0.006514604019	0.000450322000	0.000225379816	0.001448668543	-0.003951191745	0.000282933374	0.000048602666	0.000299632391	-0.001948515449	0.000129390707	0.000012251072	0.000114875245	-0.000896660192	0.000080699295	0.000022425866	0.000132294950	-0.000586151814	0.000066761605	0.000011784033	0.000031256552	-0.000423533325	0.000052124585	-0.000002857866	-0.000063299954	-0.000252564748	0.000021433197	-0.000013643010	-0.000057137800	-0.000081465651
5000.000000000000	5.000424244067	3.514537309376	-1.755036579804	0.012250489848	0.007279415172	0.151674549591	-0.394152584264	0.004796705148	0.000259108592	0.010514113609	-0.067508298817	0.000986503071	0.000441044363	0.012085616153	-0.017024326314	0.000608707430	0.000674374335	0.009046547954	-0.009400821572	0.000531613020	0.000480536697	0.004473767203	-0.006520109442	0.000447534858	0.000222984177	0.001442791291	-0.003955989159	0.000274975721	0.000053124883	0.000309575389	-0.001940292167	0.000131512815	0.000007946268	0.000120392487	-0.000903673702	0.000077278710	0.000021948164	0.000132856983	-0.000588774738	0.000069273513	0.000011869183	0.000031533617	-0.000422499255	0.000052729888	-0.000004369189	-0.000063449806	-0.000252867451	0.000032104869	-0.000010567265	-0.000057489378	-0.000080109486
5000.000000000000	4.999728822838	3.511357912308	-1.755582360896	0.012243668355	0.007258211830	0.151495478368	-0.394112370349	0.004783179409	0.000245422886	0.010517851131	-0.067491377402	0.000987312647	0.000435781246	0.012089999793	-0.017032261486	0.000616510465	0.000669034483	0.009059655127	-0.009410436916	0.000530185924	0.000475592280	0.004466540203	-0.006523965999	0.000444104784	0.000225756904	0.001436871129	-0.003955584632	0.000279568077	0.000056266357	0.000305715235	-0.001939264450	0.000131697221	0.000000719247	0.000108813509	-0.000898247630	0.000076091060	0.000024502688	0.000132195344	-0.000586813947	0.000069238132	0.000013045496	0.000031229244	-0.000422583134	0.000052678255	-0.000003879463	-0.000064197910	-0.000252854316	0.000029636161	-0.000021495724	-0.000058022374	-0.000082097149
5000.000000000000	5.000547266796	3.510943746152	-1.755824041902	0.012254796019	0.007268488819	0.151519110443	-0.394116838788	0.004779506243	0.000264144601	0.010531747915	-0.067480519026	0.000986698040	0.000429393005	0.012094950515	-0.017038505384	0.000607655635	0.000678876107	0.009060160982	-0.009414421676	0.000531423885	0.000482749001	0.004472089836	-0.006524667671	0.000445138546	0.000218752312	0.001445776283	-0.003952088321	0.000272126268	0.000056663333	0.000312022409	-0.001940452312	0.000130133246	0.000011439489	0.000118872771	-0.000899096757	0.000078209671	0.000020417006	0.000134015423	-0.000587946669	0.000065985815	0.000010982355	0.000032079056	-0.000422110263	0.000053306271	-0.000004765737	-0.000064042917	-0.000253452948	0.000027242165	-0.000018772097	-0.000057749477	-0.000082000660
5000.000000000000	4.999825525761	3.509624744238	-1.756635280386	0.012242281502	0.007260769253	0.151291605106	-0.394105703228	0.004785705516	0.000269162244	0.010518514701	-0.067468749397	0.000981567826	0.000437367299	0.012089900518	-0.017040667964	0.000612894480	0.000658791291	0.009060518770	-0.009421146269	0.000531577134	0.000473094945	0.004463359446	-0.006526963407	0.000450311085	0.000218463927	0.001436443121	-0.003956824339	0.000278758347	0.000057657887	0.000309991542	-0.001945914258	0.000123143480	0.000008425029	0.000120057723	-0.000887719757	0.000079064493	0.000021921908	0.000134976880	-0.000589799753	0.000066981457	0.000013497647	0.000029501680	-0.000422290567	0.000053534606	-0.000002549728	-0.000063876871	-0.000253007947	0.000023697235	-0.000016013519	-0.000057514380	-0.000081221460
5000.000000000000	4.999661576765	3.507940116457	-1.757138535511	0.012258178322	0.007263607514	0.151213106596	-0.394157421478	0.004799826184	0.000248609870	0.010519570648	-0.067480122236	0.000986536956	0.000437709171	0.012099690480	-0.017055536159	0.000608985279	0.000670909451	0.009047746016	-0.009431768293	0.000530727297	0.000476495213	0.004461606060	-0.006532209882	0.000448889934	0.000220358620	0.001443900107	-0.003957850215	0.000276284858	0.000049236561	0.000306732185	-0.001942601076	0.000130588434	0.000004312415	0.000114583288	-0.000891910470	0.000079236888	0.000018518834	0.000132658089	-0.000589855272	0.000068404826	0.000011583476	0.000030290490	-0.000422766785	0.000054893032	-0.000003630819	-0.000064899662	-0.000253377053	0.000030187633	-0.000008111866	-0.000057809087	-0.000081483678
5000.000000000000	5.000048094266	3.506425842039	-1.757508609992	0.012270232869	0.007268541457	0.151158093735	-0.394182190784	0.004788332426	0.000265634421	0.010519252004	-0.067475410764	0.000983556348	0.000443562944	0.012088606687	-0.017063034757	0.000619954864	0.000656615945	0.009056661329	-0.009435161633	0.000528632358	0.000478292459	0.004459683324	-0.006530370733	0.000445717952	0.000217752202	0.001436334928	-0.003955939757	0.000273480467	0.000041025050	0.000305829262	-0.001943510605	0.000128556752	0.000025573673	0.000119421975	-0.000907147780	0.000080767689	0.000022403102	0.000133957897	-0.000590211455	0.000068959765	0.000013024494	0.000031166040	-0.000422667202	0.000052812589	-0.000003818854	-0.000063360748	-0.000253138065	0.000032635784	-0.000014952392	-0.000057457501	-0.000081103624
5000.000000000000	4.999640738662	3.505316280952	-1.757751965507	0.012266756797	0.007244731831	0.151114287390	-0.394169407970	0.004800369547	0.000263376263	0.010542582400	-0.067451525019	0.000981075316	0.000439587070	0.012098964535	-0.017060817658	0.000615238087	0.000669011343	0.009063573077	-0.009438914329	0.000530986714	0.000478106294	0.004462093634	-0.006534110820	0.000450454740	0.000219541468	0.001437815382	-0.003957286221	0.000274300912	0.000057056849	0.000308826839	-0.001948288185	0.000128636109	0.000016015913	0.000112494214	-0.000899818943	0.000085106297	0.000023607097	0.000135799699	-0.000587708502	0.000067754860	0.000012451934	0.000030905305	-0.000424361275	0.000052828082	-0.000003119685	-0.000063970296	-0.000252209299	0.000023836406	-0.000018033422	-0.000057149041	-0.000081013040
5000.000000000000	5.000646968604	3.504533335984	-1.758086508556	0.012272075599	0.007248635805	0.151087716796	-0.394196224824	0.004800458029	0.000258491744	0.010533712866	-0.067467600899	0.000976031887	0.000441449193	0.012105737607	-0.017077009172	0.000604533852	0.000645357002	0.009061475776	-0.009441143184	0.000532988968	0.000480979262	0.004467272938	-0.006540264276	0.000451226120	0.000218864647	0.001434833025	-0.003957783395	0.000276625285	0.000047118981	0.000304850145	-0.001947699495	0.000114277014	0.000024821056	0.000124210868	-0.000890048542	0.000080144057	0.000018713167	0.000134855973	-0.000588612333	0.000064594832	0.000014478374	0.000030542208	-0.000422828537	0.000052415386	-0.000003762521	-0.000063771710	-0.000251951277	0.000023062714	-0.000010589217	-0.000057260441	-0.000081161332
5000.000000000000	5.000193446184	3.504317837774	-1.758492159054	0.012275350188	0.007253010599	0.150969626667	-0.394134890923	0.004779725836	0.000253524581	0.010540381492	-0.067445403359	0.000987182730	0.000430061270	0.012111826885	-0.017073200629	0.000617654553	0.000664663001	0.009052611337	-0.009437216089	0.000532469068	0.000477646977	0.004457793328	-0.006538575158	0.000448175810	0.000220556655	0.001434867194	-0.003957999862	0.000283200439	0.000055147436	0.000308745844	-0.001939804632	0.000131333820	0.000010821885	0.000119289600	-0.000899234618	0.000076186531	0.000021019150	0.000134005656	-0.000590979845	0.000066502348	0.000013618522	0.000031090258	-0.000424386153	0.000052046611	-0.000004117416	-0.000064547433	-0.000252635606	0.000025651102	-0.000008448451	-0.000057583727	-0.000080807774
5000.000000000000	4.999265930943	3.501386199905	-1.759018599737	0.012269674405	0.007246722145	0.150817302706	-0.394161358753	0.004784191642	0.000239716691	0.010518786628	-0.067441984518	0.000979042377	0.000436808655	0.012103704151	-0.017083350383	0.000594101795	0.000659443165	0.009050064118	-0.009448985601	0.000527315475	0.000482256991	0.004453362844	-0.006544084233	0.000447389111	0.000225326550	0.001434484617	-0.003961041747	0.000278660388	0.000052694973	0.000303788270	-0.001947470645	0.000115418175	0.000026189074	0.000130999148	-0.000892982027	0.000079714740	0.000020698320	0.000132049156	-0.000588992794	0.000069114868	0.000013906901	0.000029429107	-0.000424440860	0.000052515439	-0.000005288623	-0.000065070557	-0.000253314005	0.000020440233	-0.000015155920	-0.000057448468	-0.000080314177
5000.000000000000	5.000128391859	3.501002439418	-1.759003418367	0.012278734944	0.007233814794	0.150923556493	-0.394221090354	0.004792264220	0.000260729171	0.010551645729	-0.067458086602	0.000989868928	0.000437440982	0.012111036193	-0.017088849636	0.000600357007	0.000677070127	0.009053174028	-0.009446048909	0.000535175841	0.000477275060	0.004462433226	-0.006540958723	0.000448060619	0.000224784249	0.001438884105	-0.003961629602	0.000273490416	0.000056980493	0.000303447326	-0.001942045902	0.000135304160	0.000008990312	0.000122957808	-0.000897329012	0.000076237487	0.000015896358	0.000133895750	-0.000593267648	0.000068440712	0.000012286627	0.000031121485	-0.000423670848	0.000055229424	-0.000002874615	-0.000064139621	-0.000254956181	0.000030810724	-0.000011629773	-0.000056919581	-0.000081600849
5000.000000000000	5.000139794004	3.500672043951	-1.759290082327	0.012272938627	0.007247262839	0.150850727103	-0.394211938515	0.004785409712	0.000260339884	0.010552648861	-0.067449464985	0.000979130110	0.000436176401	0.012114120038	-0.017090221162	0.000625364979	0.000664320587	0.009059126985	-0.009451938019	0.000530239612	0.000474875432	0.004465268543	-0.006540387367	0.000451746859	0.000220123081	0.001439925616	-0.003960073209	0.000278547377	0.000054101190	0.000302939880	-0.001947975073	0.000125858242	0.000016002070	0.000121021546	-0.000896010886	0.000079967569	0.000020349550	0.000133233103	-0.000590594166	0.000066413236	0.000012281246	0.000030146101	-0.000424149246	0.000052718061	-0.000004102719	-0.000064423736	-0.000254552209	0.000032477115	-0.000008833570	-0.000057082423	-0.000081208943
5000.000000000000	4.999804988728	3.500045945735	-1.759799036866	0.012284179323	0.007235069875	0.150774014988	-0.394230593225	0.004798584545	0.000262018168	0.010531827332	-0.067447484837	0.000981521209	0.000437019181	0.012108612484	-0.017094051922	0.000610143908	0.000686026318	0.009050867955	-0.009449115751	0.000531663145	0.000479105191	0.004456780626	-0.006546606502	0.000448478408	0.000222702197	0.001431792057	-0.003959910518	0.000278724317	0.000057334178	0.000307781308	-0.001952737934	0.000122098561	0.000007322192	0.000117933346	-0.000894361722	0.000082256516	0.000020973057	0.000134398312	-0.000591528696	0.000067749881	0.000013313811	0.000030628300	-0.000424349656	0.000054088608	-0.000004639642	-0.000064366475	-0.000253689823	0.000022302388	-0.000009456845	-0.000058906758	-0.000080878897
5000.000000000000	5.000166931329	3.499989836815	-1.760080417867	0.012271672505	0.007261947353	0.150743981455	-0.394307823735	0.004800118995	0.000257108967	0.010522755202	-0.067458943687	0.000986121923	0.000431705984	0.012113945675	-0.017093237129	0.000605720737	0.000660222035	0.009052208429	-0.009454083493	0.000531418284	0.000475789991	0.004456596132	-0.006542268124	0.000446877378	0.000219371977	0.001432085162	-0.003966930244	0.000271619742	0.000052785345	0.000305687437	-0.001946197101	0.000136875484	0.000008637793	0.000119171670	-0.000904742927	0.000082808412	0.000015723787	0.000134328069	-0.000591372358	0.000069118692	0.000014225774	0.000030229436	-0.000426179270	0.000053176172	-0.000004546595	-0.000063286669	-0.000254337474	0.000023491967	-0.000009786347	-0.000057658019	-0.000081952538
5000.000000000000	5.000534309762	3.499893999928	-1.760203454745	0.012288966726	0.007249263298	0.150747852482	-0.394275269748	0.004779931679	0.000259247520	0.010552357369	-0.067449144842	0.000981363658	0.000437906020	0.012119246019	-0.017104034148	0.000616947332	0.000646829460	0.009056241610	-0.009455827292	0.000532590228	0.000485888891	0.004461859007	-0.006549872390	0.000447169678	0.000218549284	0.001435549373	-0.003963908522	0.000277321151	0.000058771845	0.000306541175	-0.001950907025	0.000119809754	0.000017984036	0.000118731329	-0.000912342111	0.000078302792	0.000023219779	0.000134553117	-0.000590903976	0.000068185049	0.000014196962	0.000031407508	-0.000426156439	0.000054391415	-0.000004456548	-0.000065113170	-0.000253998894	0.000033611854	-0.000013316159	-0.000058175140	-0.000080513926
5000.000000000000	4.999166735837	3.498954136808	-1.760555094586	0.012280854226	0.007238403236	0.150624494094	-0.394246818852	0.004765293959	0.000251980876	0.010538096092	-0.067434336969	0.000987332634	0.000434147282	0.012117911299	-0.017104838581	0.000612860568	0.000673132933	0.009043617170	-0.009460282429	0.000529873685	0.000479161258	0.004454078121	-0.006552567440	0.000453840693	0.000219281469	0.001433967014	-0.003964028470	0.000273994624	0.000056392877	0.000307213326	-0.001950925838	0.000119272110	0.000015014693	0.000107313340	-0.000897174648	0.000081162432	0.000024008880	0.000133647315	-0.000589823571	0.000065829138	0.000012921532	0.000029714720	-0.000426344288	0.000052957715	-0.000005167725	-0.000064483484	-0.000254810589	0.000015997386	-0.000018207048	-0.000058053290	-0.000081071682
5000.000000000000	4.999494639283	3.499311858233	-1.760757536929	0.012287356626	0.007241909270	0.150657368287	-0.394280483384	0.004773113981	0.000259055219	0.010544225588	-0.067450811879	0.000980142678	0.000446772797	0.012119133564	-0.017110304450	0.000624040215	0.000672497797	0.009056357454	-0.009458176442	0.000537202633	0.000477054102	0.004460279256	-0.006550822161	0.000449352999	0.000217729692	0.001431394659	-0.003963574469	0.000278901783	0.000053453635	0.000301159128	-0.001948840369	0.000124507657	0.000025289432	0.000120444315	-0.000901746798	0.000076788578	0.000026197827	0.000132151375	-0.000590367533	0.000069241800	0.000014022436	0.000030740996	-0.000425123830	0.000053509976	-0.000004650796	-0.000065032976	-0.000252719125	0.000022650231	-0.000014434249	-0.000057914463	-0.000080704674
5000.000000000000	5.000944042084	3.498282616975	-1.760713928734	0.012275409598	0.007235117851	0.150709026127	-0.394355303807	0.004785029888	0.000233577401	0.010553326336	-0.067468282421	0.000988256432	0.000442886324	0.012123790546	-0.017108405586	0.000632224090	0.000662577159	0.009060562627	-0.009464590218	0.000532982898	0.000480111475	0.004462233232	-0.006549204481	0.000449822505	0.000222253676	0.001437251052	-0.003965895935	0.000274477983	0.000055509931	0.000303545102	-0.001949414542	0.000120562730	0.000010622241	0.000115699055	-0.000909812437	0.000076426817	0.000019514380	0.000133550060	-0.000594136034	0.000065841327	0.000010437501	0.000029446607	-0.000424459188	0.000053798356	-0.000004211676	-0.000064827056	-0.000252750408	0.000028451259	-0.000013057663	-0.000055747620	-0.000081013605
5000.000000000000	4.999406371508	3.497595388795	-1.761018343877	0.012279955278	0.007245625554	0.150592918264	-0.394269941582	0.004794957309	0.000247570805	0.010548075499	-0.067425697701	0.000984969597	0.000442266744	0.012125369161	-0.017104861169	0.000619323297	0.000664190673	0.009063371867	-0.009464983030	0.000527959123	0.000477690607	0.004459713865	-0.006553647747	0.000446668498	0.000214233412	0.001430383932	-0.003967099546	0.000282866994	0.000054857773	0.000309169716	-0.001950413291	0.000119043600	0.000019215764	0.000121414322	-0.000896244273	0.000079782229	0.000021697931	0.000132120414	-0.000592416399	0.000067994570	0.000012539557	0.000030162007	-0.000425417752	0.000052528050	-0.000003560257	-0.000062692282	-0.000252831510	0.000017286943	-0.000016220927	-0.000057452576	-0.000081665649
5000.000000000000	4.999915932303	3.497479203097	-1.761018311837	0.012274368242	0.007244842888	0.150664268816	-0.394325197712	0.004784822442	0.000244023752	0.010564338729	-0.067450558018	0.000980893684	0.000437961666	0.012128000023	-0.017111911022	0.000633936893	0.000662270470	0.009057007661	-0.009468469565	0.000531662857	0.000468957919	0.004461692049	-0.006549626338	0.000446309093	0.000215553760	0.001434968950	-0.003963558955	0.000283261998	0.000051976204	0.000308905508	-0.001951288680	0.000126182948	0.000015794519	0.000113840434	-0.000890382504	0.000080631794	0.000022347283	0.000135486859	-0.000592585676	0.000065498052	0.000011056521	0.000029998365	-0.000425242716	0.000052779082	-0.000003510797	-0.000064668651	-0.000254261347	0.000021994356	-0.000012085789	-0.000057204907	-0.000081154639
5000.000000000000	4.999896385858	3.497507719123	-1.761358360509	0.012274499263	0.007245730040	0.150641428154	-0.394392036405	0.004775004161	0.000243776592	0.010553168739	-0.067466209553	0.000980502168	0.000437090406	0.012129214865	-0.017117692703	0.000608216351	0.000665655338	0.009059256485	-0.009458172175	0.000531193756	0.000478691740	0.004464140759	-0.006552977405	0.000450786035	0.000217279305	0.001434978551	-0.003969413278	0.000273597797	0.000054285613	0.000304262202	-0.001948962710	0.000121243457	0.000015328363	0.000128241646	-0.000901868539	0.000080762700	0.000020585066	0.000135181469	-0.000589166336	0.000069964717	0.000013956161	0.000029347432	-0.000426745518	0.000053683436	-0.000004507665	-0.000064719947	-0.000254207872	0.000027450469	-0.000020453019	-0.000058264061	-0.000081300086
5000.000000000000	5.000948813865	3.496686504682	-1.761492043097	0.012273405093	0.007237846410	0.150632308220	-0.394438523571	0.004789261408	0.000250318682	0.010553653429	-0.067471508075	0.000980367491	0.000447497593	0.012118802357	-0.017117323941	0.000606515776	0.000680901358	0.009057265311	-0.009476909028	0.000534886466	0.000474357679	0.004454224996	-0.006557264845	0.000446376506	0.000223526596	0.001436668675	-0.003964934998	0.000276887796	0.000053121589	0.000302066760	-0.001949637584	0.000129397508	0.000020824918	0.000124421950	-0.000895854557	0.000081329442	0.000020564448	0.000137197291	-0.000592653784	0.000068399954	0.000011639167	0.000029553190	-0.000425197495	0.000053738706	-0.000003872742	-0.000064784104	-0.000251975529	0.000029508495	-0.000018204630	-0.000057528413	-0.000081246299
5000.000000000000	4.999647027495	3.496267885724	-1.761747719595	0.012291918857	0.007243957168	0.150560001362	-0.394380731441	0.004781838354	0.000248513383	0.010548514528	-0.067450751366	0.000980032266	0.000443518476	0.012126914916	-0.017115417520	0.000610777373	0.000666370724	0.009051957174	-0.009481500836	0.000533027799	0.000468351467	0.004456942303	-0.006553837831	0.000450833223	0.000227459496	0.001432803039	-0.003970669215	0.000279394289	0.000054810859	0.000306714599	-0.001956319186	0.000129710217	0.000008887170	0.000112612911	-0.000903358848	0.000076083877	0.000023525485	0.000133113355	-0.000594277902	0.000065098041	0.000013851753	0.000030545617	-0.000425264479	0.000053771936	-0.000003431512	-0.000064478518	-0.000255038167	0.000019836135	-0.000014275188	-0.000058113995	-0.000080647460
5000.000000000000	5.000653143078	3.496878728139	-1.761934170277	0.012266826847	0.007240405095	0.150615615719	-0.394459867469	0.004768940598	0.000250382540	0.010555813391	-0.067469655376	0.000982608776	0.000447436256	0.012130221007	-0.017130285863	0.000628523075	0.000667384100	0.009056584242	-0.009478656727	0.000529366802	0.000486551531	0.004464229448	-0.006559676327	0.000449195990	0.000217372086	0.001432327270	-0.003967848610	0.000278947640	0.000052190891	0.000303946574	-0.001950780062	0.000131704218	0.000006216687	0.000120282170	-0.000909119062	0.000084902444	0.000019445407	0.000134541621	-0.000591908159	0.000067073615	0.000011561512	0.000031027194	-0.000427138452	0.000053014254	-0.000003595069	-0.000064204260	-0.000255206586	0.000027986050	-0.000016193304	-0.000057014806	-0.000081550966
5000.000000000000	4.999883304126	3.496699453673	-1.762192974561	0.012286196357	0.007244587180	0.150512269672	-0.394418095808	0.004784914626	0.000250283785	0.010558979212	-0.067454728023	0.000983813361	0.000440750111	0.012123000717	-0.017121239626	0.000604255278	0.000655062328	0.009049757867	-0.009470206519	0.000525237285	0.000483314835	0.004451554229	-0.006556101053	0.000449339585	0.000223391542	0.001433793935	-0.003967634705	0.000279628902	0.000054143425	0.000302795530	-0.001948863082	0.000120357566	0.000015311770	0.000119478762	-0.000903786147	0.000083100386	0.000017148492	0.000133732312	-0.000590093684	0.000067179027	0.000014228361	0.000031083357	-0.000425339993	0.000054325231	-0.000005140461	-0.000064715378	-0.000252904713	0.000014315397	-0.000009778122	-0.000057602642	-0.000080481071
5000.000000000000	4.999375650898	3.496878890304	-1.762214968277	0.012289285590	0.007236009606	0.150565956375	-0.394430985856	0.004782052321	0.000255414759	0.010554673903	-0.067468822798	0.000991982066	0.000441130047	0.012142092788	-0.017122753955	0.000613628795	0.000671704580	0.009065137310	-0.009486682030	0.000537450232	0.000473713364	0.004458859141	-0.006556195998	0.000447478627	0.000218486032	0.001434841912	-0.003961864643	0.000283446145	0.000053981316	0.000305162345	-0.001948765526	0.000123930261	0.000013160655	0.000115679226	-0.000894113476	0.000079699934	0.000021987959	0.000134244820	-0.000590930255	0.000067570245	0.000015334179	0.000028853929	-0.000426119402	0.000052326600	-0.000004457356	-0.000065018767	-0.000254227445	0.000028662014	-0.000016905095	-0.000057579499	-0.000080892860
5000.000000000000	4.999914757104	3.496334842877	-1.762269716176	0.012285453422	0.007250239524	0.150555331091	-0.394463450998	0.004768818758	0.000259067898	0.010557101964	-0.067460480425	0.000979338484	0.000436700171	0.012124365607	-0.017133151307	0.000622352989	0.000668466522	0.009060532006	-0.009478925805	0.000534989710	0.000478930005	0.004460515695	-0.006558383160	0.000448560469	0.000219378942	0.001434613164	-0.003963403437	0.000276920515	0.000048195617	0.000307726639	-0.001954190741	0.000123405783	0.000021685858	0.000107968358	-0.000895544810	0.000080119137	0.000023423377	0.000133005664	-0.000591241045	0.000067442189	0.000011407625	0.000029114088	-0.000425215306	0.000053129006	-0.000003175137	-0.000064798517	-0.000253474543	0.000021821205	-0.000014766050	-0.000057419179	-0.000081701466
5000.000000000000	4.999817981056	3.496471179798	-1.762351206424	0.012274225198	0.007239526800	0.150584560425	-0.394473528953	0.004783486623	0.000255621756	0.010556629617	-0.067469609539	0.000986880311	0.000439351388	0.012137336211	-0.017127545489	0.000609642956	0.000664681729	0.009062958404	-0.009476683613	0.000531410721	0.000481505538	0.004460766954	-0.006557580187	0.000453254632	0.000221277722	0.001430361769	-0.003970837177	0.000278132462	0.000059626091	0.000306529268	-0.001953764834	0.000121809209	0.000016496236	0.000114040247	-0.000903666409	0.000074552890	0.000028365989	0.000133066435	-0.000592454200	0.000069631481	0.000014326243	0.000030377904	-0.000425159470	0.000054687328	-0.000003159438	-0.000064505889	-0.000254897618	0.000023951009	-0.000019729051	-0.000057481083	-0.000081606151
5000.000000000000	4.999829408975	3.496011633105	-1.762456905705	0.012282075252	0.007256897187	0.150575145143	-0.394528655339	0.004775645418	0.000245469038	0.010557947248	-0.067490344520	0.000972095315	0.000433588314	0.012132542785	-0.017130444149	0.000614046513	0.000665278584	0.009065203525	-0.009472395006	0.000531474310	0.000477854554	0.004462477300	-0.006562215211	0.000445493717	0.000218726812	0.001434515156	-0.003967111076	0.000274191773	0.000055607933	0.000305502001	-0.001952456823	0.000125308917	0.000016022773	0.000127214723	-0.000907401524	0.000078793188	0.000021662680	0.000132869757	-0.000590741156	0.000069455310	0.000012264851	0.000028165499	-0.000425632635	0.000054142277	-0.000004579754	-0.000065810806	-0.000254530860	0.000022796528	-0.000014470351	-0.000057849998	-0.000080932833
5000.000000000000	5.000346181142	3.497306459758	-1.762771317196	0.012294054255	0.007253207729	0.150607628711	-0.394623970412	0.004800229915	0.000249864523	0.010540666431	-0.067507028448	0.000995224001	0.000437897170	0.012127238777	-0.017138295501	0.000603908269	0.000673723419	0.009059573013	-0.009479755153	0.000528650695	0.000477269019	0.004459963051	-0.006563704275	0.000449947446	0.000218368272	0.001435791788	-0.003971361169	0.000276471884	0.000049562285	0.000299976667	-0.001953216696	0.000115462922	0.000021231663	0.000122231616	-0.000910136952	0.000082148870	0.000023225705	0.000134073957	-0.000592369175	0.000069356401	0.000014027934	0.000031820267	-0.000425537959	0.000052843959	-0.000004407705	-0.000064433562	-0.000255295844	0.000029830740	-0.000021065671	-0.000057601058	-0.000081576892
5000.000000000000	4.999659682580	3.496737524648	-1.762666318966	0.012291059065	0.007241543876	0.150607485707	-0.394575852453	0.004771038351	0.000240779421	0.010575173804	-0.067506308539	0.000975970298	0.000439546121	0.012135411801	-0.017143478897	0.000610896019	0.000656078428	0.009057734685	-0.009480059029	0.000536778095	0.000481023251	0.004465425866	-0.006562971189	0.000453419662	0.000223062935	0.001433790328	-0.003974431730	0.000276894577	0.000055788362	0.000303252098	-0.001956079623	0.000134894461	0.000008907694	0.000115181080	-0.000913419818	0.000077104044	0.000021370184	0.000134122371	-0.000592055335	0.000068016767	0.000011231477	0.000030768630	-0.000426700518	0.000052982804	-0.000003651312	-0.000065582210	-0.000255689309	0.000014110689	-0.000012622049	-0.000057814498	-0.000081445089
5000.000000000000	5.000402434913	3.498158668690	-1.762941429408	0.012292952478	0.007243429752	0.150629484804	-0.394652285338	0.004785756343	0.000252416436	0.010561358432	-0.067520182744	0.000982259459	0.000437178350	0.012134964719	-0.017140674205	0.000614846542	0.000667672583	0.009067040426	-0.009490797416	0.000532616364	0.000477515939	0.004465801862	-0.006563412299	0.000453146600	0.000224980221	0.001436642422	-0.003971717953	0.000276167532	0.000053414081	0.000308260982	-0.001956418639	0.000124472824	0.000010937666	0.000102583642	-0.000900527044	0.000073652169	0.000023452180	0.000133973468	-0.000591932774	0.000067191308	0.000010485939	0.000029649774	-0.000427381998	0.000052025016	-0.000004266257	-0.000065328695	-0.000255427763	0.000025611339	-0.000012084061	-0.000057872859	-0.000081006847
5000.000000000000	4.999989407492	3.497622574762	-1.763037229916	0.012286647019	0.007251661147	0.150603001317	-0.394623771758	0.004775613679	0.000245471556	0.010556963731	-0.067498593893	0.000986417261	0.000440271881	0.012131778440	-0.017138523522	0.000597543663	0.000680627893	0.009055860218	-0.009479729828	0.000530438163	0.000476331905	0.004455494822	-0.006565981708	0.000448260292	0.000222583603	0.001435296529	-0.003970081426	0.000286578622	0.000054422688	0.000304581535	-0.001952080772	0.000113882128	0.000020939586	0.000131154625	-0.000904858298	0.000079081650	0.000018065971	0.000132829185	-0.000591967731	0.000067781224	0.000012627318	0.000031394684	-0.000424853631	0.000053592113	-0.000003921874	-0.000065056716	-0.000253402834	0.000019952558	-0.000019855142	-0.000057448515	-0.000081967819
5000.000000000000	5.000246257992	3.497935852914	-1.763056269199	0.012292080545	0.007259623817	0.150623461021	-0.394629028324	0.004786784096	0.000250727161	0.010569323565	-0.067493261098	0.000986512905	0.000440365651	0.012138500661	-0.017136738953	0.000613537532	0.000664496523	0.009064888903	-0.009483628950	0.000534355005	0.000473743336	0.004465260644	-0.006567133084	0.000449816385	0.000221949223	0.001433325621	-0.003971676190	0.000278556304	0.000055361902	0.000305582927	-0.001952775450	0.000118372205	0.000016321751	0.000122987694	-0.000902057324	0.000076036753	0.000018176220	0.000136301917	-0.000593609124	0.000069777013	0.000010016957	0.000030482295	-0.000426447251	0.000054006392	-0.000005270812	-0.000066137702	-0.000254509934	0.000020272266	-0.000010689574	-0.000057125832	-0.000081030379
5000.000000000000	5.000043772065	3.496346547634	-1.763081453856	0.012279963585	0.007247361260	0.150632770653	-0.394661966383	0.004781568845	0.000239890235	0.010580291221	-0.067505308089	0.000980908214	0.000445183818	0.012138555074	-0.017136135317	0.000615971284	0.000637785367	0.009060959104	-0.009484859724	0.000537817929	0.000480389593	0.004464043374	-0.006567663233	0.000448934626	0.000219843939	0.001434137429	-0.003975972200	0.000278383977	0.000051180782	0.000304790370	-0.001950793211	0.000130316312	0.000016162784	0.000110353429	-0.000904443077	0.000078518282	0.000023656800	0.000133543739	-0.000591394371	0.000068301586	0.000015312513	0.000029137166	-0.000425161360	0.000053026359	-0.000003916582	-0.000064160889	-0.000254880543	0.000028229805	-0.000014324212	-0.000057991793	-0.000081688000
5000.000000000000	4.999442434746	3.496129019177	-1.763399844802	0.012284419189	0.007255157974	0.150534592410	-0.394690325814	0.004772638615	0.000257440733	0.010545190381	-0.067507262929	0.000996644586	0.000434278634	0.012120272482	-0.017138145495	0.000618396676	0.000665679638	0.009046084411	-0.009490691161	0.000533888972	0.000482280155	0.004459127717	-0.006566757654	0.000451328909	0.000218869133	0.001427724136	-0.003966397804	0.000276101664	0.000056266844	0.000300176548	-0.001950857786	0.000127620379	0.000009062259	0.000118557567	-0.000908463616	0.000076476600	0.000019014969	0.000132728715	-0.000592913553	0.000066733382	0.000012255920	0.000029515497	-0.000427083457	0.000054507175	-0.000003886706	-0.000065292450	-0.000254404202	0.000024227513	-0.000022390556	-0.000057259925	-0.000081179931
5000.000000000000	5.000897972119	3.496958461546	-1.763200265020	0.012296516292	0.007250359832	0.150715243650	-0.394774488911	0.004790773911	0.000254495885	0.010564558516	-0.067550039911	0.000991027931	0.000433562878	0.012141021346	-0.017148485946	0.000598918617	0.000667704137	0.009063073515	-0.009481202542	0.000531795126	0.000472063981	0.004464530258	-0.006565068624	0.000448071251	0.000218749054	0.001435687094	-0.003973433911	0.000273203858	0.000055740951	0.000304371068	-0.001953678754	0.000132728208	0.000012659459	0.000116620995	-0.000903146902	0.000078040947	0.000023424414	0.000135680747	-0.000592861996	0.000067916269	0.000013676437	0.000029832699	-0.000427709322	0.000052618850	-0.000004444603	-0.000065072017	-0.000254140142	0.000026867538	-0.000023654552	-0.000057745171	-0.000081610938
5000.000000000000	4.999555177627	3.496133242670	-1.763391561533	0.012295246710	0.007252679728	0.150613940028	-0.394730646555	0.004778405480	0.000254081030	0.010565281137	-0.067511694372	0.000993564882	0.000439106669	0.012139663748	-0.017144395035	0.000627804856	0.000664750916	0.009066578312	-0.009476373835	0.000527991940	0.000482519033	0.004459732261	-0.006565791726	0.000450554627	0.000222158239	0.001433342719	-0.003969741721	0.000286287181	0.000053914865	0.000307224170	-0.001955826905	0.000117149873	0.000016636917	0.000124919093	-0.000905316850	0.000076027308	0.000018142524	0.000133559744	-0.000592817984	0.000067452319	0.000013882804	0.000030482916	-0.000425826721	0.000054173332	-0.000004698631	-0.000065244409	-0.000254216434	0.000022126970	-0.000018435768	-0.000057950502	-0.000081357510
5000.000000000000	5.000796935487	3.496461998922	-1.763279441838	0.012290063072	0.007260363851	0.150722110943	-0.394787872275	0.004784711946	0.000258314006	0.010572094160	-0.067543432483	0.000988796826	0.000438763708	0.012140919688	-0.017151543219	0.000609835784	0.000663565377	0.009073472290	-0.009478988782	0.000538551339	0.000473642309	0.004464316405	-0.006570996854	0.000450381580	0.000219472821	0.001433938457	-0.003976807381	0.000271243023	0.000060337559	0.000307465562	-0.001947632579	0.000122170052	0.000011696731	0.000123722284	-0.000897820361	0.000083010960	0.000020971755	0.000134709902	-0.000591120946	0.000068954438	0.000014491868	0.000032737199	-0.000426645840	0.000053592159	-0.000004338465	-0.000065035674	-0.000255081866	0.000020741567	-0.000010462334	-0.000057317498	-0.000082245996
5000.000000000000	4.999865152802	3.496207734697	-1.763510007665	0.012294931148	0.007239325059	0.150655308076	-0.394788644227	0.004772187207	0.000232720058	0.010568483355	-0.067536748844	0.000982610349	0.000430409716	0.012150803302	-0.017154818276	0.000597609638	0.000668771038	0.009075679528	-0.009490912032	0.000531562615	0.000477748957	0.004463511047	-0.006568304726	0.000447145645	0.000217344069	0.001433146641	-0.003974367547	0.000275325893	0.000051155074	0.000306704280	-0.001954719173	0.000118350420	0.000015966165	0.000119021062	-0.000895963004	0.000076605029	0.000022085009	0.000134024518	-0.000593546302	0.000066608831	0.000013659655	0.000030728430	-0.000427246906	0.000052867201	-0.000004116702	-0.000065583819	-0.000253686025	0.000033833471	-0.000013989039	-0.000058077354	-0.000081443896
5000.000000000000	5.000860070617	3.495943154620	-1.763418906154	0.012286241345	0.007244908283	0.150715286678	-0.394823828272	0.004778518826	0.000241648344	0.010572621582	-0.067538930996	0.000986913813	0.000440497579	0.012142649909	-0.017149735302	0.000620293030	0.000665686548	0.009075581833	-0.009490740899	0.000533610272	0.000481638936	0.004466958891	-0.006565523091	0.000456803439	0.000219979747	0.001436014994	-0.003973311033	0.000278376098	0.000056711138	0.000303503531	-0.001959095384	0.000122842861	0.000012376208	0.000107273810	-0.000909143562	0.000080900629	0.000027737253	0.000131630865	-0.000592368338	0.000067352804	0.000014822608	0.000030596274	-0.000425910720	0.000052180982	-0.000004881440	-0.000064580744	-0.000253591825	0.000028436585	-0.000014366222	-0.000056442183	-0.000081367788
5000.000000000000	5.000042825217	3.496894626793	-1.763496206011	0.012299114603	0.007238350605	0.150701295441	-0.394782525844	0.004793940539	0.000266050448	0.010576277367	-0.067525013167	0.000982629101	0.000436916283	0.012143014713	-0.017153483128	0.000601469742	0.000660338637	0.009062882061	-0.009489678186	0.000532343231	0.000479466972	0.004466228488	-0.006566295390	0.000451283861	0.000218987728	0.001436542978	-0.003969813375	0.000275827682	0.000052794084	0.000309213649	-0.001954953394	0.000129041751	0.000010413081	0.000114083784	-0.000904721135	0.000077177702	0.000022183814	0.000133741907	-0.000591987958	0.000068321098	0.000015502089	0.000029497405	-0.000426224990	0.000052695393	-0.000004089115	-0.000064817351	-0.000255660449	0.000017986761	-0.000008922955	-0.000057449384	-0.000081280475
5000.000000000000	5.000013626627	3.496437985451	-1.763405107476	0.012285388050	0.007238180452	0.150755042569	-0.394812303308	0.004803453453	0.000242708158	0.010596944676	-0.067537382776	0.000986789099	0.000445937797	0.012148485175	-0.017137641451	0.000609858281	0.000680029201	0.009078580902	-0.009484177113	0.000534731710	0.000477052689	0.004472497228	-0.006564435210	0.000447575021	0.000224862057	0.001437413291	-0.003973696724	0.000275544460	0.000049778040	0.000304072408	-0.001958516716	0.000132977542	0.000010251583	0.000125066949	-0.000904060131	0.000076562523	0.000015785226	0.000132478187	-0.000595564695	0.000068624277	0.000014203099	0.000029060974	-0.000426001686	0.000052520361	-0.000003453891	-0.000064442116	-0.000253498499	0.000016628136	-0.000010959765	-0.000056551205	-0.000081810957
5000.000000000000	4.999947427645	3.496947065170	-1.763738675384	0.012305963860	0.007254639607	0.150734038768	-0.394869156099	0.004783811373	0.000265954507	0.010573304794	-0.067543703744	0.000975383778	0.000437145861	0.012137845733	-0.017151058829	0.000625315608	0.000657617101	0.009070252006	-0.009487085347	0.000530411603	0.000478839547	0.004463800409	-0.006564780372	0.000453204506	0.000218140760	0.001433723821	-0.003975805070	0.000278192330	0.000052466523	0.000304395063	-0.001952749019	0.000126801029	0.000009071344	0.000121105915	-0.000909929915	0.000078497646	0.000021098018	0.000135158674	-0.000593936675	0.000066618633	0.000015131999	0.000029353213	-0.000427593660	0.000054184895	-0.000003564795	-0.000064720443	-0.000255396407	0.000022151304	-0.000013614117	-0.000058177018	-0.000081590201
5000.000000000000	5.000286123566	3.497169680654	-1.763494090740	0.012307332641	0.007249628444	0.150806791945	-0.394872748365	0.004794354223	0.000259901211	0.010598848465	-0.067560704425	0.000982392605	0.000440660125	0.012143041878	-0.017135865940	0.000621284001	0.000674070932	0.009076126166	-0.009484538352	0.000529976127	0.000478833058	0.004470322823	-0.006566355160	0.000448320996	0.000222124575	0.001438082653	-0.003972915926	0.000275129039	0.000051231364	0.000306255147	-0.001946498935	0.000124087234	0.000010180749	0.000121373220	-0.000904002263	0.000077600059	0.000022270434	0.000132484290	-0.000592104808	0.000066487062	0.000014528689	0.000030896850	-0.000426323167	0.000053241923	-0.000005021899	-0.000065963423	-0.000255406559	0.000030744483	-0.000012822634	-0.000057843486	-0.000081494405
5000.000000000000	5.000410990961	3.497781614690	-1.763665184227	0.012290618049	0.007251448565	0.150765568675	-0.394886997037	0.004795474535	0.000263417045	0.010594626825	-0.067566414486	0.000987727059	0.000437745586	0.012146839975	-0.017144303870	0.000622465488	0.000674912785	0.009069692265	-0.009481859777	0.000529373969	0.000479099784	0.004465736274	-0.006560009959	0.000446170868	0.000223060518	0.001434338636	-0.003975381425	0.000278613071	0.000054743425	0.000301404991	-0.001955866098	0.000132629937	0.000017374307	0.000119017293	-0.000904655879	0.000079703983	0.000022695852	0.000134866444	-0.000592164624	0.000069975593	0.000013949504	0.000029937217	-0.000427726619	0.000053323187	-0.000004545937	-0.000063752503	-0.000255384276	0.000023040260	-0.000019715227	-0.000057122796	-0.000081065463
5000.000000000000	4.999675554496	3.497392466956	-1.763517508010	0.012296956202	0.007246099811	0.150839658164	-0.394849301295	0.004794749712	0.000256691137	0.010603436409	-0.067556330550	0.000985057354	0.000445905311	0.012148264564	-0.017138851229	0.000608647267	0.000661541100	0.009074296877	-0.009479520208	0.000531490406	0.000483561309	0.004469079491	-0.006565228598	0.000447379504	0.000219476611	0.001441900712	-0.003971226720	0.000284406680	0.000061170396	0.000309855071	-0.001958738374	0.000126319472	0.000008502535	0.000117062751	-0.000901930759	0.000073801503	0.000020944247	0.000133381997	-0.000593102145	0.000065452451	0.000014241696	0.000029965053	-0.000426928778	0.000053994259	-0.000003690236	-0.000064821928	-0.000255212397	0.000029055250	-0.000019220623	-0.000058235643	-0.000080201668
5000.000000000000	5.000226344559	3.497727625598	-1.763515903786	0.012282246887	0.007254058173	0.150866714029	-0.394902408996	0.004793533666	0.000241601647	0.010612584644	-0.067564554030	0.000997534528	0.000444407391	0.012152121301	-0.017138309825	0.000603752282	0.000653493584	0.009080505754	-0.009479788212	0.000536925262	0.000479829637	0.004471971688	-0.006562617180	0.000454628027	0.000223051694	0.001441028999	-0.003977369847	0.000279673685	0.000052328009	0.000307616141	-0.001958815517	0.000121522344	0.000009014501	0.000121929900	-0.000899344752	0.000078960132	0.000027815489	0.000132733057	-0.000593438473	0.000067863819	0.000016258064	0.000031067876	-0.000426486209	0.000054005163	-0.000003123162	-0.000065135580	-0.000256077533	0.000023555329	-0.000023040024	-0.000056898424	-0.000081579974
5000.000000000000	5.000394318105	3.496830275687	-1.763689967737	0.012296636435	0.007266872669	0.150849869928	-0.394942976862	0.004788086616	0.000253434942	0.010599338998	-0.067588060652	0.000981164090	0.000441607392	0.012152490469	-0.017143809767	0.000617589479	0.000663555613	0.009076782381	-0.009486053578	0.000530151665	0.000474812359	0.004470847649	-0.006565577463	0.000448101506	0.000224144144	0.001438570821	-0.003977265469	0.000276471670	0.000051377693	0.000309740924	-0.001953840847	0.000122592597	0.000020910853	0.000120341211	-0.000896252186	0.000081812715	0.000017730748	0.000135404730	-0.000592030092	0.000068664298	0.000012494800	0.000030842063	-0.000425924408	0.000054562727	-0.000005030543	-0.000063228625	-0.000254799619	0.000024228972	-0.000012371956	-0.000057495090	-0.000081857659
5000.000000000000	4.999438112941	3.497269841687	-1.763908726937	0.012305188287	0.007264272898	0.150789793981	-0.394959561151	0.004795655288	0.000257368886	0.010583454802	-0.067566736115	0.000981852052	0.000440425561	0.012139778375	-0.017145808216	0.000613316357	0.000652296507	0.009066552166	-0.009488568596	0.000535606667	0.000476369040	0.004468328717	-0.006567635354	0.000450990908	0.000223517784	0.001435721989	-0.003972912980	0.000279718509	0.000050435746	0.000299117937	-0.001954533956	0.000123635420	0.000006896103	0.000118282918	-0.000901364413	0.000079794178	0.000019700675	0.000135337529	-0.000594532464	0.000067819985	0.000011133809	0.000030458399	-0.000425835248	0.000051828985	-0.000004179075	-0.000064961431	-0.000254793590	0.000019029958	-0.000012378617	-0.000057462289	-0.000081724338
5000.000000000000	5.000930767894	3.497260378918	-1.763860590561	0.012298324232	0.007245573594	0.150866622586	-0.395017886509	0.004781828550	0.000256095561	0.010584573652	-0.067599480689	0.000979064639	0.000438135211	0.012136710873	-0.017141809877	0.000607742361	0.000652508951	0.009085952938	-0.009492443871	0.000529808720	0.000474397135	0.004470225814	-0.006569932017	0.000451490458	0.000224582572	0.001436960521	-0.003979066860	0.000274843499	0.000056071457	0.000307541038	-0.001952224150	0.000112395329	0.000017436854	0.000112762832	-0.000904251632	0.000081154280	0.000022255864	0.000132716120	-0.000590901055	0.000067953664	0.000015035911	0.000029477245	-0.000424430764	0.000053517172	-0.000004405611	-0.000064349397	-0.000255431101	0.000023182210	-0.000012392245	-0.000057524282	-0.000080739066
5000.000000000000	5.000488575872	3.497225000007	-1.763629026703	0.012298733385	0.007256377344	0.150941282755	-0.394987316727	0.004800551794	0.000249829012	0.010619659366	-0.067578574577	0.000981756219	0.000450334031	0.012148951898	-0.017134580861	0.000612709245	0.000659533074	0.009084788667	-0.009487812209	0.000534025303	0.000473836355	0.004474795901	-0.006563937312	0.000450663943	0.000220761383	0.001443584103	-0.003975189324	0.000277891460	0.000053006218	0.000310289328	-0.001949055123	0.000121357604	0.000013900803	0.000113380989	-0.000896378404	0.000077034316	0.000023045210	0.000135594047	-0.000591827418	0.000069510160	0.000014423914	0.000029993170	-0.000426618119	0.000054008402	-0.000003866331	-0.000065075394	-0.000254826868	0.000032171243	-0.000014210106	-0.000057499508	-0.000080694442
5000.000000000000	4.999453816347	3.496792418010	-1.763830595908	0.012303068663	0.007266907681	0.150856959406	-0.394977566618	0.004790164480	0.000247716960	0.010603743937	-0.067564888674	0.000992848241	0.000435704613	0.012143477429	-0.017136486291	0.000593405774	0.000671896442	0.009068506628	-0.009480143552	0.000538515236	0.000477055352	0.004468911505	-0.006568458595	0.000452794756	0.000218653877	0.001435085123	-0.003979614119	0.000276253532	0.000059010943	0.000306811622	-0.001948442342	0.000130230435	0.000015210058	0.000117984239	-0.000896161413	0.000081237467	0.000023639573	0.000134515684	-0.000592780265	0.000068207328	0.000014512923	0.000030824367	-0.000426453465	0.000053562108	-0.000003521893	-0.000063559337	-0.000253641383	0.000029953616	-0.000020034559	-0.000057306899	-0.000081627349
5000.000000000000	5.000020344828	3.496544813137	-1.763765129035	0.012298169332	0.007262297748	0.150895600536	-0.395016623591	0.004794847658	0.000251213461	0.010607753476	-0.067584094673	0.000985896144	0.000442803364	0.012148824951	-0.017146055437	0.000606402154	0.000661329852	0.009078096769	-0.009483890833	0.000535777751	0.000479966827	0.004469195431	-0.006564225388	0.000447275292	0.000220720025	0.001437214878	-0.003974773725	0.000275265872	0.000052886174	0.000306368397	-0.001951241384	0.000126478215	0.000013948887	0.000113566324	-0.000907232984	0.000080896118	0.000020634662	0.000134768222	-0.000593546058	0.000065999047	0.000013404752	0.000030684816	-0.000427936573	0.000052705016	-0.000004205193	-0.000064621224	-0.000254373982	0.000027454852	-0.000014370091	-0.000057314207	-0.000081253179
5000.000000000000	4.999635177431	3.496869974928	-1.763699443971	0.012294269306	0.007270493781	0.150894032127	-0.394966871348	0.004788807590	0.000261857013	0.010604851076	-0.067575075516	0.000986735669	0.000441831403	0.012144726476	-0.017133823940	0.000618159267	0.000682475185	0.009078289539	-0.009480852119	0.000535831653	0.000476439186	0.004466133361	-0.006562454096	0.000451496569	0.000220769592	0.001437097048	-0.003973613998	0.000281612929	0.000048744253	0.000306541408	-0.001955617753	0.000125399012	0.000015420762	0.000120557748	-0.000896104993	0.000079003120	0.000019280023	0.000133617171	-0.000595089906	0.000067089288	0.000011570210	0.000029895813	-0.000426280253	0.000054850236	-0.000003986721	-0.000064856710	-0.000255844894	0.000017336651	-0.000009426694	-0.000057069462	-0.000081504829
5000.000000000000	5.000902216277	3.496472024946	-1.763976289227	0.012299891413	0.007259672870	0.150908846217	-0.395105716621	0.004788553678	0.000253818514	0.010571695160	-0.067598464986	0.000981254168	0.000431914361	0.012147211697	-0.017149888812	0.000620487758	0.000661997539	0.009065262128	-0.009493641841	0.000538222716	0.000475721162	0.004469442344	-0.006569970033	0.000450405158	0.000221238176	0.001437637909	-0.003977434023	0.000277468416	0.000056339184	0.000303598365	-0.001953837548	0.000124692850	0.000010417908	0.000122901041	-0.000900560759	0.000082036687	0.000022528444	0.000136573396	-0.000591390145	0.000069191251	0.000012381400	0.000032100678	-0.000427307608	0.000053831463	-0.000005561894	-0.000064600658	-0.000253985231	0.000021276901	-0.000014616028	-0.000056907845	-0.000081840300
5000.000000000000	4.999547304665	3.497916964382	-1.763775858076	0.012306598211	0.007269426217	0.150963488217	-0.395007537080	0.004789842607	0.000263046288	0.010615747577	-0.067585251790	0.000977963840	0.000447946522	0.012148936826	-0.017133115802	0.000605563949	0.000677598675	0.009090884286	-0.009490294739	0.000534638493	0.000476710967	0.004474587291	-0.006569121108	0.000445637950	0.000221945438	0.001437730171	-0.003978916695	0.000277508211	0.000061767272	0.000307936419	-0.001953141495	0.000121547490	0.000025426548	0.000134337007	-0.000895409020	0.000077620724	0.000026473210	0.000138000361	-0.000588573700	0.000070384176	0.000012484648	0.000031631145	-0.000426045814	0.000053450386	-0.000005083104	-0.000064062809	-0.000253949777	0.000016303579	-0.000018848972	-0.000057134606	-0.000081895010
5000.000000000000	5.000355737411	3.499178202617	-1.764001986720	0.012313505584	0.007278940187	0.151010077517	-0.395140078257	0.004790082351	0.000254967331	0.010602383166	-0.067623516390	0.000988986709	0.000441685557	0.012147295389	-0.017150754500	0.000610968726	0.000659814137	0.009081502138	-0.009491397148	0.000529573312	0.000478198478	0.004472575388	-0.006567355487	0.000451892222	0.000219439109	0.001439341894	-0.003976415777	0.000279830092	0.000049109157	0.000308414292	-0.001954408996	0.000124869595	0.000019599362	0.000121035872	-0.000898128130	0.000079768282	0.000024657016	0.000135135458	-0.000593272270	0.000068318314	0.000013765970	0.000030775502	-0.000426100382	0.000054427669	-0.000003901072	-0.000064556210	-0.000253773685	0.000017469918	-0.000008109989	-0.000057362644	-0.000080856142
5000.000000000000	5.000461915487	3.500113005679	-1.764184299389	0.012300453719	0.007259983864	0.150998046241	-0.395150883814	0.004788285463	0.000240839354	0.010585538893	-0.067619112983	0.000994711593	0.000435385398	0.012143299518	-0.017149033563	0.000610437404	0.000672153526	0.009089297887	-0.009495422371	0.000533459757	0.000483398916	0.004475412875	-0.006568471769	0.000447987964	0.000222382361	0.001438933787	-0.003980070852	0.000274115304	0.000056765929	0.000312146034	-0.001959628545	0.000119891523	0.000015354575	0.000131803971	-0.000898091611	0.000084854736	0.000024267754	0.000134079617	-0.000593286222	0.000067316637	0.000013146021	0.000031463450	-0.000425155091	0.000053554787	-0.000004269931	-0.000064308404	-0.000254308425	0.000027789026	-0.000011509905	-0.000056873990	-0.000081990530
5000.000000000000	5.000414365004	3.498958741144	-1.764025855475	0.012307670196	0.007263772075	0.151013498581	-0.395152891539	0.004803768840	0.000247795946	0.010604347975	-0.067631997896	0.000997483209	0.000443310331	0.012137249194	-0.017146448887	0.000620693558	0.000680944396	0.009089006342	-0.009489618217	0.000531816879	0.000477207308	0.004473183339	-0.006567152910	0.000452844526	0.000224172509	0.001439461033	-0.003977485374	0.000279466427	0.000050409905	0.000307402686	-0.001954559090	0.000125414280	0.000005686153	0.000120825096	-0.000903040164	0.000075029894	0.000014792646	0.000133757283	-0.000594320053	0.000066683808	0.000012243378	0.000031230600	-0.000427191160	0.000053787566	-0.000004830257	-0.000064630018	-0.000255718493	0.000024396073	-0.000011833965	-0.000057196416	-0.000081843938
5000.000000000000	5.000968904162	3.499199552395	-1.763929504308	0.012315591247	0.007268545713	0.151088546682	-0.395181219759	0.004797118315	0.000254495693	0.010614609795	-0.067640918084	0.000979841226	0.000437398118	0.012144340986	-0.017149823786	0.000612848913	0.000663405607	0.009079358156	-0.009497078845	0.000534525912	0.000481818599	0.004475511358	-0.006568731103	0.000450719096	0.000225402508	0.001441436792	-0.003981341335	0.000280389116	0.000052654840	0.000306084625	-0.001959548011	0.000117947988	0.000012743505	0.000125982670	-0.000898398016	0.000077377757	0.000016862773	0.000136168121	-0.000592676877	0.000069512158	0.000013513807	0.000031605994	-0.000425960667	0.000052483365	-0.000002807148	-0.000064160405	-0.000255300226	0.000022293075	-0.000021145348	-0.000057181316	-0.000082275232
5000.000000000000	4.999606882052	3.499020824241	-1.764210656171	0.012323880917	0.007261153744	0.150942427977	-0.395132778181	0.004784655482	0.000248010764	0.010602373326	-0.067618403989	0.000995080034	0.000439489063	0.012140664887	-0.017144732404	0.000605534701	0.000665014930	0.009073071724	-0.009496389259	0.000532317422	0.000475304346	0.004468501701	-0.006568173187	0.000450231087	0.000220893316	0.001439944168	-0.003977371061	0.000278337394	0.000052817944	0.000302859476	-0.001959660890	0.000124063658	0.000014721479	0.000120750386	-0.000900477446	0.000079107080	0.000019564338	0.000133274231	-0.000590872023	0.000066978160	0.000012111506	0.000030537273	-0.000426416708	0.000052113630	-0.000003965631	-0.000065646874	-0.000253072000	0.000028394331	-0.000011406788	-0.000056764873	-0.000082038662
5000.000000000000	4.999972240435	3.498692460274	-1.764002876701	0.012312561361	0.007275137414	0.151023886578	-0.395168450080	0.004806838341	0.000257045160	0.010608955610	-0.067616268928	0.000991101838	0.000437939750	0.012147100367	-0.017129727785	0.000613452811	0.000670750519	0.009090380183	-0.009493357503	0.000528953324	0.000483450228	0.004475894403	-0.006564178825	0.000449519268	0.000224240885	0.001442701387	-0.003979591352	0.000278520749	0.000049309880	0.000302052013	-0.001956054842	0.000123861073	0.000021540425	0.000115269458	-0.000908810394	0.000079182774	0.000016649490	0.000134037832	-0.000592037431	0.000066919581	0.000013037692	0.000029778929	-0.000426858979	0.000052708518	-0.000004461842	-0.000065375976	-0.000254809724	0.000026761435	-0.000010344113	-0.000057414603	-0.000081967295
5000.000000000000	4.999404207955	3.499127790584	-1.763926179017	0.012301901641	0.007257331780	0.151080377812	-0.395143179879	0.004787278020	0.000243592013	0.010618101831	-0.067612894322	0.000989393188	0.000435077428	0.012150413706	-0.017132922185	0.000606231014	0.000668375594	0.009090236778	-0.009490071555	0.000530729549	0.000477714784	0.004474384362	-0.006561100471	0.000456014274	0.000219861204	0.001443314266	-0.003976739592	0.000279453101	0.000056119059	0.000314523019	-0.001945737785	0.000123798756	0.000006572811	0.000114126577	-0.000903480676	0.000081132749	0.000026170778	0.000134310973	-0.000590954978	0.000068200502	0.000015900467	0.000031031632	-0.000426653953	0.000052751947	-0.000003387284	-0.000066794109	-0.000254692390	0.000033373169	-0.000017532628	-0.000057280467	-0.000081447884
5000.000000000000	4.999795292120	3.498830981229	-1.764107586296	0.012331057750	0.007271522605	0.151087416123	-0.395238085829	0.004798226337	0.000241458736	0.010604305367	-0.067643627746	0.000984862104	0.000440219955	0.012137914556	-0.017140856108	0.000613595908	0.000666872397	0.009082611815	-0.009492086442	0.000532093841	0.000478063918	0.004473933771	-0.006564760969	0.000457133491	0.000225578757	0.001440269711	-0.003983159548	0.000281306321	0.000048459145	0.000306819373	-0.001953343890	0.000124670800	0.000010469464	0.000122305758	-0.000911627264	0.000078139784	0.000023851914	0.000134253948	-0.000593036930	0.000066394150	0.000014705388	0.000031333175	-0.000426963603	0.000054387009	-0.000005380971	-0.000064616541	-0.000253140455	0.000019710183	-0.000014375044	-0.000057360188	-0.000081509127
5000.000000000000	5.001001895103	3.501543906929	-1.764403516839	0.012300889923	0.007269016235	0.151127936254	-0.395348759872	0.004788819446	0.000264562634	0.010582703632	-0.067682859590	0.000977457915	0.000440149349	0.012140489003	-0.017157492088	0.000597198403	0.000669932409	0.009080193485	-0.009494610432	0.000536437284	0.000475739440	0.004476323903	-0.006567893430	0.000454567515	0.000223303794	0.001440677453	-0.003982055908	0.000272999374	0.000051782265	0.000304059486	-0.001954190345	0.000125101345	0.000014521380	0.000102795972	-0.000898076417	0.000080193241	0.000024733116	0.000134534122	-0.000592212987	0.000068166232	0.000015858930	0.000032384281	-0.000426494248	0.000053447926	-0.000003429943	-0.000065039503	-0.000255948427	0.000024764012	-0.000020764010	-0.000057174834	-0.000081703380
5000.000000000000	5.000012424603	3.499519011980	-1.763901054379	0.012312799724	0.007253042906	0.151159683386	-0.395224738637	0.004802180479	0.000259108284	0.010629646785	-0.067649779090	0.000982449810	0.000434110504	0.012145976794	-0.017136724435	0.000616044676	0.000664784671	0.009083302435	-0.009488490923	0.000534368227	0.000478670724	0.004474798712	-0.006566254404	0.000447705432	0.000223733927	0.001441442282	-0.003976966736	0.000277333141	0.000052439244	0.000302997555	-0.001947430355	0.000128992930	0.000012436866	0.000117802728	-0.000905881100	0.000077164979	0.000020348960	0.000134620202	-0.000588572573	0.000067565303	0.000012014147	0.000032048215	-0.000426692046	0.000052901591	-0.000004873848	-0.000064561836	-0.000255677988	0.000020233545	-0.000012376571	-0.000057033077	-0.000081792643
5000.000000000000	5.001220719603	3.499054208590	-1.763871362795	0.012308886345	0.007268021083	0.151215468304	-0.395293306439	0.004795768501	0.000245658023	0.010618535979	-0.067668415119	0.000995835881	0.000443454000	0.012150633245	-0.017149100229	0.000624275005	0.000684064499	0.009098554976	-0.009497936358	0.000533946654	0.000476555910	0.004479616587	-0.006568069351	0.000448305370	0.000216479286	0.001440690131	-0.003981461405	0.000273818747	0.000053594251	0.000309721709	-0.001955644150	0.000118600919	0.000011473337	0.000118279662	-0.000898109924	0.000072293704	0.000015843089	0.000134701934	-0.000591905751	0.000069370759	0.000012795579	0.000031989291	-0.000427154910	0.000053703502	-0.000004516851	-0.000064525536	-0.000255367023	0.000030392154	-0.000011889010	-0.000056810161	-0.000082005839
5000.000000000000	4.999385524259	3.499366722869	-1.763837077218	0.012309594999	0.007257052063	0.151166914090	-0.395204104597	0.004799032100	0.000271687027	0.010646294187	-0.067641104664	0.000994322829	0.000441177068	0.012141356369	-0.017132604250	0.000615527362	0.000675485708	0.009089952139	-0.009493820494	0.000530443381	0.000476977674	0.004472985309	-0.006558907075	0.000450730786	0.000223971265	0.001442156364	-0.003979650077	0.000278909789	0.000055308245	0.000307495914	-0.001951209287	0.000126667429	0.000019280140	0.000122835272	-0.000908310514	0.000079545361	0.000025762100	0.000133035335	-0.000588707771	0.000068204744	0.000011272825	0.000031536887	-0.000427106321	0.000052636714	-0.000004736789	-0.000065040648	-0.000253685564	0.000022924466	-0.000021150978	-0.000056506210	-0.000081841725
5000.000000000000	4.999955308998	3.498499118231	-1.764109227552	0.012301017991	0.007257167500	0.151105357072	-0.395277997504	0.004787361844	0.000252046235	0.010601891591	-0.067657129140	0.000981135430	0.000441855403	0.012137090011	-0.017140990508	0.000621482734	0.000668097928	0.009083100132	-0.009498024769	0.000533962852	0.000474552097	0.004476765278	-0.006562126080	0.000452634711	0.000220945973	0.001438857652	-0.003986243084	0.000274852136	0.000052020608	0.000299369527	-0.001950846455	0.000118160421	0.000015509116	0.000120272716	-0.000894937822	0.000078597564	0.000023088579	0.000132636557	-0.000592300124	0.000069047100	0.000016181322	0.000030482336	-0.000426287263	0.000055861926	-0.000004183326	-0.000065962288	-0.000254882662	0.000014349695	-0.000015381018	-0.000056125237	-0.000081766198
5000.000000000000	5.000335215318	3.501151356416	-1.764291183146	0.012304447786	0.007269293594	0.151136814293	-0.395327682388	0.004791866017	0.000248148318	0.010604823416	-0.067667518339	0.000990704070	0.000450344472	0.012141660109	-0.017133095986	0.000618747598	0.000665294031	0.009084218788	-0.009506187428	0.000536285793	0.000476603146	0.004473745608	-0.006561783083	0.000456211778	0.000225728489	0.001438214218	-0.003980818443	0.000284354637	0.000054290027	0.000306388761	-0.001953432828	0.000136119164	0.000015559639	0.000111116973	-0.000907476078	0.000077834806	0.000014784508	0.000131814680	-0.000589918857	0.000066959768	0.000013711177	0.000031222658	-0.000426152231	0.000053233376	-0.000003637787	-0.000064396327	-0.000254851580	0.000027295112	-0.000016825874	-0.000056110921	-0.000080685705
5000.000000000000	4.999674251210	3.499121773678	-1.763845507303	0.012297525293	0.007275361820	0.151201819770	-0.395248507101	0.004788167965	0.000255644093	0.010622431589	-0.067643158829	0.000991368474	0.000442719121	0.012145493910	-0.017120029830	0.000623834289	0.000664358976	0.009088446473	-0.009499873746	0.000533038703	0.000478594285	0.004478285758	-0.006559730245	0.000446191498	0.000221373601	0.001440566254	-0.003977652065	0.000274291231	0.000057058469	0.000306346362	-0.001945595318	0.000126913246	0.000016806637	0.000123094630	-0.000914870947	0.000078038161	0.000023599292	0.000134327407	-0.000590785624	0.000069468872	0.000013584074	0.000030941744	-0.000426284058	0.000053672083	-0.000002839958	-0.000065083844	-0.000254516364	0.000014746414	-0.000014756417	-0.000056341474	-0.000081124671
5000.000000000000	5.000599561787	3.499174180386	-1.763853153873	0.012312177186	0.007272247960	0.151235456284	-0.395308015882	0.004784548154	0.000251132169	0.010630971088	-0.067665418708	0.000991376252	0.000442469174	0.012147008948	-0.017130356534	0.000610575753	0.000671617023	0.009085460261	-0.009493602570	0.000534238074	0.000481848755	0.004475344086	-0.006563249266	0.000447202940	0.000232374984	0.001441258370	-0.003978132607	0.000279798111	0.000051732585	0.000301295288	-0.001959287153	0.000128536382	0.000019154516	0.000128504747	-0.000908191307	0.000083645661	0.000022586089	0.000133430506	-0.000591047838	0.000066735393	0.000013993241	0.000030967142	-0.000426561535	0.000053026000	-0.000004499211	-0.000064491228	-0.000255616675	0.000021628262	-0.000015555399	-0.000055896627	-0.000082539883
5000.000000000000	4.999403250563	3.498472856770	-1.764065280487	0.012298217344	0.007277409275	0.151150290698	-0.395298637279	0.004792241761	0.000267107106	0.010613530308	-0.067651800737	0.000995947357	0.000456045819	0.012137395225	-0.017127016111	0.000628942258	0.000668348536	0.009088580225	-0.009488349131	0.000538934918	0.000478389047	0.004473923584	-0.006562215943	0.000455309528	0.000224908854	0.001436127817	-0.003980639231	0.000280289208	0.000050690108	0.000305535519	-0.001958138468	0.000120548655	0.000008940438	0.000112487484	-0.000901150832	0.000078134900	0.000018566641	0.000133123836	-0.000589891660	0.000068635823	0.000010847455	0.000031517328	-0.000426565383	0.000053935451	-0.000003108718	-0.000065870603	-0.000254418450	0.000017212073	-0.000011580176	-0.000056982076	-0.000081609527
5000.000000000000	5.000014132404	3.498150606433	-1.763950806850	0.012310411642	0.007256280374	0.151219101857	-0.395353040258	0.004802812505	0.000242975934	0.010610319863	-0.067673762523	0.000985473184	0.000439070476	0.012138268525	-0.017132367167	0.000611138256	0.000665763177	0.009091213857	-0.009494767755	0.000538290662	0.000470453676	0.004474080038	-0.006567240954	0.000446172938	0.000220498809	0.001439169756	-0.003984419814	0.000276845674	0.000053850171	0.000299689081	-0.001950060588	0.000123094464	0.000010200487	0.000116169894	-0.000904594640	0.000079944546	0.000023703875	0.000132495505	-0.000590003082	0.000071274390	0.000014744522	0.000032074175	-0.000427489002	0.000053206037	-0.000004820314	-0.000065042575	-0.000253701259	0.000024356002	-0.000020955175	-0.000057260413	-0.000081052677
