5000.000000000000	5.001598830291	3.459976210750	-1.762081665481	0.011733878513	0.006751641589	0.146231270796	-0.391220335403	0.004546080130	0.000188475567	0.010206571440	-0.066761839269	0.000936415908	0.000424748306	0.011911194637	-0.017041345246	0.000574688681	0.000636271484	0.009010950556	-0.009430429649	0.000507977767	0.000455095101	0.004451873210	-0.006583593686	0.000430379406	0.000207244450	0.001374344330	-0.004000725306	0.000259717285	0.000052443185	0.000258396144	-0.001946700970	0.000124042041	0.000010537422	0.000122050642	-0.000881046487	0.000083361033	0.000022282851	0.000141851753	-0.000584490991	0.000065960758	0.000016602757	0.000031341513	-0.000434858557	0.000053774100	-0.000003803081	-0.000072825408	-0.000262245924	0.000019734869	-0.000010887309	-0.000063406234	-0.000079339234
5000.000000000000	5.000103065849	3.470135723672	-1.765457921456	0.011751577565	0.006741382806	0.145959789287	-0.391351239288	0.004521697792	0.000185577165	0.010253568692	-0.066714619627	0.000942293460	0.000429044254	0.011981225856	-0.017053789419	0.000571719431	0.000632640809	0.009043621903	-0.009440841970	0.000512261789	0.000458330703	0.004446247810	-0.006601863163	0.000434404835	0.000203041712	0.001360066559	-0.004005704730	0.000282382427	0.000032093420	0.000249644172	-0.001943485163	0.000126232076	0.000013707504	0.000124997883	-0.000885073112	0.000085474997	0.000024409774	0.000142956539	-0.000589327551	0.000064905039	0.000016376579	0.000031703417	-0.000438812192	0.000053502688	-0.000003371019	-0.000072987021	-0.000262562226	0.000026833670	-0.000012498148	-0.000063157112	-0.000079527104
5000.000000000000	5.000121914389	3.470127295200	-1.766712412371	0.011763259597	0.006744199903	0.145753638893	-0.391399180540	0.004532111277	0.000180492166	0.010267699608	-0.066690206634	0.000943181960	0.000442618940	0.011992867178	-0.017082314763	0.000553407461	0.000649105091	0.009026039200	-0.009484791327	0.000510059851	0.000458007169	0.004442877590	-0.006608539584	0.000433481008	0.000204092472	0.001358740895	-0.004004807026	0.000277230221	0.000034576928	0.000270450821	-0.001948483478	0.000125059648	0.000011538170	0.000127681773	-0.000884073569	0.000083019622	0.000022376923	0.000143909219	-0.000590156882	0.000065678507	0.000017301980	0.000029973395	-0.000439583866	0.000052931094	-0.000004478499	-0.000074366248	-0.000260869060	0.000024861466	-0.000008191129	-0.000063099241	-0.000078809134
5000.000000000000	5.000067325964	3.468537993623	-1.767282943334	0.011756015306	0.006753418059	0.145627870059	-0.391393269470	0.004546825950	0.000175575780	0.010283203333	-0.066679790960	0.000951206476	0.000430078100	0.012002981892	-0.017092120531	0.000565000094	0.000647439243	0.009037554993	-0.009489676111	0.000510513567	0.000453251715	0.004442216953	-0.006617283580	0.000432965816	0.000199719293	0.001365866224	-0.004004612575	0.000274470312	0.000046642780	0.000256078796	-0.001948110323	0.000124818025	0.000008258378	0.000129771164	-0.000882792511	0.000085882268	0.000020480852	0.000144314988	-0.000590937696	0.000064384979	0.000017589304	0.000030075683	-0.000438831664	0.000053876938	-0.000004281395	-0.000074923614	-0.000260455709	0.000023698749	-0.000012091395	-0.000063420331	-0.000079092688
5000.000000000000	5.000159206458	3.466728147693	-1.767863702080	0.011766167870	0.006739319390	0.145484481138	-0.391393993928	0.004511916930	0.000171812541	0.010283278236	-0.066680222947	0.000938278465	0.000444787501	0.012002988948	-0.017102510659	0.000583179625	0.000643205395	0.009036303900	-0.009498103776	0.000510916409	0.000460533814	0.004439117164	-0.006626856591	0.000430297585	0.000205640629	0.001360303649	-0.004008394114	0.000279018373	0.000024108112	0.000257643352	-0.001948526372	0.000117039408	0.000008717426	0.000129344605	-0.000885856573	0.000084436888	0.000026050496	0.000142352066	-0.000595181510	0.000067828220	0.000016587778	0.000030625132	-0.000439027290	0.000053073071	-0.000004028250	-0.000074424142	-0.000260540277	0.000021780860	-0.000010614020	-0.000063859006	-0.000079608801
5000.000000000000	4.999542282048	3.465883645175	-1.768180865965	0.011775066608	0.006729594816	0.145427778636	-0.391386815888	0.004530582158	0.000186111047	0.010299366108	-0.066677663799	0.000937095882	0.000431458109	0.012005806019	-0.017094846964	0.000560426853	0.000649976216	0.009033452551	-0.009513980757	0.000507466742	0.000455994034	0.004439075267	-0.006626382830	0.000424624824	0.000206571788	0.001359057418	-0.004007098656	0.000277624716	0.000043487782	0.000251237144	-0.001936376671	0.000124079558	0.000014232220	0.000131633324	-0.000881818274	0.000080797043	0.000021677014	0.000144391796	-0.000594044271	0.000068447486	0.000016783403	0.000031081429	-0.000439379090	0.000055281913	-0.000003585912	-0.000075503916	-0.000261297257	0.000027795666	-0.000012522071	-0.000064442089	-0.000079381307
5000.000000000000	5.000459853262	3.466030573500	-1.768258284438	0.011745848616	0.006739041434	0.145450444938	-0.391419115518	0.004518478421	0.000184144945	0.010309273651	-0.066674227696	0.000942782407	0.000443200909	0.012009451219	-0.017108737817	0.000570394020	0.000641234272	0.009047600743	-0.009496595477	0.000511987094	0.000458876627	0.004440431150	-0.006624299548	0.000433167058	0.000210730873	0.001361411050	-0.004007274661	0.000287845751	0.000051589238	0.000258615098	-0.001957147385	0.000118547582	0.000013339244	0.000132794462	-0.000887062578	0.000076856785	0.000018405690	0.000145297357	-0.000592522202	0.000065732454	0.000014801431	0.000030946242	-0.000439349777	0.000052668097	-0.000004017432	-0.000074155482	-0.000262257281	0.000028225918	-0.000007813253	-0.000063196407	-0.000079781242
5000.000000000000	4.999871764212	3.459480927886	-1.768164159354	0.011772272515	0.006724564509	0.145380988020	-0.391375224723	0.004537471040	0.000174365315	0.010311968746	-0.066670169167	0.000940696074	0.000429875058	0.012029770311	-0.017112454101	0.000558665441	0.000651225412	0.009078552889	-0.009528636712	0.000512115890	0.000453933044	0.004441163849	-0.006629846085	0.000429089836	0.000205199220	0.001360518328	-0.004017118292	0.000269780525	0.000056927230	0.000263292164	-0.001947961856	0.000122342501	0.000018432526	0.000129197578	-0.000887080643	0.000084195268	0.000021650521	0.000145113661	-0.000592993445	0.000066486858	0.000017123386	0.000030903212	-0.000440483764	0.000052308029	-0.000003685835	-0.000074299163	-0.000261940227	0.000020169176	-0.000006113976	-0.000062875303	-0.000079129785
5000.000000000000	4.999827464687	3.460551902606	-1.768614181247	0.011776564183	0.006731650324	0.145337295950	-0.391399572394	0.004519319320	0.000184751008	0.010308167245	-0.066682236527	0.000950531209	0.000432978141	0.012028678572	-0.017115541263	0.000582577034	0.000625219302	0.009057777630	-0.009522785340	0.000518097027	0.000458118168	0.004441477445	-0.006634617634	0.000428702694	0.000205536148	0.001361319547	-0.004011219078	0.000264526896	0.000039194405	0.000266254499	-0.001943592602	0.000118290103	0.000015572239	0.000131729347	-0.000887756318	0.000079110273	0.000016787919	0.000143638729	-0.000593179518	0.000068432670	0.000016658825	0.000030862044	-0.000440028475	0.000051864937	-0.000003989245	-0.000073862144	-0.000262254178	0.000029941412	-0.000010374182	-0.000063373143	-0.000079412179
5000.000000000000	5.000893760600	3.459768054578	-1.768676890819	0.011764484622	0.006732608144	0.145333399819	-0.391424833349	0.004518397361	0.000185095208	0.010321491311	-0.066696898257	0.000936629841	0.000432841451	0.012023032330	-0.017119177989	0.000572344048	0.000641370998	0.009042850889	-0.009525997007	0.000517455345	0.000453534037	0.004439686692	-0.006632716583	0.000433352402	0.000206762169	0.001365135816	-0.004018906592	0.000270822796	0.000040969979	0.000259489496	-0.001942791716	0.000120844475	0.000010862063	0.000130672106	-0.000887434408	0.000084614461	0.000017343153	0.000142454773	-0.000592929965	0.000067810295	0.000015793695	0.000029950738	-0.000440702998	0.000053697326	-0.000004183183	-0.000073576081	-0.000262350217	0.000023704692	-0.000002726264	-0.000064557073	-0.000079296707
5000.000000000000	4.999314021068	3.458979799495	-1.768748685828	0.011764228713	0.006729092242	0.145247211427	-0.391336627270	0.004534657607	0.000173427729	0.010313534122	-0.066656210639	0.000938743071	0.000436579122	0.012035902477	-0.017124250648	0.000568727910	0.000647338708	0.009043461696	-0.009533834007	0.000513351854	0.000457674690	0.004438164415	-0.006633749578	0.000434993483	0.000201121739	0.001365501650	-0.004010763108	0.000259782037	0.000037182132	0.000256096191	-0.001943229525	0.000123640772	0.000012425531	0.000126747664	-0.000886601866	0.000079813093	0.000023885789	0.000142572449	-0.000593957450	0.000066783762	0.000015766028	0.000029489512	-0.000439391617	0.000053908563	-0.000003631930	-0.000074843305	-0.000261679566	0.000030970893	-0.000016436849	-0.000063239284	-0.000079346391
5000.000000000000	5.000362546516	3.458755234571	-1.768730153924	0.011769347305	0.006727465635	0.145318045119	-0.391443177114	0.004544745522	0.000195069591	0.010326217502	-0.066686877930	0.000951925353	0.000434111549	0.012025117517	-0.017115932442	0.000584629401	0.000630039181	0.009044436427	-0.009508268506	0.000508008835	0.000455306598	0.004445406985	-0.006633903526	0.000434336819	0.000205750916	0.001365652215	-0.004015227996	0.000277848101	0.000039414678	0.000267049415	-0.001944659241	0.000120523378	0.000015183594	0.000132871130	-0.000889127410	0.000086074179	0.000018326580	0.000144379649	-0.000595873955	0.000067206456	0.000014960705	0.000031567911	-0.000440811601	0.000052821028	-0.000003761732	-0.000074414140	-0.000261565424	0.000019158473	-0.000002487476	-0.000066043356	-0.000080661549
5000.000000000000	4.999935979675	3.458015856303	-1.768865649135	0.011778347581	0.006728005205	0.145250407615	-0.391412716483	0.004525900360	0.000187943200	0.010327033324	-0.066667937487	0.000941957108	0.000429467301	0.012021855489	-0.017122943738	0.000566498364	0.000641873210	0.009057813740	-0.009508130207	0.000515470289	0.000461414448	0.004435609428	-0.006636351386	0.000428416179	0.000204162815	0.001365545046	-0.004012238119	0.000277894424	0.000048299999	0.000258231469	-0.001954559833	0.000120098312	0.000017618183	0.000131803330	-0.000887613200	0.000083971909	0.000022023851	0.000146325025	-0.000595099448	0.000068885533	0.000014620970	0.000030393256	-0.000441215557	0.000053565813	-0.000004491244	-0.000074543140	-0.000262767000	0.000033649954	-0.000010375265	-0.000063866148	-0.000079453847
5000.000000000000	4.999864249380	3.456913226976	-1.768797026761	0.011782859422	0.006714866231	0.145275981116	-0.391413287730	0.004528197198	0.000189617621	0.010326780783	-0.066679139155	0.000936811862	0.000432429204	0.012028206567	-0.017123962992	0.000567289641	0.000645018168	0.009051825997	-0.009491252559	0.000514080235	0.000460558923	0.004435355672	-0.006634908807	0.000435886218	0.000209486767	0.001361875845	-0.004018679702	0.000265817785	0.000052196715	0.000270742742	-0.001938784712	0.000127564942	0.000009507327	0.000129726525	-0.000888884534	0.000077542995	0.000021213140	0.000144425441	-0.000593198571	0.000067291292	0.000015238383	0.000030637628	-0.000440476014	0.000053665685	-0.000003849583	-0.000075168725	-0.000262153089	0.000032173870	-0.000015697356	-0.000063706099	-0.000080113369
5000.000000000000	5.000287314865	3.457859473203	-1.769168015891	0.011772470676	0.006727175984	0.145243039467	-0.391476194141	0.004532620419	0.000171730926	0.010300140128	-0.066688468582	0.000945472526	0.000441078292	0.012032492404	-0.017134766358	0.000548264862	0.000651413328	0.009050033590	-0.009511688407	0.000512609987	0.000454894411	0.004434750333	-0.006637872847	0.000427616649	0.000203076590	0.001359412290	-0.004013166473	0.000281708983	0.000046418502	0.000254484888	-0.001937367024	0.000128118446	0.000011058879	0.000131446898	-0.000889187449	0.000085959485	0.000024319729	0.000143462785	-0.000596399171	0.000067916344	0.000015510645	0.000029102064	-0.000440698501	0.000054139769	-0.000004051868	-0.000075152473	-0.000263658460	0.000034139125	-0.000013397486	-0.000063260589	-0.000079149818
5000.000000000000	5.000347755675	3.456997524848	-1.768915303794	0.011758207950	0.006733156840	0.145298236293	-0.391431500287	0.004527977811	0.000176647487	0.010326345013	-0.066676588657	0.000945284423	0.000431122868	0.012042830949	-0.017126296825	0.000576269084	0.000637101674	0.009061211302	-0.009521625053	0.000514380069	0.000457016493	0.004439536290	-0.006638522696	0.000434658396	0.000207229653	0.001361644347	-0.004010356202	0.000275257248	0.000057088543	0.000255422443	-0.001956453661	0.000118636300	0.000010811431	0.000135211659	-0.000888913112	0.000084452643	0.000021716328	0.000143794748	-0.000594798964	0.000066011646	0.000015456896	0.000029935150	-0.000441044637	0.000054669010	-0.000004019376	-0.000074280780	-0.000262055525	0.000019407390	-0.000019249006	-0.000064390880	-0.000079706160
5000.000000000000	5.000406128739	3.455628343392	-1.769010476319	0.011769908601	0.006724398922	0.145230219538	-0.391440859251	0.004536670654	0.000172531948	0.010327921818	-0.066681619573	0.000944889395	0.000438687861	0.012031356619	-0.017133763918	0.000564512979	0.000648186579	0.009037160113	-0.009514051313	0.000507819798	0.000457976266	0.004437376453	-0.006635893075	0.000431597660	0.000205319464	0.001359768339	-0.004024109839	0.000278219278	0.000048925293	0.000262580213	-0.001942105994	0.000128100880	0.000016814688	0.000135439588	-0.000887176221	0.000078607580	0.000020976657	0.000144267189	-0.000594814623	0.000064964892	0.000018069280	0.000031339217	-0.000440659037	0.000053328075	-0.000003784030	-0.000073607401	-0.000264041675	0.000032059063	-0.000008928209	-0.000063551266	-0.000079279517
5000.000000000000	4.999723520154	3.454935847416	-1.769131525386	0.011773319387	0.006724938958	0.145182402558	-0.391424760150	0.004537087898	0.000182304926	0.010309671671	-0.066668336446	0.000945825122	0.000437468536	0.012027939124	-0.017122161310	0.000554231242	0.000626456053	0.009059340576	-0.009502509554	0.000508452933	0.000460169950	0.004443181307	-0.006637669790	0.000430182117	0.000209320044	0.001361772239	-0.004018348045	0.000267653275	0.000045365304	0.000266255004	-0.001945350005	0.000123652046	0.000010830776	0.000131439071	-0.000883642506	0.000083160718	0.000021199148	0.000144120419	-0.000594725745	0.000064680660	0.000016347038	0.000030254703	-0.000440137405	0.000054228202	-0.000004470597	-0.000074075315	-0.000261920687	0.000016813760	-0.000013939638	-0.000063469743	-0.000079298193
5000.000000000000	5.000349634875	3.454847615974	-1.769015239044	0.011781623228	0.006732903431	0.145228828451	-0.391435943348	0.004523820333	0.000195434669	0.010312325296	-0.066685436824	0.000946322495	0.000433681506	0.012030713398	-0.017123280673	0.000569625422	0.000643535438	0.009032663967	-0.009519435220	0.000514317300	0.000454793285	0.004436045255	-0.006641288087	0.000433704583	0.000201436616	0.001352748401	-0.004019073002	0.000276675238	0.000053048325	0.000256227611	-0.001948443965	0.000114087353	0.000008499898	0.000131094683	-0.000886087819	0.000083606326	0.000019315853	0.000145243351	-0.000594235143	0.000064555321	0.000016178504	0.000029736645	-0.000440621567	0.000052913688	-0.000003412712	-0.000074534944	-0.000261084903	0.000020730770	-0.000004063135	-0.000063359088	-0.000079966605
5000.000000000000	4.999167408598	3.454449746619	-1.769010215554	0.011758935871	0.006734761126	0.145195891998	-0.391413576876	0.004522908962	0.000187944487	0.010314966540	-0.066671152997	0.000938252724	0.000438047516	0.012028385295	-0.017127835810	0.000574527590	0.000641120120	0.009040173087	-0.009522268981	0.000511408888	0.000453535730	0.004435018550	-0.006636666138	0.000431166770	0.000206753753	0.001361645374	-0.004012458983	0.000279751938	0.000034194554	0.000250643503	-0.001949605077	0.000123218872	0.000004633595	0.000132392982	-0.000890828457	0.000079029560	0.000018310673	0.000144061115	-0.000594810752	0.000068286662	0.000018149063	0.000030844616	-0.000441747469	0.000052956265	-0.000005602761	-0.000074519939	-0.000262242112	0.000017214865	-0.000009503618	-0.000064623757	-0.000080299660
5000.000000000000	5.000621231949	3.454056475829	-1.769080773948	0.011765470731	0.006734996971	0.145243856931	-0.391541064635	0.004536037928	0.000176376800	0.010305471776	-0.066714689448	0.000952599558	0.000437892809	0.012019719884	-0.017136720384	0.000546711142	0.000643014524	0.009050187828	-0.009532081161	0.000512069930	0.000456411897	0.004437318927	-0.006641247503	0.000435071625	0.000204329216	0.001362393179	-0.004019021185	0.000280483738	0.000040127527	0.000250608364	-0.001947484717	0.000116497892	0.000011952803	0.000129162584	-0.000885897551	0.000081731482	0.000021842258	0.000143548361	-0.000595933818	0.000068613901	0.000018288898	0.000030282945	-0.000441546451	0.000053287256	-0.000004962640	-0.000074617122	-0.000262291197	0.000026317620	-0.000004183704	-0.000064655207	-0.000080858972
5000.000000000000	4.999599751524	3.453438749824	-1.768726712483	0.011776800238	0.006745057163	0.145293340849	-0.391466923260	0.004529971174	0.000192677982	0.010327081697	-0.066691457110	0.000941240246	0.000427234120	0.012036599452	-0.017117823856	0.000572901402	0.000653251854	0.009056944299	-0.009521249266	0.000508737274	0.000460174160	0.004444991323	-0.006638008762	0.000435494957	0.000208111877	0.001369471360	-0.004017178757	0.000276490021	0.000043145387	0.000240104188	-0.001953607234	0.000114708001	0.000011105028	0.000131523569	-0.000887141652	0.000081791232	0.000017885460	0.000145467731	-0.000595781989	0.000065918814	0.000013883552	0.000030503200	-0.000441650864	0.000053927983	-0.000003273947	-0.000073279982	-0.000262924782	0.000019958410	-0.000007703585	-0.000064207378	-0.000080710937
5000.000000000000	4.999788805177	3.453540501592	-1.768692578086	0.011775518518	0.006734741414	0.145350186252	-0.391496436616	0.004521940423	0.000172474989	0.010331853098	-0.066695535021	0.000943040919	0.000439705552	0.012029569491	-0.017124212623	0.000567110491	0.000639314061	0.009067855618	-0.009514335552	0.000510596315	0.000457314823	0.004442879812	-0.006638043956	0.000430698889	0.000209287883	0.001368032926	-0.004020321089	0.000278271530	0.000049287950	0.000256858551	-0.001942691609	0.000117429808	0.000005159054	0.000129986327	-0.000884170764	0.000083443119	0.000022086651	0.000144313870	-0.000597284618	0.000064533793	0.000015822705	0.000030331707	-0.000440717648	0.000053967750	-0.000005956753	-0.000075106356	-0.000263527250	0.000024495989	-0.000016733694	-0.000063619604	-0.000080785199
5000.000000000000	5.000463210030	3.453775703228	-1.768686698191	0.011771857425	0.006742864847	0.145374094425	-0.391541403866	0.004525078184	0.000166888985	0.010334077630	-0.066718403085	0.000946239699	0.000424756220	0.012037515654	-0.017123399189	0.000586897712	0.000639645326	0.009073698518	-0.009505389308	0.000514654710	0.000459424755	0.004443626216	-0.006640291671	0.000429728920	0.000207563088	0.001360853275	-0.004018513814	0.000273172861	0.000055722576	0.000254622035	-0.001942960916	0.000116096994	0.000022330306	0.000131554607	-0.000890834824	0.000077311520	0.000024297221	0.000145543711	-0.000595136867	0.000066214172	0.000014983442	0.000031797637	-0.000439676549	0.000053851314	-0.000004412041	-0.000073115405	-0.000262579142	0.000024694145	-0.000014396442	-0.000064441355	-0.000080401570
5000.000000000000	5.000042440320	3.452986510593	-1.768818770106	0.011770117795	0.006719448588	0.145312655995	-0.391518453414	0.004522094209	0.000162227169	0.010311142029	-0.066709208606	0.000941091539	0.000434849284	0.012031874379	-0.017141789629	0.000566305280	0.000639530799	0.009054185290	-0.009508163555	0.000515888677	0.000456388351	0.004443369173	-0.006639381130	0.000428644650	0.000206232111	0.001358065097	-0.004020803365	0.000277075219	0.000049367402	0.000243212755	-0.001958794179	0.000120303186	0.000023032129	0.000130344753	-0.000885207914	0.000076528950	0.000021678865	0.000144702913	-0.000595861911	0.000067285717	0.000017838226	0.000031907380	-0.000440228635	0.000053671998	-0.000003530870	-0.000073990461	-0.000263334440	0.000022285977	-0.000007743050	-0.000064273538	-0.000081242548
5000.000000000000	5.000253241295	3.452953823328	-1.768638478259	0.011764158601	0.006734613073	0.145369157006	-0.391498055042	0.004530613954	0.000187104226	0.010342516863	-0.066696904766	0.000946840681	0.000427093521	0.012029041086	-0.017118294785	0.000571723660	0.000633870341	0.009046848364	-0.009519710003	0.000510356379	0.000462790689	0.004439081740	-0.006636592321	0.000428005172	0.000207927635	0.001366752875	-0.004012783152	0.000277962192	0.000039408957	0.000267467759	-0.001943656154	0.000126801201	0.000009897989	0.000134944558	-0.000884909329	0.000085392951	0.000021127407	0.000144656870	-0.000593214475	0.000066326003	0.000015125714	0.000030195948	-0.000441251946	0.000053171380	-0.000005082731	-0.000072907283	-0.000261897420	0.000023696560	-0.000014611669	-0.000063970426	-0.000080441265
5000.000000000000	4.999713415666	3.451764761088	-1.768358049125	0.011777277912	0.006729294364	0.145421004696	-0.391502412524	0.004521326319	0.000168982771	0.010340601592	-0.066700098831	0.000949408134	0.000436316597	0.012044622372	-0.017112521883	0.000549710764	0.000640460369	0.009057678457	-0.009515448277	0.000509306254	0.000456040813	0.004447796489	-0.006636187359	0.000432759817	0.000204630714	0.001368915921	-0.004015798059	0.000278883906	0.000045475249	0.000257478045	-0.001940532798	0.000116635095	0.000011652432	0.000133971393	-0.000884437315	0.000083167216	0.000023379455	0.000144509066	-0.000593074880	0.000067522250	0.000014752962	0.000030970066	-0.000439624435	0.000052639154	-0.000004663868	-0.000073964518	-0.000262244356	0.000022392534	-0.000008099430	-0.000064126184	-0.000081183375
5000.000000000000	5.000143588367	3.452581222669	-1.768348730975	0.011778957481	0.006735238675	0.145448421626	-0.391516659233	0.004532635079	0.000188016475	0.010348145992	-0.066722373906	0.000944171508	0.000435553948	0.012036200186	-0.017114590464	0.000580675914	0.000645494803	0.009067222370	-0.009512481392	0.000514812952	0.000455255524	0.004441658679	-0.006636373266	0.000433129259	0.000205128849	0.001365347733	-0.004012375634	0.000279030055	0.000044297205	0.000246674964	-0.001946481320	0.000119303294	0.000005067905	0.000129674808	-0.000891464146	0.000082147851	0.000024404946	0.000143882182	-0.000594809352	0.000066669105	0.000018547418	0.000031017000	-0.000441041952	0.000053981165	-0.000003463561	-0.000074139128	-0.000262457912	0.000022526201	-0.000013778533	-0.000064680362	-0.000080786978
5000.000000000000	4.999680290582	3.452535373175	-1.768698636031	0.011773889643	0.006731090438	0.145385934454	-0.391569324543	0.004543218862	0.000180726217	0.010318380952	-0.066717059657	0.000949065662	0.000445390695	0.012020927607	-0.017124859198	0.000558098368	0.000633305182	0.009029675128	-0.009498328896	0.000513532361	0.000458541860	0.004445212912	-0.006640168385	0.000433113060	0.000208160571	0.001356036705	-0.004013822496	0.000281039889	0.000044046791	0.000250934420	-0.001944354192	0.000126020159	0.000002737102	0.000132840894	-0.000886156269	0.000085092157	0.000020887648	0.000144079816	-0.000594780353	0.000066012059	0.000012418208	0.000030986728	-0.000441680193	0.000054039294	-0.000005562118	-0.000074647216	-0.000262578397	0.000021318602	-0.000010938217	-0.000064295337	-0.000080692661
5000.000000000000	5.000137887752	3.452842141137	-1.768470622406	0.011787208310	0.006730483698	0.145510733655	-0.391590448067	0.004533894762	0.000186522879	0.010327085873	-0.066739980154	0.000952401399	0.000432859265	0.012032827877	-0.017116232780	0.000567530789	0.000649943742	0.009075888986	-0.009491220415	0.000517046297	0.000461433061	0.004445681691	-0.006637037450	0.000436176916	0.000210447644	0.001366517401	-0.004014498807	0.000268893877	0.000045223932	0.000259542943	-0.001963661086	0.000119695878	0.000007363770	0.000132254844	-0.000892369670	0.000082635726	0.000021354555	0.000144511709	-0.000592608888	0.000067868203	0.000014905382	0.000031321105	-0.000441123180	0.000054042170	-0.000004353590	-0.000074032589	-0.000263285950	0.000026247299	-0.000009426890	-0.000064567597	-0.000081164067
5000.000000000000	5.000169484896	3.453313874110	-1.768364638130	0.011774894862	0.006740085530	0.145523324472	-0.391607881304	0.004529769772	0.000168410644	0.010338573004	-0.066742241167	0.000950749163	0.000428900485	0.012040376077	-0.017126184837	0.000566125747	0.000649571711	0.009060460914	-0.009485047254	0.000518358623	0.000464184221	0.004453945127	-0.006636851271	0.000431889920	0.000205597820	0.001366657968	-0.004020876904	0.000273875827	0.000053327901	0.000262025876	-0.001952894739	0.000115511364	0.000008729164	0.000131291892	-0.000888302232	0.000081893653	0.000022883047	0.000143776692	-0.000592265908	0.000066865950	0.000018841997	0.000031940377	-0.000439770183	0.000054217702	-0.000003877973	-0.000073705549	-0.000262521867	0.000022950186	-0.000008161406	-0.000064879934	-0.000080412045
5000.000000000000	4.999608431748	3.452717762931	-1.768315379092	0.011763215946	0.006733856616	0.145525968606	-0.391593975785	0.004529025122	0.000185857820	0.010332654219	-0.066732742372	0.000945522607	0.000439042166	0.012040218915	-0.017125206829	0.000572944549	0.000623056896	0.009059977331	-0.009524230435	0.000510528105	0.000457048546	0.004443963583	-0.006641260929	0.000431931244	0.000212460316	0.001364091152	-0.004014913567	0.000269371504	0.000046896383	0.000250915332	-0.001945270413	0.000116106692	0.000009358569	0.000132409669	-0.000889798485	0.000081577281	0.000018570268	0.000143166158	-0.000594185078	0.000064766897	0.000016358416	0.000032624814	-0.000440332513	0.000053605146	-0.000004356428	-0.000074386139	-0.000262321925	0.000025995294	-0.000006347249	-0.000064356127	-0.000081157271
5000.000000000000	5.000325836837	3.451630247501	-1.768145664206	0.011770170070	0.006745794165	0.145593164415	-0.391663338863	0.004523111053	0.000183682556	0.010329315728	-0.066765352216	0.000936623549	0.000429258607	0.012037977142	-0.017127304260	0.000573488295	0.000647605033	0.009064009174	-0.009504812761	0.000512207169	0.000458421263	0.004445591526	-0.006639978642	0.000434082501	0.000208874985	0.001363902786	-0.004020175132	0.000266649722	0.000049629126	0.000257714497	-0.001953060070	0.000127957544	0.000019221095	0.000131869753	-0.000887760611	0.000087234830	0.000021865046	0.000144295786	-0.000593077392	0.000068469419	0.000016851791	0.000031780263	-0.000439728129	0.000052559616	-0.000003825227	-0.000073509676	-0.000261459938	0.000023353857	-0.000005401886	-0.000064237331	-0.000080426723
5000.000000000000	5.000080103587	3.451726643456	-1.768082326984	0.011778293114	0.006741864840	0.145598207713	-0.391645357349	0.004532832696	0.000186657164	0.010344944559	-0.066743648251	0.000951058186	0.000431582541	0.012032255344	-0.017119996661	0.000554753808	0.000647092155	0.009078691070	-0.009529117415	0.000510682559	0.000455527679	0.004450187806	-0.006638123500	0.000428867923	0.000209045615	0.001370870338	-0.004019319911	0.000268782334	0.000052397893	0.000259833071	-0.001953363385	0.000125445496	0.000009202902	0.000132577867	-0.000886840389	0.000081660597	0.000018462491	0.000144852064	-0.000592827529	0.000065538404	0.000015209187	0.000031084804	-0.000440862927	0.000053654636	-0.000004566730	-0.000073781766	-0.000263282853	0.000020059393	-0.000008256677	-0.000064410638	-0.000080188495
5000.000000000000	4.999847619068	3.451539395485	-1.768280717665	0.011794135309	0.006735195999	0.145560250368	-0.391680097391	0.004522926043	0.000193260543	0.010312545148	-0.066762868593	0.000953364535	0.000425138257	0.012025628399	-0.017126876351	0.000580276894	0.000660885496	0.009069966945	-0.009535152046	0.000509854235	0.000455845507	0.004446388921	-0.006643020971	0.000430478452	0.000206184081	0.001366874045	-0.004018087480	0.000270050922	0.000045641835	0.000255499329	-0.001948113930	0.000120399410	0.000010405471	0.000130782099	-0.000882069574	0.000084221795	0.000023615517	0.000144438936	-0.000594322215	0.000066609406	0.000018091149	0.000030610838	-0.000440259289	0.000052320335	-0.000003428548	-0.000073160843	-0.000262608948	0.000025618686	-0.000006430307	-0.000063047411	-0.000081247246
5000.000000000000	5.000520971262	3.451797783527	-1.767892484505	0.011776388358	0.006739053118	0.145696633272	-0.391683224886	0.004521484962	0.000189194218	0.010346973377	-0.066770898654	0.000954783478	0.000442159370	0.012033863689	-0.017121092710	0.000559571771	0.000642730320	0.009062706658	-0.009517385643	0.000509188176	0.000457725456	0.004453589302	-0.006639714137	0.000433698895	0.000206681259	0.001365679879	-0.004025477709	0.000266132933	0.000050209981	0.000253105663	-0.001940144594	0.000126604313	0.000014242850	0.000130683476	-0.000886461853	0.000080574715	0.000022120974	0.000144857605	-0.000593433720	0.000065080407	0.000019199868	0.000031914288	-0.000440597867	0.000053262712	-0.000003080535	-0.000073283574	-0.000262650086	0.000024633419	-0.000007559706	-0.000063720805	-0.000081730496
5000.000000000000	4.999763451034	3.450965200219	-1.767800693508	0.011765225858	0.006738323100	0.145680862446	-0.391674399880	0.004536737508	0.000183653548	0.010348105187	-0.066761018162	0.000950366179	0.000429376512	0.012025983595	-0.017115345870	0.000570882271	0.000649684200	0.009053038917	-0.009521017208	0.000506391215	0.000462564926	0.004453705463	-0.006638336475	0.000429600549	0.000208459307	0.001364728350	-0.004018871017	0.000273938142	0.000047615259	0.000255302065	-0.001953254869	0.000122822016	0.000018754600	0.000133891592	-0.000886864414	0.000079105138	0.000022725498	0.000143688591	-0.000594568638	0.000066750782	0.000019761917	0.000031391676	-0.000440817438	0.000053959792	-0.000003959340	-0.000072205116	-0.000262071252	0.000023353422	-0.000010776945	-0.000064674740	-0.000081729872
5000.000000000000	5.000041769672	3.451868346189	-1.767979258594	0.011757856363	0.006744650488	0.145667661964	-0.391731959244	0.004526276513	0.000177568313	0.010328254526	-0.066793958781	0.000957414908	0.000423951686	0.012032881654	-0.017121288848	0.000559322531	0.000627609910	0.009053939814	-0.009509501272	0.000513139348	0.000457677961	0.004447133708	-0.006634926539	0.000432190075	0.000206483217	0.001362901431	-0.004016666265	0.000277193998	0.000042308332	0.000251193120	-0.001942686959	0.000119407602	0.000011893119	0.000128678822	-0.000887962989	0.000076911440	0.000027123508	0.000144822945	-0.000592999179	0.000068300768	0.000014494809	0.000031331000	-0.000441175960	0.000053218635	-0.000004926782	-0.000073404122	-0.000263944029	0.000024317642	-0.000012109796	-0.000064164084	-0.000081246676
5000.000000000000	5.000313031119	3.453429031300	-1.767840697529	0.011771699632	0.006750097094	0.145736556150	-0.391715208064	0.004530957781	0.000184621041	0.010329734740	-0.066785368805	0.000942906991	0.000434547269	0.012023209991	-0.017116816595	0.000564955819	0.000645053661	0.009056479590	-0.009502766586	0.000507500417	0.000457810460	0.004451829561	-0.006638238099	0.000429864686	0.000211693611	0.001371125841	-0.004017778918	0.000284637278	0.000049070336	0.000266873451	-0.001959775687	0.000118547854	0.000016878331	0.000136574659	-0.000885546323	0.000087023152	0.000023696733	0.000146154988	-0.000595294757	0.000066792820	0.000017206112	0.000031798074	-0.000441015767	0.000053192240	-0.000003407120	-0.000072802077	-0.000262941842	0.000026886745	-0.000010066002	-0.000063750811	-0.000080940502
5000.000000000000	5.000275809128	3.450507068753	-1.767781894139	0.011790852176	0.006739481754	0.145717572975	-0.391744395852	0.004518057425	0.000174901570	0.010324862885	-0.066786593848	0.000943230787	0.000436006508	0.012023885625	-0.017120220267	0.000561506194	0.000628879343	0.009072118043	-0.009508870083	0.000512565713	0.000457472738	0.004449652551	-0.006640820070	0.000432446227	0.000206734016	0.001368798713	-0.004019702125	0.000278001215	0.000049079163	0.000251585415	-0.001954933365	0.000119729449	0.000008898130	0.000132902339	-0.000882780336	0.000083441391	0.000024718869	0.000145168316	-0.000592478640	0.000064039216	0.000015942191	0.000030632180	-0.000440735551	0.000053131703	-0.000003808485	-0.000074596159	-0.000262129036	0.000024301485	-0.000011681428	-0.000064570755	-0.000081572382
5000.000000000000	4.999980668047	3.450656521712	-1.767535311822	0.011770232906	0.006734721714	0.145781697252	-0.391730485544	0.004536565818	0.000180311324	0.010351168856	-0.066772682114	0.000945024185	0.000434876456	0.012019030657	-0.017119694301	0.000566552352	0.000656842213	0.009053921692	-0.009502489337	0.000508398169	0.000455854098	0.004457276469	-0.006635280845	0.000428207894	0.000207638858	0.001367161742	-0.004016696635	0.000283794284	0.000049131162	0.000253877065	-0.001947565879	0.000109186216	0.000011886165	0.000131295489	-0.000886302002	0.000082147082	0.000021380260	0.000144535900	-0.000594955132	0.000064319189	0.000017476252	0.000030533602	-0.000440872524	0.000052941049	-0.000004340665	-0.000072977825	-0.000262128596	0.000025946864	-0.000009196031	-0.000064053107	-0.000081129067
5000.000000000000	4.999918951105	3.452902728047	-1.767760568703	0.011769088825	0.006752710097	0.145770966481	-0.391761827161	0.004529288677	0.000173880167	0.010329589930	-0.066793624265	0.000948058677	0.000448407842	0.012030323059	-0.017121195351	0.000567235586	0.000656072368	0.009057929366	-0.009514414914	0.000508915766	0.000457023802	0.004448499391	-0.006636800927	0.000432425645	0.000204970197	0.001366709089	-0.004019734812	0.000275837161	0.000045324803	0.000251586817	-0.001945624781	0.000134717530	0.000006741614	0.000127516803	-0.000886871084	0.000082712909	0.000022883709	0.000145198602	-0.000595687178	0.000066608617	0.000017335386	0.000031057010	-0.000438593841	0.000054171207	-0.000002891842	-0.000074354542	-0.000261784412	0.000029663107	-0.000009398773	-0.000064302414	-0.000081598702
5000.000000000000	4.999928012251	3.451016503727	-1.767588974862	0.011766591940	0.006749031383	0.145799530376	-0.391796544053	0.004527305657	0.000180219434	0.010333662614	-0.066796295169	0.000944731060	0.000436311080	0.012018074207	-0.017106895041	0.000560785808	0.000646212354	0.009067705662	-0.009503541636	0.000513660014	0.000455152792	0.004449511467	-0.006646318870	0.000435847560	0.000211838250	0.001364198675	-0.004019737700	0.000273361836	0.000048684270	0.000252376454	-0.001951681962	0.000115775329	0.000009333187	0.000131375907	-0.000892453839	0.000083769645	0.000017701379	0.000144964758	-0.000592522022	0.000064554458	0.000017213031	0.000030782642	-0.000440562965	0.000052821253	-0.000005416547	-0.000074387821	-0.000263116107	0.000032033369	-0.000008829330	-0.000064042058	-0.000080825644
5000.000000000000	5.000336984735	3.450857094912	-1.767188226267	0.011761706410	0.006757905247	0.145927104648	-0.391807079532	0.004524647381	0.000190165319	0.010354658861	-0.066819281936	0.000952535560	0.000439107584	0.012023380314	-0.017110371874	0.000577267797	0.000631724219	0.009064843590	-0.009503604668	0.000508730113	0.000458187561	0.004458354293	-0.006631056681	0.000432246901	0.000204153475	0.001367838473	-0.004017149354	0.000275065478	0.000049843876	0.000256180629	-0.001950546150	0.000121312788	0.000006964804	0.000131343079	-0.000886069711	0.000084371887	0.000019089365	0.000145783462	-0.000594902979	0.000068358481	0.000014922909	0.000032710198	-0.000441313317	0.000053021425	-0.000005466887	-0.000073071735	-0.000262263175	0.000030122654	-0.000015036140	-0.000063397422	-0.000081544196
5000.000000000000	4.999410636372	3.450532792977	-1.767231288959	0.011752252869	0.006738950031	0.145887945012	-0.391771113285	0.004528768436	0.000184840089	0.010334199891	-0.066804390228	0.000952681981	0.000434002364	0.012032890546	-0.017119482483	0.000553708185	0.000654091300	0.009078187993	-0.009524637460	0.000511180189	0.000457749321	0.004452022019	-0.006637519049	0.000431030751	0.000210245840	0.001366555346	-0.004021653359	0.000270015431	0.000048955275	0.000257209799	-0.001941166639	0.000124719024	0.000000613278	0.000129165450	-0.000884147938	0.000083730811	0.000022777286	0.000142891673	-0.000592874425	0.000064688461	0.000015772317	0.000031679076	-0.000440200500	0.000054662249	-0.000003875362	-0.000074710151	-0.000262472879	0.000016853829	-0.000013196386	-0.000064796637	-0.000081519707
5000.000000000000	5.000294360234	3.450621459546	-1.767231368331	0.011753969770	0.006746909258	0.145931959021	-0.391877401063	0.004518211089	0.000181232951	0.010330833538	-0.066832657270	0.000948054597	0.000431242923	0.012022830949	-0.017116652942	0.000560293246	0.000626102724	0.009075944154	-0.009492632706	0.000511113181	0.000459142564	0.004453038314	-0.006636216982	0.000430085478	0.000201966398	0.001365445540	-0.004020552662	0.000277790942	0.000052144498	0.000247700739	-0.001947061777	0.000111088367	0.000013980330	0.000131916327	-0.000888264726	0.000081223673	0.000019523129	0.000143226764	-0.000592798096	0.000065799271	0.000016794994	0.000032439109	-0.000440476689	0.000053716225	-0.000003491766	-0.000073556581	-0.000263013720	0.000019627483	-0.000006959721	-0.000063478448	-0.000081744230
5000.000000000000	4.999847828725	3.450383536259	-1.767179964807	0.011776458942	0.006807133102	0.145944498295	-0.391862321781	0.004547133834	0.000191397900	0.010321416531	-0.066828367348	0.000912591468	0.000422431956	0.012038232088	-0.017117292511	0.000576980878	0.000647040654	0.009057496663	-0.009512381938	0.000520910660	0.000450340782	0.004459444858	-0.006640737941	0.000427105835	0.000208742205	0.001367153403	-0.004022101271	0.000237665240	-0.000002104457	0.000252202086	-0.001954567413	0.000115414230	0.000015946419	0.000128422939	-0.000888396083	0.000097400547	0.000021051809	0.000144973860	-0.000592086971	0.000063775001	0.000013334741	0.000031027059	-0.000440010923	0.000031069302	-0.000017357318	-0.000073962095	-0.000261751030	0.000022719529	-0.000005451252	-0.000064569402	-0.000080270702
5000.000000000000	4.999720907515	3.451484058236	-1.767011044393	0.011787207409	0.006754235819	0.146027036318	-0.391859728171	0.004542719290	0.000176895820	0.010337254382	-0.066819812100	0.000941913787	0.000439138781	0.012024831110	-0.017109174545	0.000590092287	0.000649039061	0.009045832551	-0.009492886170	0.000437557715	0.000498025438	0.004456088188	-0.006631742407	0.000429433606	0.000205296947	0.001373465058	-0.004021642633	0.000275132191	0.000075346565	0.000255297100	-0.001956203776	0.000110174281	0.000007780222	0.000131099504	-0.000881252795	0.000076794328	0.000012775688	0.000145769397	-0.000594053572	0.000066539751	0.000015349951	0.000032156738	-0.000439276835	0.000065211765	-0.000005315982	-0.000072628464	-0.000263640205	0.000020056765	-0.000015280141	-0.000064210241	-0.000081710075
5000.000000000000	5.000362441413	3.451397186167	-1.766908307012	0.011803435054	0.006768254354	0.146075114474	-0.391919720487	0.004536150572	0.000182541801	0.010354843234	-0.066846848562	0.000946041003	0.000424487153	0.012025877480	-0.017113233441	0.000563778596	0.000651306344	0.009064443369	-0.009516821459	0.000544628587	0.000390062303	0.004456771103	-0.006632476286	0.000428223922	0.000209881023	0.001371484555	-0.004019996023	0.000291789634	0.000032445474	0.000271193448	-0.001950073815	0.000118697624	0.000009633486	0.000128653162	-0.000890682972	0.000076879439	0.000023416966	0.000145275260	-0.000591848470	0.000067234566	0.000017348568	0.000032113014	-0.000439912564	0.000061899588	-0.000013866943	-0.000072771007	-0.000262858853	0.000031829764	-0.000009905338	-0.000063784816	-0.000081792426
5000.000000000000	4.999512804696	3.449983480967	-1.766862973445	0.011790109184	0.006783681459	0.146082753329	-0.391917850112	0.004541490171	0.000189513461	0.010337374901	-0.066852879099	0.000920592773	0.000460691593	0.012029772866	-0.017112655167	0.000565010344	0.000662484170	0.009071488288	-0.009501914105	0.000472536331	0.000327680638	0.004460250258	-0.006636575688	0.000393137719	0.000212477950	0.001369205574	-0.004020601897	0.000346755193	-0.000054999522	0.000255323795	-0.001955473986	0.000101524517	-0.000010797594	0.000130819353	-0.000882467798	0.000122931639	0.000032146000	0.000145160761	-0.000594473817	0.000069688309	0.000010400161	0.000031583150	-0.000440913203	0.000029473778	-0.000008949117	-0.000073973877	-0.000262501406	0.000013432735	-0.000000044605	-0.000063559519	-0.000081636239
5000.000000000000	5.001014780347	3.449735363943	-1.766658381202	0.011759451346	0.006771372100	0.146146428515	-0.391991138989	0.004539088382	0.000187006804	0.010337525970	-0.066876453376	0.000945908141	0.000437850961	0.012029768027	-0.017120053173	0.000579463354	0.000665635577	0.009067002204	-0.009498480892	0.000508620008	0.000461864052	0.004460151759	-0.006635820935	0.000428060189	0.000214197980	0.001365654901	-0.004019127610	0.000274443152	0.000055987625	0.000244032778	-0.001955910732	0.000124403225	0.000017425835	0.000127977051	-0.000888919795	0.000086660280	0.000018398439	0.000146276813	-0.000592497345	0.000064597660	0.000016817056	0.000032798233	-0.000440355667	0.000053813348	-0.000003676905	-0.000074812612	-0.000264529150	0.000034823180	-0.000012819903	-0.000063615473	-0.000081742966
5000.000000000000	4.999763131483	3.450799900767	-1.766611540364	0.011739878924	0.006762436117	0.146129482033	-0.391899270373	0.004540998057	0.000188496924	0.010358094006	-0.066842550209	0.000957252697	0.000429038957	0.012022753246	-0.017094446129	0.000567794927	0.000647152931	0.009083564034	-0.009487708814	0.000520809304	0.000516266403	0.004457406387	-0.006630907941	0.000431922373	0.000210195127	0.001377138356	-0.004021585186	0.000289660089	0.000056893427	0.000255733594	-0.001953440959	0.000125247138	0.000019217956	0.000134107824	-0.000888273459	0.000071992869	-0.000007206264	0.000146077708	-0.000592066120	0.000067091267	0.000013664842	0.000031053295	-0.000440429634	0.000064297910	-0.000026346080	-0.000072058173	-0.000263887931	0.000021383629	-0.000020488022	-0.000063706546	-0.000082403283
5000.000000000000	4.999532145245	3.450970816717	-1.766472797124	0.011796972042	0.006784738807	0.146193471067	-0.391917544078	0.004551061411	0.000192522531	0.010352151922	-0.066857163769	0.000956441152	0.000441498704	0.012030181299	-0.017093794247	0.000561572791	0.000634674834	0.009074787425	-0.009479464296	0.000556423471	0.000453837384	0.004461441032	-0.006634935634	0.000432110328	0.000206405337	0.001372364579	-0.004017678917	0.000251565290	0.000068922494	0.000255298050	-0.001957496167	0.000122206360	0.000018665131	0.000133101514	-0.000888228142	0.000062589493	0.000035577212	0.000145278820	-0.000593198072	0.000065779487	0.000014751610	0.000032821618	-0.000439657682	0.000073847275	0.000006081126	-0.000073150907	-0.000262770015	0.000030199417	-0.000017529534	-0.000064708596	-0.000081950879
5000.000000000000	5.000576286185	3.450206204111	-1.766404042882	0.011790395825	0.006787794496	0.146258059082	-0.391995880814	0.004543052929	0.000186234831	0.010344488611	-0.066881651758	0.000961283517	0.000445722355	0.012026645747	-0.017107268341	0.000565995361	0.000616064753	0.009070395170	-0.009496487021	0.000559431092	0.000483813603	0.004459454409	-0.006637889100	0.000431793079	0.000206140418	0.001375918682	-0.004022608476	0.000248506160	0.000042778630	0.000260035465	-0.001950339988	0.000130706029	0.000009268560	0.000126815210	-0.000887048402	0.000063094197	0.000009496775	0.000147767755	-0.000592266372	0.000068151874	0.000015266413	0.000032483271	-0.000440030423	0.000047506377	0.000018624959	-0.000071590285	-0.000263594032	0.000025940108	-0.000019028452	-0.000063975623	-0.000081851368
5000.000000000000	4.999861538179	3.449701774604	-1.766241842329	0.011801451266	0.006735991059	0.146255484224	-0.391963635075	0.004534176406	0.000211173385	0.010334313026	-0.066862260516	0.000944297096	0.000441367581	0.012033330081	-0.017102977968	0.000559884706	0.000646365133	0.009066593177	-0.009497496730	0.000462860703	0.000436627840	0.004459570686	-0.006627995857	0.000431927291	0.000204993302	0.001368629954	-0.004022734762	0.000244573989	0.000058712799	0.000263829652	-0.001951368390	0.000114359620	0.000009084112	0.000130599634	-0.000890152871	0.000096266395	0.000006654688	0.000144069148	-0.000591784051	0.000065666818	0.000018105960	0.000031475883	-0.000438955766	0.000077294331	-0.000005517814	-0.000073580873	-0.000261840835	0.000022371538	-0.000006947668	-0.000063678882	-0.000081916702
5000.000000000000	4.999758699921	3.449926189620	-1.766242338626	0.011793544954	0.006763779597	0.146299785775	-0.392011128545	0.004539622799	0.000182375203	0.010339296665	-0.066879390866	0.000996927323	0.000460772670	0.012031326269	-0.017102349747	0.000582869897	0.000635076654	0.009073873650	-0.009496728029	0.000505363767	0.000491376566	0.004468117236	-0.006632089888	0.000431374635	0.000213900365	0.001374034073	-0.004022838076	0.000160840823	-0.000020213369	0.000260056024	-0.001950363557	0.000104816155	0.000064662993	0.000128079875	-0.000886396976	-0.000020818344	-0.000007015439	0.000144137172	-0.000593885056	0.000064310506	0.000041476910	0.000032295334	-0.000438535125	0.000057811685	-0.000023361168	-0.000072326701	-0.000263034828	0.000024201964	-0.000013264985	-0.000063920554	-0.000082154688
5000.000000000000	5.000558025848	3.449950106221	-1.766059983229	0.011769373277	0.006765163073	0.146380034116	-0.392057015947	0.004545248156	0.000190581305	0.010347188742	-0.066895992210	0.000954256865	0.000441218914	0.012027831309	-0.017098565243	0.000582359373	0.000632615689	0.009079320862	-0.009484744347	0.000510431646	0.000461571203	0.004462875354	-0.006632041879	0.000433538375	0.000207786116	0.001375553849	-0.004021250107	0.000270406944	0.000053290675	0.000261850571	-0.001951349909	0.000125146317	0.000017237726	0.000131463367	-0.000887242560	0.000079143936	0.000024769165	0.000146450111	-0.000591513504	0.000065376141	0.000015987573	0.000033179960	-0.000439653886	0.000053459164	-0.000004108385	-0.000072443478	-0.000263843386	0.000019284947	-0.000007945139	-0.000062930042	-0.000082613627
5000.000000000000	4.999657477111	3.450068843756	-1.766241994839	0.011770983954	0.006764667999	0.146305659321	-0.392023924453	0.004547541181	0.000194569296	0.010341607386	-0.066876281929	0.000946687689	0.000433533858	0.012020510935	-0.017105591383	0.000576894934	0.000638963874	0.009063558791	-0.009495287140	0.000507129585	0.000462120194	0.004459844533	-0.006637685832	0.000430505475	0.000207028255	0.001369250962	-0.004019504218	0.000277414267	0.000052296563	0.000253225905	-0.001954422713	0.000114654099	0.000015670914	0.000132425947	-0.000886422626	0.000086453954	0.000018581891	0.000145571770	-0.000592162404	0.000067006182	0.000014471554	0.000033752316	-0.000439092481	0.000053364578	-0.000003485536	-0.000073173035	-0.000262356692	0.000017143615	-0.000009265666	-0.000063929857	-0.000081777905
5000.000000000000	5.000131884400	3.449770432427	-1.766188341801	0.011766057891	0.006761539558	0.146368120656	-0.392098625587	0.004542790994	0.000201430026	0.010326968643	-0.066906574094	0.000952422267	0.000437825195	0.012027801924	-0.017105608375	0.000574049276	0.000646190659	0.009057892067	-0.009491963942	0.000507545929	0.000456988284	0.004458053008	-0.006636355779	0.000429392901	0.000209905352	0.001369649284	-0.004021537698	0.000269016842	0.000049659459	0.000255750859	-0.001951137769	0.000143328144	0.000004239120	0.000138686748	-0.000882944128	0.000083936934	0.000023685201	0.000143878899	-0.000591871024	0.000065333252	0.000015074951	0.000032689147	-0.000440771142	0.000054974467	-0.000004034996	-0.000073743907	-0.000262814349	0.000028620926	-0.000016806803	-0.000062461530	-0.000081775301
5000.000000000000	5.000003338080	3.449742427666	-1.765746362022	0.011772161623	0.006766162130	0.146464324597	-0.392052343460	0.004547666146	0.000188495884	0.010360065921	-0.066896152208	0.000958413889	0.000428716887	0.012027424085	-0.017099538502	0.000565142153	0.000665553848	0.009091199717	-0.009484646793	0.000501208327	0.000462901339	0.004467160187	-0.006630532702	0.000427702028	0.000203322819	0.001377194527	-0.004018786469	0.000269631397	0.000046577572	0.000259683855	-0.001947311521	0.000117596948	0.000022551419	0.000128266678	-0.000883042951	0.000083896473	0.000023391266	0.000147084951	-0.000592287889	0.000065463404	0.000018633086	0.000032432631	-0.000438540602	0.000053330933	-0.000003654434	-0.000072821978	-0.000263147135	0.000020473873	-0.000015649142	-0.000064065492	-0.000082271030
5000.000000000000	4.999789869261	3.449038564878	-1.765789043293	0.011754655974	0.006771190769	0.146456121749	-0.392080509355	0.004531261362	0.000192327237	0.010349723739	-0.066896778087	0.000949752873	0.000435496958	0.012024159266	-0.017102877545	0.000548439665	0.000652024527	0.009062685023	-0.009489230385	0.000503370136	0.000461106397	0.004460878718	-0.006635618562	0.000434481738	0.000210348217	0.001375963093	-0.004023207658	0.000272150566	0.000047722021	0.000262399107	-0.001955156518	0.000120909105	0.000006339577	0.000134351647	-0.000886766891	0.000078524523	0.000022044797	0.000145768586	-0.000592166339	0.000067600719	0.000017318217	0.000033594833	-0.000439450084	0.000052585979	-0.000003004502	-0.000072648416	-0.000261845592	0.000021399175	-0.000004095905	-0.000063827406	-0.000081383074
5000.000000000000	5.000114120895	3.449095797080	-1.765660553230	0.011776276180	0.006770077158	0.146524512222	-0.392124741797	0.004543846903	0.000186125961	0.010355018579	-0.066921432209	0.000948743909	0.000433334354	0.012018470955	-0.017101301122	0.000570642043	0.000656215468	0.009084170738	-0.009487798730	0.000510628511	0.000460886988	0.004467068785	-0.006628855660	0.000432514441	0.000209227801	0.001378735392	-0.004019494481	0.000275618846	0.000051490940	0.000254098968	-0.001954481953	0.000118904642	0.000007452723	0.000129238786	-0.000886617019	0.000083593525	0.000019029348	0.000144394112	-0.000592296190	0.000064420375	0.000018630248	0.000032720439	-0.000439737387	0.000054124577	-0.000002760720	-0.000071914703	-0.000263278203	0.000023047694	-0.000006336517	-0.000064720704	-0.000081129403
5000.000000000000	5.000098509502	3.450000937613	-1.765759025487	0.011774414074	0.006771366436	0.146504096476	-0.392140749972	0.004537528734	0.000186848973	0.010330810997	-0.066912977558	0.000948765168	0.000434701218	0.012023005099	-0.017102711367	0.000560861502	0.000635511668	0.009079879546	-0.009477882110	0.000510080085	0.000461752931	0.004462525871	-0.006635457534	0.000429379592	0.000209750768	0.001376957148	-0.004018673441	0.000282560678	0.000049932082	0.000254067801	-0.001957271998	0.000115723855	0.000016366764	0.000130107149	-0.000882626717	0.000085294577	0.000019282234	0.000145821833	-0.000591622730	0.000068597879	0.000015800752	0.000032114852	-0.000441264706	0.000052255224	-0.000004160616	-0.000070474094	-0.000262564254	0.000024498884	-0.000014458943	-0.000064106219	-0.000081684758
5000.000000000000	5.000301924705	3.449775610294	-1.765403162113	0.011779980186	0.006766872392	0.146605872624	-0.392124217730	0.004549067278	0.000185217200	0.010364153052	-0.066922296725	0.000948483781	0.000437070907	0.012025045000	-0.017095724637	0.000584228482	0.000632240029	0.009082920328	-0.009485466017	0.000509554173	0.000461271078	0.004471536314	-0.006628830747	0.000431449537	0.000213395275	0.001378550555	-0.004017200110	0.000270767495	0.000049850534	0.000257528235	-0.001955959244	0.000115825323	0.000016064505	0.000129790614	-0.000888396679	0.000079892026	0.000023746403	0.000145470590	-0.000591723749	0.000064377836	0.000019096410	0.000033709618	-0.000439588657	0.000053389280	-0.000003919541	-0.000072304193	-0.000264004156	0.000019879720	-0.000006048516	-0.000063401150	-0.000081786944
5000.000000000000	4.999710216639	3.449066156705	-1.765364207961	0.011750678270	0.006779746320	0.146598797936	-0.392124422199	0.004551088408	0.000184671747	0.010339880397	-0.066913567849	0.000954181388	0.000432446917	0.012023949675	-0.017104739226	0.000561901657	0.000641948659	0.009078909295	-0.009486464278	0.000504732648	0.000458988443	0.004470628383	-0.006630254207	0.000429386626	0.000207543884	0.001373435193	-0.004020071942	0.000274982840	0.000047672462	0.000253175242	-0.001948468137	0.000119287659	0.000000365518	0.000134212454	-0.000887942277	0.000083291953	0.000021575396	0.000145557867	-0.000592638567	0.000068606988	0.000018122872	0.000032800689	-0.000440193819	0.000053220214	-0.000003801628	-0.000073714554	-0.000262534609	0.000021245787	-0.000017071633	-0.000064454913	-0.000081950918
5000.000000000000	5.000550714558	3.448074447028	-1.765198975605	0.011771291718	0.006778404285	0.146631940050	-0.392173941522	0.004547351053	0.000199640304	0.010343489489	-0.066920209404	0.000942914906	0.000432612750	0.012024837552	-0.017096672251	0.000570825309	0.000653123861	0.009084145908	-0.009473717420	0.000510235257	0.000456638825	0.004469219675	-0.006629880927	0.000432099519	0.000209100391	0.001380005586	-0.004022261703	0.000274421441	0.000043156050	0.000259590217	-0.001943026323	0.000123357364	0.000004312054	0.000132917909	-0.000887414728	0.000081730203	0.000023900282	0.000146559494	-0.000590778066	0.000067310896	0.000015021618	0.000032478712	-0.000438481865	0.000052597899	-0.000003200590	-0.000071873904	-0.000263044210	0.000024716769	-0.000004792273	-0.000064179290	-0.000081699435
5000.000000000000	4.999959264849	3.448180769567	-1.765376110159	0.011769645988	0.006764969308	0.146552247648	-0.392160632583	0.004547596916	0.000195204255	0.010335697244	-0.066929737602	0.000957098612	0.000433564377	0.012026644696	-0.017091511970	0.000558958447	0.000666760746	0.009090209442	-0.009479848886	0.000510613509	0.000459469866	0.004464742333	-0.006637125342	0.000430574226	0.000207272762	0.001372947463	-0.004020087614	0.000272010557	0.000047523795	0.000255668524	-0.001940946223	0.000122639531	0.000001965362	0.000130369056	-0.000884656272	0.000080465646	0.000019928625	0.000146049199	-0.000592334027	0.000068773443	0.000014175383	0.000032824233	-0.000438355185	0.000053792844	-0.000005664164	-0.000072470095	-0.000262974119	0.000018535453	-0.000012099168	-0.000063786340	-0.000082186322
5000.000000000000	4.999815498073	3.447832723824	-1.765255080480	0.011770680189	0.006778859836	0.146611501261	-0.392179292337	0.004550523515	0.000181485011	0.010334746492	-0.066928280976	0.000950817755	0.000429773352	0.012012695638	-0.017087143295	0.000569779671	0.000638031116	0.009080237454	-0.009488879288	0.000503858127	0.000460438114	0.004471075088	-0.006635177922	0.000434877907	0.000209564880	0.001376369052	-0.004023720470	0.000267627141	0.000040813764	0.000253565454	-0.001944806973	0.000112311398	0.000011959629	0.000127662872	-0.000881389908	0.000080646841	0.000019229573	0.000145839665	-0.000590251459	0.000067364863	0.000015127718	0.000032199809	-0.000437684878	0.000053056286	-0.000003825349	-0.000073293091	-0.000262837712	0.000021409220	-0.000007219943	-0.000063530601	-0.000082246817
5000.000000000000	5.000215392880	3.447659835223	-1.765079245612	0.011768703157	0.006771404321	0.146675486127	-0.392202219089	0.004543137157	0.000201740290	0.010333022667	-0.066931534688	0.000954452677	0.000436933582	0.012019526495	-0.017093684942	0.000576767937	0.000644040355	0.009084288651	-0.009478925390	0.000513314756	0.000459988651	0.004464654003	-0.006631284932	0.000433965676	0.000209050753	0.001376646298	-0.004022635148	0.000270088416	0.000052108057	0.000254390657	-0.001949979726	0.000116644649	0.000002813787	0.000130796958	-0.000887232504	0.000078765612	0.000024652977	0.000145785497	-0.000590126728	0.000067024174	0.000017576165	0.000032959860	-0.000439675598	0.000053830160	-0.000004252634	-0.000073266242	-0.000263790585	0.000020457221	-0.000010586533	-0.000064258207	-0.000081637674
5000.000000000000	4.999870595019	3.448823975698	-1.764925441934	0.011749025384	0.006778876908	0.146738707279	-0.392178695941	0.004546566160	0.000185121063	0.010347388479	-0.066926806736	0.000950923784	0.000429920548	0.012019648647	-0.017086672203	0.000575994539	0.000658481092	0.009085461013	-0.009479576796	0.000502899942	0.000464118118	0.004474081457	-0.006630723175	0.000431701113	0.000211201594	0.001379400126	-0.004021722314	0.000269726248	0.000051203661	0.000258844884	-0.001948591709	0.000121327695	0.000017435172	0.000129234433	-0.000883391693	0.000083564251	0.000017954090	0.000146101911	-0.000590625220	0.000067235111	0.000013991459	0.000032799520	-0.000438861526	0.000054125390	-0.000003204942	-0.000073189911	-0.000263088856	0.000029810624	-0.000007991962	-0.000063566060	-0.000082306703
5000.000000000000	4.999765561993	3.448272998395	-1.764724718603	0.011761965676	0.006778326118	0.146786191332	-0.392204403436	0.004537832552	0.000187468525	0.010367623102	-0.066941523906	0.000948254875	0.000436414612	0.012028153892	-0.017083335373	0.000563011172	0.000632610190	0.009086707670	-0.009482487846	0.000506708571	0.000460531183	0.004475396066	-0.006630864148	0.000430365751	0.000208608973	0.001378107951	-0.004023429531	0.000270826008	0.000051077662	0.000258171590	-0.001953903527	0.000105127564	0.000020657106	0.000129965976	-0.000886158945	0.000082310346	0.000020149609	0.000146070368	-0.000590484371	0.000066107301	0.000013986431	0.000032464008	-0.000438337708	0.000053410472	-0.000003281416	-0.000072046632	-0.000262205786	0.000034499312	-0.000010095684	-0.000063768542	-0.000081539223
5000.000000000000	4.999840805974	3.447536472195	-1.764430021597	0.011760567829	0.006781287682	0.146847305406	-0.392213272828	0.004548112514	0.000197444016	0.010372410043	-0.066946919761	0.000959363781	0.000448794514	0.012025735247	-0.017087401118	0.000573201548	0.000627443920	0.009085958251	-0.009477487665	0.000508967154	0.000455921035	0.004477185786	-0.006624528336	0.000433764433	0.000208938743	0.001384712148	-0.004017051633	0.000282981355	0.000038372399	0.000257641811	-0.001942247272	0.000128855400	0.000008018360	0.000130536117	-0.000885890275	0.000085303234	0.000022551477	0.000146124902	-0.000590633568	0.000066917438	0.000016784912	0.000033269682	-0.000439017095	0.000053810980	-0.000003826112	-0.000072847806	-0.000263020517	0.000013024444	-0.000013158637	-0.000063123418	-0.000082949031
5000.000000000000	4.999895894928	3.448112441831	-1.764665727204	0.011770420258	0.006787036459	0.146825259686	-0.392274621874	0.004565718442	0.000191400258	0.010353720319	-0.066967169402	0.000944280340	0.000440519584	0.012019433821	-0.017091716956	0.000559719417	0.000637307228	0.009086232958	-0.009477771593	0.000506118628	0.000459339467	0.004475425979	-0.006631499609	0.000432587762	0.000207071933	0.001382625239	-0.004020327528	0.000278648287	0.000047774591	0.000259083403	-0.001955606610	0.000115559859	0.000005228510	0.000131265941	-0.000887123892	0.000081061935	0.000021519686	0.000146796219	-0.000591687757	0.000067389411	0.000014808705	0.000032540326	-0.000437382915	0.000054796286	-0.000003188087	-0.000072805965	-0.000262645838	0.000020432974	-0.000016193221	-0.000063843937	-0.000082659037
5000.000000000000	5.000440630316	3.446857827222	-1.764524203254	0.011768497289	0.006776640710	0.146859066374	-0.392320933209	0.004547082750	0.000191660407	0.010341914277	-0.066973820860	0.000945554479	0.000437076368	0.012015410118	-0.017086374114	0.000564627452	0.000624787403	0.009074806213	-0.009477532917	0.000512138216	0.000462102278	0.004476025904	-0.006634141687	0.000433885135	0.000209381437	0.001378219415	-0.004021615455	0.000279646670	0.000054433647	0.000261138785	-0.001957030096	0.000118183186	0.000014711354	0.000127658583	-0.000890661565	0.000080080390	0.000016493375	0.000146845045	-0.000591279470	0.000065662556	0.000018098980	0.000033160149	-0.000440243519	0.000054109684	-0.000003691811	-0.000071728940	-0.000262780631	0.000025143877	-0.000004222794	-0.000064057843	-0.000082667420
5000.000000000000	5.000376618395	3.447200460981	-1.764468583891	0.011767270522	0.006784135522	0.146860605738	-0.392297125813	0.004554259171	0.000189251591	0.010345595366	-0.066965732636	0.000947515060	0.000435082930	0.012026722474	-0.017085597030	0.000566602251	0.000640681295	0.009068271155	-0.009471513451	0.000511527577	0.000456807102	0.004478918769	-0.006628239031	0.000430216470	0.000206979707	0.001375613012	-0.004017003417	0.000268270553	0.000043279703	0.000255315315	-0.001942397012	0.000124155309	0.000006259190	0.000127120907	-0.000883031464	0.000083953130	0.000022030864	0.000145077713	-0.000590648081	0.000069690903	0.000014690179	0.000034122861	-0.000439360515	0.000055021426	-0.000003495211	-0.000073260856	-0.000262741438	0.000029562321	-0.000013217116	-0.000063856507	-0.000083001914
5000.000000000000	4.999436344026	3.446986284436	-1.764189283580	0.011755574649	0.006789917174	0.146903439395	-0.392238745607	0.004543844872	0.000205697539	0.010352054756	-0.066948813540	0.000945869963	0.000435803111	0.012024950284	-0.017077662677	0.000574870578	0.000639505090	0.009084413345	-0.009482104997	0.000508941125	0.000461688927	0.004474049529	-0.006624021031	0.000431306326	0.000208855995	0.001383135272	-0.004020320912	0.000266942911	0.000048422853	0.000258390000	-0.001946919272	0.000129005793	-0.000002939374	0.000135095841	-0.000894928738	0.000079366827	0.000018378476	0.000146193666	-0.000590297221	0.000064470791	0.000013025665	0.000034050142	-0.000437791054	0.000054337168	-0.000003825363	-0.000072277506	-0.000264297001	0.000018791557	-0.000011974580	-0.000063079060	-0.000081981775
5000.000000000000	5.000417258376	3.447072844227	-1.763960498774	0.011767396008	0.006786796261	0.147017577487	-0.392316782469	0.004545665985	0.000192428571	0.010361369672	-0.066992214734	0.000948425515	0.000432192007	0.012022964495	-0.017068689644	0.000561352602	0.000658328803	0.009091646394	-0.009463516552	0.000506000595	0.000460451147	0.004482812783	-0.006624908804	0.000429899380	0.000209084586	0.001380293295	-0.004022576319	0.000272968814	0.000046990183	0.000254280617	-0.001951820812	0.000103211409	0.000020680366	0.000128816381	-0.000883575734	0.000077164120	0.000021084682	0.000146195442	-0.000590114734	0.000067495309	0.000017986764	0.000033482993	-0.000437685964	0.000052508269	-0.000003627489	-0.000070842188	-0.000263013779	0.000029554373	-0.000013411017	-0.000062898197	-0.000082040266
5000.000000000000	4.999438909017	3.446797661547	-1.763884574480	0.011769249819	0.006782112234	0.147034736837	-0.392310101737	0.004557226199	0.000188648921	0.010367388485	-0.066970171813	0.000950832363	0.000439428486	0.012017254938	-0.017078790657	0.000550702126	0.000651581728	0.009093791256	-0.009466137546	0.000504085827	0.000461872636	0.004473482401	-0.006626476102	0.000430800181	0.000206432362	0.001387787312	-0.004027476692	0.000275242377	0.000042856291	0.000261065599	-0.001953179213	0.000125173739	0.000027258954	0.000125927875	-0.000882642596	0.000079067393	0.000018337731	0.000146335185	-0.000589999479	0.000067328914	0.000014853198	0.000033912674	-0.000438644836	0.000054406637	-0.000002140078	-0.000070792265	-0.000263125028	0.000023671640	-0.000004499052	-0.000062932775	-0.000081591640
5000.000000000000	4.999883776329	3.446311682165	-1.763836190234	0.011759693215	0.006792387173	0.147074620085	-0.392371931318	0.004555882105	0.000204333914	0.010351274036	-0.066997955715	0.000951969074	0.000434671947	0.012025664285	-0.017078594826	0.000558933411	0.000634510752	0.009089060430	-0.009463328411	0.000504280666	0.000461023312	0.004482277232	-0.006628062110	0.000434290691	0.000211560641	0.001383751081	-0.004019159606	0.000269386380	0.000048418841	0.000259434876	-0.001956463559	0.000111631198	0.000006808868	0.000137075708	-0.000884646676	0.000080413135	0.000022421651	0.000143735416	-0.000588773517	0.000066954402	0.000016531426	0.000034378590	-0.000439055275	0.000054153499	-0.000003429438	-0.000071338244	-0.000262864628	0.000019241922	-0.000017968868	-0.000063566691	-0.000081467019
5000.000000000000	5.000390597534	3.446125433041	-1.763912818259	0.011759179258	0.006789715072	0.147064002999	-0.392417411979	0.004537256114	0.000186273092	0.010337530155	-0.067014869034	0.000958400952	0.000435639069	0.012020512056	-0.017086273257	0.000572194010	0.000659016154	0.009078131157	-0.009473490886	0.000508364916	0.000462006221	0.004477842153	-0.006628080042	0.000434544106	0.000211725929	0.001376081191	-0.004021910747	0.000275721304	0.000040837133	0.000249337122	-0.001955437090	0.000128997188	0.000008161264	0.000130276364	-0.000877872504	0.000080174794	0.000028598485	0.000146500935	-0.000589949577	0.000067370031	0.000017442673	0.000033158513	-0.000439080149	0.000053512445	-0.000003865943	-0.000072050216	-0.000261862102	0.000027763501	-0.000015021250	-0.000063266322	-0.000081030203
5000.000000000000	5.000355400258	3.446404051830	-1.763954960656	0.011752040186	0.006800380809	0.147043070004	-0.392423319694	0.004537087383	0.000204842818	0.010325239871	-0.067005170908	0.000947708284	0.000440688752	0.012010091389	-0.017077527129	0.000554884976	0.000638848051	0.009090481947	-0.009483706454	0.000508522126	0.000458585873	0.004469622938	-0.006626454218	0.000428765524	0.000208666668	0.001380059020	-0.004021745017	0.000276491669	0.000047583442	0.000255900299	-0.001950331218	0.000121655729	0.000009473530	0.000126224156	-0.000880429026	0.000080844097	0.000021009341	0.000145363198	-0.000589225241	0.000067859674	0.000013967646	0.000033635815	-0.000438920013	0.000053475948	-0.000003789057	-0.000071564634	-0.000262940422	0.000025699822	-0.000007778188	-0.000063790294	-0.000081650189
5000.000000000000	4.999478858779	3.444922769645	-1.763506588984	0.011768031624	0.006786668252	0.147109223262	-0.392360211250	0.004557389753	0.000205614420	0.010353903503	-0.066987615044	0.000945564067	0.000438240403	0.012022903362	-0.017065966082	0.000583199747	0.000639419802	0.009085596725	-0.009462828180	0.000506649981	0.000461217253	0.004480900831	-0.006628470528	0.000430894744	0.000209256874	0.001383175469	-0.004018836746	0.000274057265	0.000049409614	0.000253198045	-0.001947050223	0.000119561603	0.000010658462	0.000124282546	-0.000879401381	0.000081399743	0.000021066124	0.000148359142	-0.000589963160	0.000067807517	0.000018468767	0.000033331742	-0.000438400590	0.000053351559	-0.000003467866	-0.000071778160	-0.000263226995	0.000027987479	-0.000018144355	-0.000063003340	-0.000081631884
5000.000000000000	4.999986882950	3.446833080358	-1.763583557166	0.011785221244	0.006802962826	0.147179754015	-0.392430717847	0.004549526479	0.000179904198	0.010355276684	-0.067022839317	0.000953220232	0.000439674092	0.012016171579	-0.017069303885	0.000568847359	0.000628782969	0.009086633447	-0.009470632457	0.000508547290	0.000463714430	0.004481297237	-0.006626464053	0.000432696801	0.000209213387	0.001384711662	-0.004019213080	0.000271047008	0.000043340128	0.000251238530	-0.001955473920	0.000109091306	0.000023206168	0.000132260445	-0.000885181579	0.000076435307	0.000020894651	0.000146013414	-0.000590237965	0.000065005230	0.000013833584	0.000033712398	-0.000437459563	0.000052246992	-0.000002776931	-0.000073359169	-0.000263373278	0.000034115578	-0.000009911589	-0.000063742470	-0.000081778735
5000.000000000000	4.999705378164	3.446263419187	-1.763651322534	0.011770759259	0.006796067386	0.147169762977	-0.392471025649	0.004567726383	0.000202006936	0.010336560837	-0.067026916562	0.000948520657	0.000424268495	0.012011189017	-0.017083818304	0.000557053072	0.000634173601	0.009082758462	-0.009460510626	0.000501940929	0.000465100338	0.004478607048	-0.006626604053	0.000430896184	0.000213487091	0.001381981857	-0.004023764257	0.000270381497	0.000048365636	0.000255538300	-0.001951614420	0.000122475207	0.000011038118	0.000127058508	-0.000889217657	0.000080113084	0.000020029257	0.000144616096	-0.000590776999	0.000066630397	0.000018025370	0.000034544539	-0.000439953591	0.000053399421	-0.000004073046	-0.000071556019	-0.000263405529	0.000030348030	-0.000005901138	-0.000063783900	-0.000082622431
5000.000000000000	5.000583580589	3.446197353344	-1.763464826485	0.011754342845	0.006782629288	0.147224808469	-0.392507585451	0.004554258484	0.000190871418	0.010340301239	-0.067043898707	0.000942689102	0.000425094436	0.012020934819	-0.017082204023	0.000560491339	0.000622751335	0.009096247751	-0.009463358701	0.000505637867	0.000465695926	0.004481059684	-0.006624613076	0.000431784519	0.000214160923	0.001384032614	-0.004024847138	0.000269242645	0.000046673071	0.000254877878	-0.001954958975	0.000121301216	0.000018285789	0.000134553853	-0.000885730670	0.000080159994	0.000023994374	0.000148107230	-0.000589582210	0.000063896931	0.000013316704	0.000033362273	-0.000438412134	0.000051876868	-0.000003718885	-0.000070820642	-0.000263183724	0.000021369692	-0.000003302202	-0.000063264204	-0.000082294656
5000.000000000000	5.000206940552	3.446395283115	-1.763165885349	0.011774803574	0.006780484060	0.147287012426	-0.392453903875	0.004559833034	0.000200499905	0.010365026585	-0.067022042167	0.000950233265	0.000444228590	0.012021318544	-0.017066431688	0.000546772707	0.000639726762	0.009100019868	-0.009458359466	0.000508348383	0.000467835337	0.004479470423	-0.006619999322	0.000426364776	0.000215278998	0.001387235666	-0.004019886360	0.000273336426	0.000047493078	0.000253347789	-0.001956556224	0.000130482640	0.000001957150	0.000136398845	-0.000890567251	0.000080517857	0.000020288410	0.000144222998	-0.000587501823	0.000064748412	0.000016552546	0.000034511352	-0.000438127211	0.000053206003	-0.000005327752	-0.000072851185	-0.000263648635	0.000024730972	-0.000002839239	-0.000062941423	-0.000082887025
5000.000000000000	4.999394825560	3.445796496970	-1.763134379901	0.011768721332	0.006794922066	0.147298600703	-0.392457522257	0.004559328709	0.000190334774	0.010357229331	-0.067029337882	0.000954460836	0.000428377331	0.012027280281	-0.017068878498	0.000549009433	0.000654520391	0.009102722712	-0.009468419992	0.000510478353	0.000459958207	0.004482506302	-0.006623219947	0.000428886847	0.000212625872	0.001384508952	-0.004021842542	0.000272826567	0.000053229456	0.000256919310	-0.001949883111	0.000129922425	0.000006178760	0.000130335711	-0.000885788797	0.000078991365	0.000022813862	0.000146040882	-0.000590081532	0.000070165881	0.000014890903	0.000034879253	-0.000437262107	0.000053858492	-0.000003273995	-0.000071921144	-0.000263778602	0.000017754369	-0.000008123028	-0.000063670646	-0.000082376693
5000.000000000000	5.000498390903	3.446450247362	-1.763050305902	0.011751174232	0.006795902636	0.147371392938	-0.392531536538	0.004535547586	0.000208811195	0.010343076439	-0.067051705955	0.000946489520	0.000427091593	0.012020029081	-0.017074773850	0.000560516657	0.000657093244	0.009092094218	-0.009457789435	0.000506419965	0.000459419295	0.004485200287	-0.006626565453	0.000431854553	0.000212678369	0.001389580057	-0.004027975807	0.000272065295	0.000050788483	0.000255203065	-0.001959491491	0.000119638440	0.000002451781	0.000132287037	-0.000884539711	0.000079741401	0.000018308523	0.000145144420	-0.000589671865	0.000066001026	0.000019151731	0.000035322078	-0.000438735109	0.000053840536	-0.000004173771	-0.000072866811	-0.000264645453	0.000024334327	-0.000000626533	-0.000063282580	-0.000081546581
5000.000000000000	5.000130137029	3.446435656371	-1.763132201595	0.011769939049	0.006785841388	0.147343130278	-0.392528427327	0.004556368448	0.000206522268	0.010345961090	-0.067041586667	0.000946955328	0.000433724981	0.012018800015	-0.017080450670	0.000573377403	0.000638906473	0.009096838071	-0.009453893861	0.000501914214	0.000458142486	0.004486309428	-0.006624663336	0.000427367395	0.000209398261	0.001379701272	-0.004021195604	0.000274981278	0.000049349342	0.000263995283	-0.001955539139	0.000116593872	0.000003754647	0.000125034797	-0.000880670304	0.000077419537	0.000022540828	0.000147337446	-0.000590373557	0.000065765967	0.000017252475	0.000034698129	-0.000438452448	0.000053435312	-0.000005409789	-0.000072820465	-0.000265053493	0.000029020827	-0.000000697869	-0.000063508895	-0.000083026646
5000.000000000000	5.000131557963	3.446107961672	-1.762731054990	0.011760144876	0.006785725006	0.147416055851	-0.392514044779	0.004558385765	0.000198583262	0.010369906268	-0.067034524558	0.000945738335	0.000432686027	0.012026001558	-0.017057057639	0.000555304030	0.000657959697	0.009092557116	-0.009458544674	0.000508825549	0.000461386723	0.004488678263	-0.006622718197	0.000431261054	0.000210904773	0.001384673327	-0.004021764928	0.000278836412	0.000053725008	0.000253853642	-0.001950734874	0.000109765436	0.000005215196	0.000123689595	-0.000884226609	0.000081872147	0.000022501200	0.000145718231	-0.000590073121	0.000065587780	0.000016395062	0.000032943697	-0.000438702885	0.000052806234	-0.000002418583	-0.000071536500	-0.000263165266	0.000020149911	-0.000001382192	-0.000063813702	-0.000081376910
5000.000000000000	4.999858618547	3.446134337257	-1.763028837003	0.011775404456	0.006802109655	0.147355029951	-0.392538742464	0.004546132717	0.000191479622	0.010338632463	-0.067051952640	0.000944491944	0.000434004988	0.012019870556	-0.017078963233	0.000552121236	0.000643813265	0.009090217595	-0.009466406892	0.000508588493	0.000458128135	0.004481741632	-0.006627240182	0.000435092401	0.000211833284	0.001384758130	-0.004024178829	0.000266268887	0.000048874704	0.000261043195	-0.001955678297	0.000111437007	0.000011670090	0.000129005118	-0.000878394284	0.000083234958	0.000019975775	0.000146565317	-0.000589813078	0.000065249214	0.000014095715	0.000033067311	-0.000437930105	0.000053643033	-0.000003009026	-0.000072083266	-0.000262880426	0.000034861618	-0.000015613913	-0.000064147501	-0.000081865753
5000.000000000000	4.999674246894	3.446606308080	-1.762565706331	0.011767400014	0.006807160073	0.147496866934	-0.392530930038	0.004557843899	0.000210219385	0.010362503523	-0.067052480491	0.000964418187	0.000425364007	0.012020662456	-0.017065114603	0.000567863943	0.000632196893	0.009097353616	-0.009460102973	0.000505833079	0.000461609809	0.004485911878	-0.006623251248	0.000428046488	0.000210057778	0.001392922827	-0.004022940973	0.000275949070	0.000048914860	0.000260379974	-0.001950727574	0.000123083078	0.000005045473	0.000132822193	-0.000888082657	0.000084366086	0.000020618586	0.000146755732	-0.000587459453	0.000068256518	0.000013382469	0.000033226696	-0.000438249817	0.000052773349	-0.000003307342	-0.000071619228	-0.000262688470	0.000021203273	-0.000018381211	-0.000063361729	-0.000082885498
5000.000000000000	5.000122087468	3.446254024518	-1.762754533930	0.011770988278	0.006808982255	0.147469069277	-0.392604870876	0.004557236550	0.000190541465	0.010347613355	-0.067082843600	0.000953538682	0.000418843004	0.012012738873	-0.017081209509	0.000549012795	0.000644706597	0.009101539056	-0.009454960607	0.000509270202	0.000461452885	0.004480808939	-0.006624712623	0.000430802794	0.000216509738	0.001386011914	-0.004020451925	0.000277113236	0.000046744511	0.000248582200	-0.001948259002	0.000126362428	0.000013658096	0.000129226990	-0.000883789940	0.000081407941	0.000024041654	0.000144852720	-0.000590395826	0.000063453774	0.000015106311	0.000032847737	-0.000439220051	0.000053993968	-0.000003095392	-0.000071879773	-0.000263784246	0.000023748960	-0.000012651153	-0.000062884667	-0.000082099821
5000.000000000000	5.000530997518	3.446236258061	-1.762547708984	0.011777412731	0.006805557802	0.147554341523	-0.392618545173	0.004553891052	0.000214593494	0.010348656123	-0.067075928355	0.000948467843	0.000422541371	0.012015930054	-0.017072806307	0.000556483642	0.000653647110	0.009093102200	-0.009449808956	0.000507477004	0.000468369627	0.004487123565	-0.006621473976	0.000430821137	0.000210008815	0.001388022233	-0.004025074964	0.000277862171	0.000044603598	0.000255967818	-0.001953441398	0.000110149788	0.000014243260	0.000133394598	-0.000879684571	0.000078894262	0.000020782419	0.000146785640	-0.000589219645	0.000066772862	0.000017650931	0.000034454354	-0.000438832937	0.000054194060	-0.000003500631	-0.000071733914	-0.000265054032	0.000024412761	-0.000010291944	-0.000063094408	-0.000083397676
5000.000000000000	4.999471336955	3.445603428186	-1.762236771196	0.011753747062	0.006791692018	0.147552876564	-0.392551877542	0.004555141573	0.000196747372	0.010364663106	-0.067060579900	0.000947939063	0.000423566649	0.012030911704	-0.017054051209	0.000545206240	0.000644160773	0.009096546648	-0.009453894150	0.000507835399	0.000461489140	0.004489555207	-0.006623462719	0.000433709806	0.000214303733	0.001389348759	-0.004016716032	0.000276393154	0.000044291420	0.000256123474	-0.001955429934	0.000127092483	0.000011777498	0.000125338838	-0.000883768728	0.000079600128	0.000018469705	0.000149341127	-0.000589296936	0.000066275314	0.000017943058	0.000034389304	-0.000437330558	0.000053447795	-0.000003221896	-0.000070382815	-0.000263200929	0.000024414835	-0.000008264284	-0.000063195297	-0.000081737793
5000.000000000000	5.000368396742	3.445478711382	-1.762033154411	0.011758218147	0.006787984997	0.147664949199	-0.392623211441	0.004554511315	0.000191940086	0.010372286929	-0.067093606937	0.000951130005	0.000437980024	0.012029065230	-0.017061949703	0.000565672334	0.000654578211	0.009106999365	-0.009456248715	0.000505236143	0.000461593510	0.004495074735	-0.006620561720	0.000429708416	0.000207904085	0.001388212965	-0.004022934450	0.000274195155	0.000048058923	0.000262808441	-0.001962295249	0.000124816873	0.000008743203	0.000120948981	-0.000879203756	0.000078032618	0.000021389234	0.000148069791	-0.000586528722	0.000066548866	0.000018491829	0.000035308311	-0.000437771056	0.000053378781	-0.000004584928	-0.000071051902	-0.000263747816	0.000022795712	-0.000009721074	-0.000063427768	-0.000082575587
5000.000000000000	4.999764300427	3.445927507871	-1.761930313201	0.011763154469	0.006806556877	0.147695787769	-0.392594227253	0.004561064717	0.000210111608	0.010385456319	-0.067075357145	0.000953963508	0.000428696001	0.012026269672	-0.017057966478	0.000554676328	0.000641242559	0.009103604444	-0.009459766237	0.000502904874	0.000459855402	0.004497658364	-0.006617634100	0.000431888332	0.000216757606	0.001391754895	-0.004017168549	0.000273349429	0.000051012463	0.000259334867	-0.001953223338	0.000124901286	0.000015014083	0.000136487473	-0.000882634789	0.000080324396	0.000023070074	0.000146014511	-0.000587496458	0.000066488044	0.000015692487	0.000036354687	-0.000438275967	0.000053339116	-0.000004295127	-0.000070966029	-0.000263406817	0.000027524161	-0.000012179955	-0.000063100140	-0.000082741342
5000.000000000000	5.000486943196	3.445376607212	-1.762479259795	0.011761221169	0.006791492881	0.147567146923	-0.392702771892	0.004558454415	0.000199314930	0.010320053983	-0.067095030273	0.000950527772	0.000436098208	0.012009492768	-0.017071167845	0.000575880101	0.000635013141	0.009094387495	-0.009454223335	0.000505031771	0.000463065463	0.004487486423	-0.006622524970	0.000429757054	0.000205667713	0.001382938155	-0.004028232512	0.000274752652	0.000055310206	0.000258094403	-0.001955368255	0.000123040811	0.000014728339	0.000135238949	-0.000882272842	0.000082751008	0.000020743252	0.000147871128	-0.000587519391	0.000065243440	0.000015838379	0.000033404539	-0.000437687213	0.000053464477	-0.000002522531	-0.000072683587	-0.000262406562	0.000025594293	-0.000009703245	-0.000063372737	-0.000082892021
5000.000000000000	4.999947585917	3.444685854878	-1.761880835785	0.011756195946	0.006812862232	0.147673853349	-0.392599246523	0.004553668640	0.000215350563	0.010364392121	-0.067069589782	0.000954207473	0.000433630805	0.012023269021	-0.017052056070	0.000570674638	0.000641601226	0.009103931104	-0.009445860306	0.000504806791	0.000464990081	0.004490707529	-0.006614168199	0.000430941388	0.000212691214	0.001386363017	-0.004024204394	0.000270896801	0.000052923207	0.000254566802	-0.001956492862	0.000107890533	0.000017022891	0.000123944994	-0.000879372087	0.000078369003	0.000022487749	0.000146981792	-0.000586553313	0.000064677819	0.000018326593	0.000035076134	-0.000437649133	0.000052305974	-0.000002806894	-0.000069956589	-0.000262481710	0.000027904876	-0.000014086029	-0.000063101826	-0.000082541497
5000.000000000000	4.999142309176	3.445697769863	-1.761732230528	0.011756668740	0.006806358934	0.147728638615	-0.392622446127	0.004554312284	0.000189512662	0.010376779768	-0.067070907598	0.000942661790	0.000436198642	0.012034229119	-0.017055035355	0.000550498750	0.000650769557	0.009099180955	-0.009452931317	0.000507780584	0.000465378860	0.004494741348	-0.006617030473	0.000430678746	0.000211526091	0.001386651813	-0.004024521635	0.000271612628	0.000056654755	0.000271517878	-0.001956659440	0.000124312763	0.000008184466	0.000127297448	-0.000874039826	0.000081886131	0.000020027300	0.000148049100	-0.000586834112	0.000065667881	0.000015314641	0.000036068906	-0.000436620480	0.000054221441	-0.000002015249	-0.000070633368	-0.000263116301	0.000020341795	-0.000008125696	-0.000063188015	-0.000082632604
