5000.000000000000	15.016525272514	2.946070239679	-0.311246612076	0.000803558470	0.001757979729	0.140236830709	-0.065354758510	0.000549729425	0.000594941078	0.030945211792	-0.024123393012	0.000228175532	0.000173364331	0.009899881995	-0.010264904292	0.000133843567	0.000059843583	0.004012165211	-0.005253413823	0.000097525523	0.000039313543	0.001741934253	-0.002970242432	0.000061230211	0.000018759797	0.000759772256	-0.001778947017	0.000037299267	0.000016227016	0.000317631506	-0.001086752466	0.000023216249	0.000010024487	0.000106382025	-0.000679575019	0.000024605256	0.000000575543	0.000006348923	-0.000460690433	0.000011704410	-0.000000362055	-0.000035089845	-0.000297932185	0.000005500026	-0.000000308667	-0.000040764399	-0.000187978705	0.000013215199	-0.000021494692	-0.000033866531	-0.000083081636
5000.000000000000	15.010811612448	3.571673198355	-0.354572097348	0.000878286206	0.001854637052	0.136445412261	-0.066900911298	0.000602560552	0.000568712591	0.029655250811	-0.024055738541	0.000227690596	0.000169840543	0.009439612261	-0.010049975065	0.000088776156	0.000057139219	0.003823279425	-0.005135460207	0.000093589834	0.000034636627	0.001660656627	-0.002876208794	0.000062487174	0.000015059859	0.000727088754	-0.001716683303	0.000033353163	0.000015715407	0.000300989742	-0.001036577297	0.000016414969	0.000004528247	0.000108407352	-0.000653294348	0.000028088139	-0.000003304322	0.000002674655	-0.000434749725	0.000013783051	-0.000006606701	-0.000032417745	-0.000283059407	0.000002923934	0.000001260819	-0.000038951842	-0.000177269404	0.000009812770	-0.000002627224	-0.000029113476	-0.000080559581
5000.000000000000	15.006942772397	3.644858493659	-0.362427545710	0.000876789303	0.001847069246	0.133785289343	-0.067665411750	0.000566046000	0.000551165739	0.028689008060	-0.023765316656	0.000225276766	0.000157765871	0.009120904917	-0.009815339319	0.000106869808	0.000060142659	0.003702412765	-0.005003060634	0.000093542106	0.000038585262	0.001607780702	-0.002784139063	0.000058296023	0.000017102755	0.000707192518	-0.001661596231	0.000030591777	0.000016813960	0.000293660883	-0.000995677551	0.000021682224	0.000000931432	0.000107613933	-0.000617409053	0.000028538225	0.000000483128	0.000001180561	-0.000414970375	0.000011161583	-0.000007588626	-0.000025555127	-0.000273882913	0.000002157565	-0.000000616326	-0.000036046683	-0.000167704186	0.000020609643	-0.000012572297	-0.000026195953	-0.000077413268
5000.000000000000	15.010379601036	3.533580903281	-0.358603176871	0.000886040531	0.001777435144	0.131575038005	-0.067935480417	0.000576975170	0.000523239308	0.027937152208	-0.023394526215	0.000221461092	0.000151139603	0.008902559432	-0.009588974879	0.000083910665	0.000056167441	0.003621944996	-0.004868982270	0.000091559754	0.000035339085	0.001572210235	-0.002713246381	0.000058537011	0.000017363619	0.000688603667	-0.001608408813	0.000030111314	0.000014209372	0.000290506054	-0.000968321132	0.000021515060	0.000012354836	0.000116244977	-0.000600954119	0.000026120652	-0.000001848628	0.000004754885	-0.000401020109	0.000012432169	-0.000003389915	-0.000025006973	-0.000261124768	0.000003181831	0.000000649971	-0.000035118933	-0.000162152244	-0.000000593391	-0.000021530683	-0.000024555937	-0.000074597186
5000.000000000000	15.013327183009	3.361629369473	-0.348832184158	0.000854979326	0.001742623122	0.129580269429	-0.067957877064	0.000581167448	0.000510558459	0.027298308164	-0.023022733792	0.000212253615	0.000146004110	0.008699414116	-0.009356251356	0.000092810715	0.000058720956	0.003556084038	-0.004748212672	0.000086951475	0.000030959125	0.001549208015	-0.002639272450	0.000054308862	0.000012712420	0.000677621768	-0.001571435165	0.000027721174	0.000022775118	0.000286457543	-0.000934455460	0.000012747092	0.000015185032	0.000115564056	-0.000578905127	0.000026342556	0.000001183390	0.000006031147	-0.000386109071	0.000011824191	-0.000006118635	-0.000021367306	-0.000254567490	0.000003158387	0.000000516828	-0.000034693773	-0.000151931439	0.000023862794	-0.000036456240	-0.000022105116	-0.000072562032
5000.000000000000	15.013286022786	3.176172461171	-0.338391690560	0.000849140235	0.001688464517	0.127862803282	-0.067860580923	0.000558280648	0.000516008063	0.026776024891	-0.022673295654	0.000203397049	0.000150396680	0.008550993903	-0.009179785364	0.000111343047	0.000066019227	0.003495533329	-0.004644762152	0.000091007272	0.000030473875	0.001518020267	-0.002578379894	0.000056223693	0.000013955948	0.000666253731	-0.001528022783	0.000031944601	0.000014041878	0.000282519636	-0.000909629247	0.000022495133	0.000004132625	0.000105610160	-0.000571596551	0.000021316262	0.000000811059	0.000007702411	-0.000377426467	0.000011382134	-0.000005936443	-0.000018055387	-0.000247888378	0.000001481368	0.000001960411	-0.000034597654	-0.000145958880	0.000018635762	-0.000017040822	-0.000020083604	-0.000069835935
5000.000000000000	15.010633234863	2.996893566991	-0.328270485476	0.000832321495	0.001655084707	0.126367701433	-0.067734641521	0.000540623676	0.000508357923	0.026296173370	-0.022364328828	0.000202333236	0.000138255246	0.008425740432	-0.009045460792	0.000101282038	0.000058988527	0.003438621948	-0.004555723908	0.000086579704	0.000030770475	0.001496726153	-0.002533944719	0.000053559347	0.000012143485	0.000652172185	-0.001493630150	0.000030053746	0.000012828465	0.000277414713	-0.000893141705	0.000020297018	0.000010333275	0.000112816743	-0.000562173089	0.000022502252	0.000003726317	0.000010443348	-0.000367463559	0.000005453070	-0.000006667098	-0.000017549669	-0.000241918339	0.000001898952	0.000002663074	-0.000032452133	-0.000142986927	0.000031370101	-0.000004346573	-0.000019973982	-0.000068470149
5000.000000000000	15.007987697699	2.830681244494	-0.319441116564	0.000813335963	0.001625021928	0.125052021457	-0.067616749260	0.000524359934	0.000506080883	0.025907797264	-0.022106728995	0.000213206229	0.000144776652	0.008311846204	-0.008921420656	0.000091735385	0.000024521162	0.003392374467	-0.004488400061	0.000084326497	0.000029274012	0.001474336826	-0.002494958442	0.000059230410	0.000016519699	0.000640702234	-0.001465148191	0.000026565366	0.000015559849	0.000273242803	-0.000873069125	0.000018643743	0.000008786414	0.000114967292	-0.000546028119	0.000023431328	-0.000000847816	0.000012309608	-0.000361271625	0.000007633224	-0.000008304554	-0.000015895794	-0.000237536046	0.000001035500	0.000002424366	-0.000032588597	-0.000139061413	0.000020961452	-0.000021698776	-0.000018550959	-0.000068823256
5000.000000000000	15.005695205806	2.679148630018	-0.310841807928	0.000800611739	0.001581814441	0.123960779256	-0.067506380259	0.000524100252	0.000476381112	0.025580278659	-0.021900292558	0.000201779571	0.000142596406	0.008210640952	-0.008816888625	0.000082401848	0.000038232511	0.003346617774	-0.004432442363	0.000087901845	0.000025528401	0.001459522983	-0.002460703390	0.000052918714	0.000015818188	0.000636441222	-0.001444775570	0.000035993205	0.000012967906	0.000270730986	-0.000863202950	0.000016546520	0.000007395082	0.000104043535	-0.000541760381	0.000020686666	0.000002928721	0.000011866226	-0.000351489730	0.000003507643	-0.000004658607	-0.000014315171	-0.000233343500	0.000001072967	0.000003112550	-0.000032725422	-0.000135405683	0.000025737098	-0.000030570549	-0.000017535850	-0.000067980802
5000.000000000000	15.005110253539	2.544631091237	-0.303070052860	0.000782735447	0.001554282793	0.122988279679	-0.067417870606	0.000532426768	0.000469176411	0.025308365224	-0.021715152557	0.000204253711	0.000145939932	0.008135029262	-0.008733137699	0.000088822371	0.000026871622	0.003317747716	-0.004387666899	0.000090805830	0.000024188818	0.001443608766	-0.002437638271	0.000054541882	0.000013308799	0.000622568712	-0.001429079613	0.000031585459	0.000016225936	0.000266816838	-0.000852057547	0.000016100163	0.000009031043	0.000106659371	-0.000535963557	0.000014068910	-0.000000451985	0.000012595647	-0.000352229287	0.000006208984	0.000001479351	-0.000014270881	-0.000230067208	0.000002990301	0.000002900903	-0.000032247575	-0.000132215033	-0.000004793591	-0.000004654700	-0.000017446892	-0.000066592086
5000.000000000000	15.005045391034	2.420903168930	-0.295912075941	0.000735869547	0.001508598893	0.122182970710	-0.067321439164	0.000499266846	0.000460380161	0.025054100572	-0.021571074003	0.000201140684	0.000135579505	0.008056362611	-0.008668565219	0.000080305078	0.000021441957	0.003287747056	-0.004341044621	0.000089477536	0.000025750154	0.001428213474	-0.002415205406	0.000049764825	0.000011779226	0.000616547399	-0.001410222246	0.000036709078	0.000016992291	0.000262662485	-0.000839620305	0.000021945821	0.000008681780	0.000106406059	-0.000530609291	0.000015393343	0.000003912982	0.000012439131	-0.000348952943	0.000000268870	-0.000001100245	-0.000013919632	-0.000228072585	0.000002402223	0.000002142361	-0.000031856978	-0.000130122121	0.000007239546	-0.000007643013	-0.000016284897	-0.000065026574
5000.000000000000	15.003957408433	2.310265615111	-0.290710807338	0.000792974717	0.001440906282	0.121431521845	-0.067248765843	0.000524775256	0.000462824442	0.024840991960	-0.021423826033	0.000201630671	0.000145135911	0.007986971434	-0.008606487122	0.000096479731	0.000042686481	0.003254446184	-0.004307783414	0.000087590587	0.000028115982	0.001413973561	-0.002393126124	0.000050641859	0.000013400103	0.000606152574	-0.001394319783	0.000036881056	0.000009931259	0.000260165169	-0.000830531577	0.000020269494	0.000006791687	0.000105155344	-0.000520318384	0.000020581505	-0.000000063106	0.000013910561	-0.000340469414	0.000009150024	-0.000003128789	-0.000013545345	-0.000224193455	0.000003168199	0.000001528021	-0.000032181630	-0.000128988958	-0.000013429976	-0.000020853450	-0.000016165423	-0.000065386093
5000.000000000000	15.001779644083	2.211278033835	-0.284485820761	0.000720896441	0.001449281978	0.120785471294	-0.067200293973	0.000509249913	0.000465192347	0.024657417382	-0.021326372745	0.000210920042	0.000142528292	0.007936715075	-0.008550894648	0.000108098258	0.000060843665	0.003230073189	-0.004279886239	0.000085307428	0.000028570406	0.001400350135	-0.002374479375	0.000048746109	0.000016656707	0.000603013786	-0.001386466465	0.000033719218	0.000014190114	0.000257997939	-0.000823840060	0.000017965152	0.000009986199	0.000101766642	-0.000511412395	0.000021577713	0.000001321159	0.000013977042	-0.000339458248	0.000002987042	-0.000001239825	-0.000013084561	-0.000223025859	0.000000890032	0.000002598275	-0.000031203887	-0.000128041780	0.000012030084	-0.000010090243	-0.000014981300	-0.000065263505
5000.000000000000	15.002179061139	2.123859349169	-0.279752436452	0.000726677799	0.001446863535	0.120241537126	-0.067152671698	0.000483662855	0.000456341303	0.024493392791	-0.021218211693	0.000205467887	0.000137474700	0.007894671291	-0.008509591928	0.000100503561	0.000023078520	0.003209702359	-0.004250325802	0.000084805944	0.000022217024	0.001392351041	-0.002362154551	0.000043893579	0.000002436207	0.000600940461	-0.001371734598	0.000035123877	0.000010773329	0.000251531976	-0.000816562420	0.000012495647	0.000006657543	0.000100440202	-0.000501872664	0.000021063286	0.000002555627	0.000014579707	-0.000337278344	0.000009249138	-0.000000143663	-0.000012320171	-0.000222264983	0.000002871446	0.000002811898	-0.000029994454	-0.000127925360	0.000019686952	0.000004916195	-0.000015393698	-0.000063680472
5000.000000000000	15.001557779197	2.046901177868	-0.276082374203	0.000721921409	0.001416257488	0.119744911742	-0.067103675008	0.000489588935	0.000439915193	0.024351992197	-0.021137371272	0.000198501061	0.000138771063	0.007849699034	-0.008480194896	0.000115822279	0.000043325598	0.003191881979	-0.004223274295	0.000085659240	0.000024595329	0.001384427176	-0.002350222531	0.000046202579	0.000009196094	0.000591309858	-0.001363258056	0.000030018476	0.000011119642	0.000250881773	-0.000810615514	0.000015513034	0.000008248086	0.000103295501	-0.000500167805	0.000019012325	-0.000000310612	0.000014598502	-0.000335936389	0.000001399009	-0.000005648052	-0.000012279178	-0.000218650811	0.000003048093	0.000002013859	-0.000029630750	-0.000126495632	0.000006107997	-0.000003970014	-0.000015379242	-0.000063939070
5000.000000000000	15.004060797782	1.968548275062	-0.271738364739	0.000712463894	0.001392047866	0.119322380723	-0.067070812827	0.000476202055	0.000460388489	0.024227363935	-0.021073569453	0.000200165471	0.000143875134	0.007811227271	-0.008453741188	0.000105575140	0.000036691280	0.003175332606	-0.004208556990	0.000081056720	0.000028289794	0.001378549400	-0.002339076862	0.000048501483	0.000012051528	0.000588730220	-0.001354976519	0.000030652131	0.000011977478	0.000249429639	-0.000807878185	0.000017936589	0.000006905553	0.000103429057	-0.000503432634	0.000015628574	0.000008089562	0.000016494973	-0.000332642347	0.000000074560	-0.000002245992	-0.000011113203	-0.000218147320	0.000003451146	0.000002434383	-0.000029147080	-0.000124848053	0.000022044166	-0.000002964039	-0.000015275839	-0.000063603392
5000.000000000000	15.001609173212	1.906188656028	-0.268654378396	0.000700873125	0.001414174953	0.118953538148	-0.067046590061	0.000479915335	0.000438800628	0.024110969132	-0.021010423482	0.000195958090	0.000137379387	0.007775325824	-0.008416998585	0.000110695225	0.000017473312	0.003157457307	-0.004186277522	0.000083551058	0.000025767405	0.001372750338	-0.002329727601	0.000048965360	0.000008772087	0.000588857068	-0.001350282535	0.000034712560	0.000008142208	0.000247411027	-0.000802536794	0.000013687991	0.000007595437	0.000106548923	-0.000496678122	0.000018419644	-0.000003484473	0.000015271846	-0.000331356848	0.000000797191	-0.000004743238	-0.000012704445	-0.000216107422	0.000002551963	0.000002320305	-0.000029648237	-0.000123592116	0.000015632216	0.000006119865	-0.000015810787	-0.000063798039
5000.000000000000	15.002888837228	1.843761964369	-0.264641263416	0.000678243283	0.001382716437	0.118611770525	-0.067038810126	0.000460687411	0.000443786935	0.024009207414	-0.020951853319	0.000201733067	0.000146894700	0.007755987418	-0.008406494380	0.000080854118	0.000054817766	0.003143730667	-0.004174488131	0.000083261126	0.000020896467	0.001361409409	-0.002321561395	0.000049575668	0.000009557906	0.000583271684	-0.001339227658	0.000033147504	0.000012462434	0.000252779492	-0.000798773532	0.000016265330	-0.000000102101	0.000105715563	-0.000490179697	0.000020629487	-0.000002119303	0.000015865429	-0.000329674690	0.000006710003	-0.000006268832	-0.000014576163	-0.000216140776	0.000003175720	0.000001381620	-0.000028596439	-0.000124936453	0.000017565095	-0.000016610523	-0.000016354304	-0.000060920941
5000.000000000000	15.001404069975	1.786832584336	-0.261687474456	0.000662521890	0.001367502987	0.118292718103	-0.067001924179	0.000475822504	0.000440416558	0.023895875894	-0.020893253322	0.000208342334	0.000142888504	0.007732181825	-0.008381800894	0.000098122475	0.000034583691	0.003133509063	-0.004160518742	0.000083912012	0.000023510061	0.001357921427	-0.002316611240	0.000046028713	0.000009051841	0.000578053723	-0.001331144210	0.000030968193	0.000009362623	0.000245662285	-0.000793663591	0.000012748939	0.000003315176	0.000101898153	-0.000484289572	0.000018367327	0.000002934410	0.000016910609	-0.000329204906	0.000003485804	0.000000202146	-0.000014053335	-0.000212835743	0.000002401045	0.000003319854	-0.000027191241	-0.000123985336	-0.000004600261	0.000001519101	-0.000015262406	-0.000061594123
5000.000000000000	15.000494701289	1.736081355975	-0.258903675262	0.000674943774	0.001331943502	0.117993917106	-0.066968493803	0.000463379969	0.000422768331	0.023814457135	-0.020850680152	0.000210733748	0.000144161987	0.007712346435	-0.008374662404	0.000092145252	0.000036196029	0.003115351054	-0.004142894556	0.000086160380	0.000026692070	0.001350343180	-0.002315817156	0.000046439777	0.000008903496	0.000577546787	-0.001325301492	0.000036058051	0.000002818809	0.000243211020	-0.000794967883	0.000018782511	0.000009567042	0.000089553673	-0.000486118063	0.000017414322	0.000000742471	0.000016896819	-0.000327230784	0.000006196565	-0.000004592581	-0.000012353391	-0.000213106437	0.000003147481	0.000002950944	-0.000026615424	-0.000124184242	0.000013064260	-0.000016862941	-0.000016192084	-0.000061694503
5000.000000000000	15.000049772703	1.690539758704	-0.257611179271	0.000679943491	0.001349712421	0.117770684800	-0.066981609952	0.000445323875	0.000433917846	0.023747770956	-0.020806852160	0.000203225361	0.000138724472	0.007685692833	-0.008358318420	0.000106832875	0.000065244932	0.003106428172	-0.004129854795	0.000086082727	0.000023807524	0.001346744750	-0.002311492550	0.000046559654	0.000007780844	0.000572205696	-0.001322830507	0.000038351988	0.000012740334	0.000246298729	-0.000792478265	0.000016204871	0.000003933597	0.000102597115	-0.000484128411	0.000021553444	0.000002049267	0.000017945479	-0.000326967434	0.000005747298	0.000001405829	-0.000013966545	-0.000210217825	0.000000811117	0.000001569206	-0.000024922181	-0.000123334185	0.000018483649	-0.000035174167	-0.000016266864	-0.000060354079
5000.000000000000	15.003119507671	1.647400731901	-0.255147941018	0.000667127820	0.001348124212	0.117538369772	-0.066963904220	0.000438939957	0.000424281851	0.023692852278	-0.020791019901	0.000214376718	0.000140029401	0.007663026958	-0.008348278158	0.000080313062	0.000041203817	0.003101495334	-0.004127679199	0.000083989593	0.000025532640	0.001343692987	-0.002304425263	0.000049993014	0.000011449911	0.000566390253	-0.001317008989	0.000035186749	0.000008184576	0.000242749004	-0.000786299520	0.000018712590	0.000002782766	0.000091320999	-0.000483233021	0.000024575069	0.000001821050	0.000017491581	-0.000325145332	-0.000001333393	-0.000001780995	-0.000013792335	-0.000210426391	0.000002430770	0.000002144677	-0.000026511834	-0.000123125066	-0.000000210785	-0.000007975314	-0.000016000215	-0.000060825101
5000.000000000000	15.000852505502	1.606567233727	-0.253741416390	0.000641674274	0.001330415653	0.117347129190	-0.066950895776	0.000445744373	0.000424293681	0.023604143550	-0.020738401268	0.000201361461	0.000146059275	0.007648963631	-0.008356951231	0.000080743477	0.000083193575	0.003090880774	-0.004111227407	0.000083004032	0.000024706992	0.001338701272	-0.002307551634	0.000044538036	0.000013280674	0.000567149562	-0.001317134848	0.000034892668	0.000007904695	0.000241875810	-0.000794880167	0.000014260291	0.000007408557	0.000096149469	-0.000480859659	0.000020564266	0.000004682571	0.000019058386	-0.000325376941	0.000004241043	0.000000849248	-0.000017381609	-0.000207467276	0.000002946680	0.000003683464	-0.000024010189	-0.000123582521	-0.000001677988	-0.000013818096	-0.000017052355	-0.000059383013
5000.000000000000	15.001764991703	1.573827393030	-0.251551908941	0.000669689069	0.001321452680	0.117182656427	-0.066928132229	0.000418731641	0.000413389178	0.023518175720	-0.020713777557	0.000210795383	0.000140810900	0.007647244836	-0.008350986432	0.000074345448	0.000075188380	0.003077321426	-0.004098810691	0.000084424755	0.000017237102	0.001339401342	-0.002303386815	0.000043037299	0.000010670737	0.000571256859	-0.001308425798	0.000030314010	0.000006672721	0.000241173630	-0.000789984949	0.000013111206	-0.000000134352	0.000092131075	-0.000470527132	0.000018580270	-0.000002890182	0.000018856089	-0.000327565268	0.000002753880	0.000004325089	-0.000018265653	-0.000204571623	0.000003280675	0.000001509455	-0.000023920049	-0.000125536037	0.000028354498	-0.000016873825	-0.000017665726	-0.000056716274
5000.000000000000	15.002316695393	1.537718025003	-0.249665736885	0.000648485258	0.001384258100	0.117019757707	-0.066897180617	0.000425743384	0.000416035923	0.023430871415	-0.020657932110	0.000213928057	0.000140378059	0.007637784808	-0.008376649309	0.000090067187	0.000061883629	0.003066623899	-0.004078388135	0.000083295405	0.000022119247	0.001336310450	-0.002312109055	0.000042748108	0.000012906647	0.000560250757	-0.001296347704	0.000037961921	0.000005155461	0.000244469938	-0.000792549631	0.000013684535	0.000012580685	0.000087785121	-0.000482295453	0.000017024002	-0.000000003326	0.000020731849	-0.000326861710	0.000004363320	0.000001810756	-0.000022334714	-0.000201447721	0.000002731509	0.000002412567	-0.000020574310	-0.000127755935	0.000011008362	-0.000017557997	-0.000019842987	-0.000055473890
5000.000000000000	15.000676496533	1.503788127275	-0.247405114631	0.000633559560	0.001338153400	0.116848324203	-0.066893902487	0.000446391464	0.000409542109	0.023393518584	-0.020645610332	0.000216618233	0.000146384997	0.007615308482	-0.008349199422	0.000059779622	0.000055583742	0.003061150995	-0.004074949027	0.000086490935	0.000020073798	0.001334188124	-0.002305258063	0.000048881273	0.000013049727	0.000560960674	-0.001295813918	0.000035168156	0.000006083594	0.000243298251	-0.000791106467	0.000019339278	0.000005590489	0.000082297050	-0.000470689618	0.000020610710	0.000001510763	0.000021190583	-0.000327077831	0.000001602655	-0.000002488697	-0.000022195983	-0.000200829800	0.000004834467	0.000001486524	-0.000020386357	-0.000127481644	0.000022542412	-0.000007968158	-0.000019287409	-0.000056767155
5000.000000000000	15.000308884095	1.476662637962	-0.246656411673	0.000629166431	0.001330307386	0.116699523452	-0.066886691827	0.000434734260	0.000419123251	0.023350519980	-0.020631283109	0.000215174331	0.000136243055	0.007607090793	-0.008351629944	0.000085040714	0.000070281873	0.003057113499	-0.004075270303	0.000083838641	0.000022065785	0.001328160442	-0.002302127058	0.000044444875	0.000013176665	0.000560260002	-0.001291527783	0.000033943661	0.000010108971	0.000239995893	-0.000785094097	0.000015959385	0.000001412119	0.000095442792	-0.000472978923	0.000022607732	-0.000001913578	0.000020309593	-0.000325090013	-0.000001618014	-0.000003710865	-0.000021079353	-0.000201602629	0.000002556606	0.000002388346	-0.000020816425	-0.000126807160	-0.000000226558	-0.000021590291	-0.000018835129	-0.000055202890
5000.000000000000	15.000716497717	1.448271216191	-0.244697550253	0.000609432707	0.001342957643	0.116563924190	-0.066905810560	0.000427235998	0.000425821230	0.023321649111	-0.020616051067	0.000212732240	0.000133529353	0.007596726533	-0.008330711134	0.000081187120	0.000044858153	0.003050933996	-0.004066325602	0.000082361828	0.000023396217	0.001327879606	-0.002297290961	0.000048015779	0.000009087573	0.000564270102	-0.001291774205	0.000035631378	0.000005769975	0.000239156444	-0.000786729153	0.000019153844	0.000002597264	0.000089029347	-0.000474148369	0.000018773620	0.000006290302	0.000021658710	-0.000326584458	-0.000000056988	0.000003389574	-0.000021160174	-0.000202175800	0.000002089311	0.000002690787	-0.000021326854	-0.000126320614	0.000015122345	-0.000010564183	-0.000019007159	-0.000055962765
5000.000000000000	15.000630510401	1.421890864593	-0.243223097348	0.000627905554	0.001300971420	0.116424585411	-0.066895590210	0.000405805788	0.000415411279	0.023292616514	-0.020597364849	0.000213060481	0.000143161905	0.007578171164	-0.008327898373	0.000110409775	0.000049948891	0.003043614300	-0.004065829462	0.000079382426	0.000023305013	0.001325812491	-0.002295694527	0.000044825809	0.000012201866	0.000555707381	-0.001286777389	0.000042506730	0.000011148603	0.000242009846	-0.000784415806	0.000020496375	0.000006343167	0.000089878540	-0.000475587392	0.000015628246	0.000003077228	0.000020077532	-0.000326493704	0.000001303742	0.000001350494	-0.000020707079	-0.000200332341	0.000002596574	0.000001483346	-0.000022151567	-0.000125031343	0.000015152231	-0.000001502267	-0.000018716246	-0.000056325434
5000.000000000000	15.000516753548	1.397372114236	-0.241696005784	0.000607369036	0.001318215085	0.116300631395	-0.066895065115	0.000406372182	0.000414531485	0.023250542608	-0.020580433206	0.000208831067	0.000135554068	0.007572740229	-0.008317698124	0.000113926519	0.000044352475	0.003042192358	-0.004060762954	0.000082753904	0.000023649831	0.001321198485	-0.002294110684	0.000050123822	0.000009532287	0.000556069335	-0.001288109918	0.000035604242	0.000004079993	0.000237644823	-0.000783300004	0.000018337291	0.000008662312	0.000092837045	-0.000475187686	0.000017730755	-0.000001942567	0.000023199031	-0.000324575986	0.000008076533	-0.000000481452	-0.000021404733	-0.000201315604	0.000003439667	0.000001058107	-0.000021447228	-0.000126223537	0.000005134000	-0.000020770129	-0.000019476426	-0.000056308588
5000.000000000000	15.000194540389	1.377027134858	-0.241506367298	0.000617485363	0.001304044611	0.116138383100	-0.066894553041	0.000423062052	0.000399906172	0.023208650286	-0.020575072303	0.000212358095	0.000139552753	0.007559753140	-0.008314921342	0.000089583610	0.000052154607	0.003037750210	-0.004055218956	0.000080163442	0.000015280295	0.001320331983	-0.002288545246	0.000045463840	0.000013353962	0.000555035350	-0.001286968062	0.000035745555	0.000009536595	0.000241189578	-0.000782826442	0.000019544682	0.000009510617	0.000090264129	-0.000470543729	0.000022331298	-0.000003992739	0.000018945569	-0.000322081426	-0.000000153155	-0.000004071978	-0.000020290541	-0.000200423395	0.000003328769	0.000001614461	-0.000021421582	-0.000125293893	-0.000005918459	-0.000019438979	-0.000019307584	-0.000055668112
5000.000000000000	14.999804316206	1.358275199363	-0.240744620217	0.000616502378	0.001288335411	0.116035004613	-0.066899788647	0.000433944784	0.000417950806	0.023188542063	-0.020564153703	0.000209034879	0.000148023925	0.007556392787	-0.008307773544	0.000095214659	0.000028715015	0.003033588286	-0.004053340948	0.000079587645	0.000022591437	0.001318432627	-0.002285930987	0.000045640793	0.000012190233	0.000548246653	-0.001287276438	0.000038445301	0.000009538281	0.000237060409	-0.000780156732	0.000020438423	0.000008332835	0.000084701989	-0.000468942206	0.000016055069	-0.000002772763	0.000019516027	-0.000324440379	0.000006401246	-0.000000889890	-0.000020596246	-0.000201333126	0.000005131883	0.000001897302	-0.000020873905	-0.000126389424	0.000000585284	-0.000008121359	-0.000019996733	-0.000055512478
5000.000000000000	14.999832683170	1.339130196252	-0.238398035647	0.000655767065	0.001323176893	0.115961189894	-0.066889743916	0.000426140616	0.000427208810	0.023176387766	-0.020541938689	0.000210413106	0.000137903438	0.007545880197	-0.008301790403	0.000096155090	0.000053390777	0.003027079784	-0.004045049584	0.000086578338	0.000022172755	0.001316170609	-0.002281972948	0.000045292903	0.000008411084	0.000551575211	-0.001283085819	0.000040452306	0.000004419050	0.000240283233	-0.000778382995	0.000016681284	0.000000351602	0.000085729473	-0.000471587920	0.000016992778	-0.000001446716	0.000020456937	-0.000321192139	0.000002838846	-0.000004271016	-0.000021214946	-0.000201329678	0.000003396157	0.000001526379	-0.000020792057	-0.000124788321	0.000004957465	-0.000013421516	-0.000018529995	-0.000055833467
5000.000000000000	15.000995054957	1.324856870314	-0.239010677204	0.000585711608	0.001274320652	0.115870036867	-0.066889580381	0.000428281216	0.000421921538	0.023156577671	-0.020521938648	0.000209461413	0.000138882538	0.007532592317	-0.008298694902	0.000070678933	0.000049390825	0.003026897733	-0.004046357305	0.000081974730	0.000022929155	0.001313147332	-0.002282053115	0.000040357418	0.000008972183	0.000551577458	-0.001283228278	0.000038911748	0.000012176349	0.000236362452	-0.000779712373	0.000013944623	0.000003138165	0.000089381692	-0.000467869926	0.000019704944	-0.000003826645	0.000021669606	-0.000322854049	-0.000002446244	-0.000003020359	-0.000021634552	-0.000198828909	0.000003673994	0.000001029102	-0.000022758527	-0.000125462751	0.000021429953	-0.000003756439	-0.000019208578	-0.000055489301
5000.000000000000	15.001509690323	1.309678797488	-0.237877864974	0.000605878442	0.001293415725	0.115794412319	-0.066903620116	0.000415815246	0.000405172361	0.023139490596	-0.020515758752	0.000202490199	0.000138476476	0.007536650753	-0.008294054568	0.000078549329	0.000040473299	0.003022030571	-0.004047796403	0.000081194067	0.000019288776	0.001312940822	-0.002281983449	0.000047012119	0.000007203299	0.000551557476	-0.001282934940	0.000035069171	0.000003194906	0.000235792905	-0.000776988334	0.000016959405	-0.000000211249	0.000092122549	-0.000467027306	0.000015724142	0.000002525665	0.000020006324	-0.000322365325	0.000005252720	-0.000004288182	-0.000021691754	-0.000199353576	0.000004606835	0.000000292971	-0.000022854168	-0.000124391159	0.000006533476	-0.000009361454	-0.000019429354	-0.000055033678
5000.000000000000	15.000356790948	1.289038353658	-0.236222205448	0.000629847530	0.001283565156	0.115712861198	-0.066889953751	0.000405598602	0.000406268806	0.023105095006	-0.020519356805	0.000197200005	0.000140745069	0.007524925696	-0.008292455492	0.000081646092	0.000016852973	0.003020709085	-0.004043150274	0.000079889637	0.000023795177	0.001310094391	-0.002283636385	0.000047948065	0.000009340153	0.000545999172	-0.001282755146	0.000032657688	0.000009654350	0.000236306127	-0.000774829071	0.000024143183	0.000004574221	0.000086560379	-0.000460560112	0.000019518458	0.000001548806	0.000018071849	-0.000322916404	0.000001180482	-0.000003673022	-0.000020231286	-0.000199503870	0.000002817788	0.000001916536	-0.000021965268	-0.000124879613	0.000012354569	-0.000030106316	-0.000020229812	-0.000056167771
5000.000000000000	14.999655545061	1.276392200799	-0.235486633089	0.000607104317	0.001295378512	0.115605697854	-0.066887703953	0.000412117456	0.000416525718	0.023087170324	-0.020494984615	0.000200839389	0.000135553044	0.007516325050	-0.008286633983	0.000076328663	0.000043363255	0.003013022992	-0.004045421876	0.000080678708	0.000015159399	0.001307406870	-0.002276774359	0.000046678060	0.000012039993	0.000551326137	-0.001276670107	0.000041017379	-0.000001814748	0.000230622091	-0.000777659966	0.000017601395	0.000009581257	0.000082360277	-0.000460645987	0.000018932271	0.000002980652	0.000016729530	-0.000319672852	0.000001031414	-0.000005289014	-0.000022172298	-0.000200032897	0.000004042679	0.000001524039	-0.000022428333	-0.000124870452	0.000016465131	-0.000033122612	-0.000019928344	-0.000055828046
5000.000000000000	15.000765442342	1.259878150218	-0.234941495589	0.000581743360	0.001286437299	0.115554563340	-0.066868686973	0.000428999290	0.000433557087	0.023083141218	-0.020486393728	0.000207125740	0.000143161228	0.007516209239	-0.008281349420	0.000083943409	0.000020981859	0.003016648149	-0.004041249050	0.000083560976	0.000022553977	0.001307371385	-0.002277987907	0.000048592798	0.000006722167	0.000551030512	-0.001280074939	0.000033007662	0.000002678343	0.000233719491	-0.000775380843	0.000021070785	-0.000001340410	0.000079489403	-0.000459245173	0.000019887954	-0.000001084252	0.000017345164	-0.000319957598	-0.000000354266	-0.000000527059	-0.000020906195	-0.000199726023	0.000003101875	0.000001440840	-0.000022766364	-0.000124499296	0.000016261844	-0.000005772808	-0.000018877488	-0.000055335722
5000.000000000000	14.999791660666	1.246166538868	-0.234071890093	0.000604014286	0.001269605104	0.115469131611	-0.066886061495	0.000421395899	0.000407535654	0.023061554792	-0.020471747661	0.000210219025	0.000137027536	0.007501667532	-0.008270221902	0.000081608653	0.000032673956	0.003008304061	-0.004045306616	0.000081524533	0.000021772244	0.001303855918	-0.002277090995	0.000048692440	0.000010619560	0.000548294637	-0.001278770318	0.000038829966	0.000007924667	0.000234294735	-0.000772405090	0.000021436913	0.000004068408	0.000094495581	-0.000462406734	0.000019302892	-0.000002594058	0.000021248203	-0.000320628187	0.000007279967	-0.000001039445	-0.000020379435	-0.000198878119	0.000004357644	0.000000617015	-0.000022825139	-0.000122580151	0.000020019132	-0.000034384385	-0.000019461994	-0.000055064989
5000.000000000000	15.000047357305	1.235314278481	-0.232840823161	0.000610554250	0.001266720071	0.115425516449	-0.066897259637	0.000402386842	0.000401726900	0.023051968438	-0.020462555726	0.000205880691	0.000140828977	0.007506616653	-0.008270058350	0.000091122416	0.000063336144	0.003012290928	-0.004038564646	0.000078606719	0.000023112154	0.001307325987	-0.002272799667	0.000048642584	0.000012240201	0.000546144551	-0.001274253396	0.000038542557	0.000003095147	0.000230335401	-0.000775292633	0.000018774182	0.000002650838	0.000086462314	-0.000465046845	0.000019806405	-0.000001260825	0.000021520456	-0.000321098395	0.000000263718	-0.000004373482	-0.000021077435	-0.000198866657	0.000001829953	0.000001145113	-0.000022287543	-0.000123632576	0.000026809239	-0.000016702191	-0.000019300814	-0.000055839036
5000.000000000000	14.998982769389	1.224260482595	-0.233022429728	0.000611060145	0.001265765923	0.115374094998	-0.066898687351	0.000414181751	0.000423493340	0.023041306761	-0.020466464506	0.000205803646	0.000137527967	0.007492022888	-0.008273793912	0.000076657449	0.000048574708	0.003008841820	-0.004038618461	0.000077226444	0.000020011946	0.001303645100	-0.002276404418	0.000047053901	0.000008389217	0.000545330282	-0.001276393369	0.000033791188	-0.000000012515	0.000235092265	-0.000773391172	0.000020456144	0.000006775706	0.000086957291	-0.000470573390	0.000021887997	-0.000002471284	0.000021610331	-0.000320115751	0.000003740434	-0.000005081648	-0.000019962617	-0.000199632810	0.000004843605	0.000002308000	-0.000020990058	-0.000123463494	0.000016117546	0.000002970614	-0.000019947516	-0.000055407065
5000.000000000000	15.001371871977	1.214962618121	-0.233088036356	0.000598688814	0.001229198032	0.115352219320	-0.066904102400	0.000417961716	0.000393884047	0.023020745460	-0.020480734823	0.000210228570	0.000132708867	0.007483171743	-0.008277529465	0.000093169753	0.000019457529	0.003004129545	-0.004037431378	0.000080093119	0.000021768392	0.001303836134	-0.002278125322	0.000045226941	0.000012064440	0.000547883142	-0.001276772384	0.000035939980	0.000011800405	0.000233184809	-0.000771599155	0.000015080362	0.000003271014	0.000080176930	-0.000463341364	0.000024298249	-0.000001544582	0.000017416439	-0.000321540039	-0.000000664592	0.000002450188	-0.000021451265	-0.000198868013	0.000005206135	0.000000008543	-0.000022518841	-0.000123539392	0.000023603706	-0.000004827857	-0.000020327152	-0.000054675744
5000.000000000000	15.000568515640	1.200791262144	-0.231632735678	0.000590005223	0.001268716163	0.115296900593	-0.066888987197	0.000422521631	0.000419923393	0.023006854908	-0.020461447781	0.000208585769	0.000136058139	0.007486114489	-0.008268489239	0.000105486620	0.000057753864	0.003004022365	-0.004035051999	0.000080031887	0.000023042263	0.001302856010	-0.002276355074	0.000042750986	0.000008868754	0.000547405596	-0.001274929400	0.000041673597	0.000006939408	0.000230970694	-0.000773149282	0.000018237394	0.000000729082	0.000080630529	-0.000457277818	0.000018740805	0.000002688569	0.000020016495	-0.000320179652	0.000003973637	-0.000004265810	-0.000021000636	-0.000198723143	0.000004890832	0.000001429944	-0.000022640017	-0.000123099240	0.000030692960	-0.000003713996	-0.000019680849	-0.000055087254
5000.000000000000	14.999663559871	1.192397324886	-0.231447259829	0.000580554237	0.001279275633	0.115209059122	-0.066893813117	0.000419873904	0.000429774550	0.023005046619	-0.020454370085	0.000203494711	0.000137116427	0.007484172030	-0.008261977163	0.000101540636	0.000049181645	0.003003875204	-0.004037166830	0.000079351015	0.000021262326	0.001303121807	-0.002273027811	0.000046606152	0.000004986668	0.000543084492	-0.001277156721	0.000036219676	0.000005458903	0.000228310551	-0.000774748148	0.000018710568	0.000006573131	0.000089536359	-0.000464103856	0.000018683828	0.000004932797	0.000020572398	-0.000319396518	0.000003571100	-0.000006893635	-0.000020812155	-0.000198282095	0.000004096653	0.000001975664	-0.000022629075	-0.000124043497	0.000017456808	-0.000005857055	-0.000019890567	-0.000055136296
5000.000000000000	15.000106043070	1.181130311776	-0.230668366368	0.000584921363	0.001284676249	0.115174382173	-0.066894929211	0.000427601326	0.000436553489	0.022981645317	-0.020452020244	0.000211548105	0.000138955074	0.007477280133	-0.008259870785	0.000083294989	0.000068519965	0.003003887112	-0.004039186604	0.000081561143	0.000020329836	0.001300524319	-0.002273218438	0.000045409653	0.000007616218	0.000544252108	-0.001276202118	0.000043996827	0.000003668671	0.000232332840	-0.000767858300	0.000014966694	-0.000000836705	0.000084539112	-0.000464194926	0.000021043500	0.000000700795	0.000017015037	-0.000319832457	0.000002102478	-0.000006686211	-0.000021227642	-0.000199326651	0.000004215673	0.000001090804	-0.000021132584	-0.000123153428	0.000026557729	-0.000000749801	-0.000018965378	-0.000055850720
5000.000000000000	14.998493664051	1.174517925708	-0.229948378189	0.000593466162	0.001242085770	0.115153643576	-0.066876118926	0.000414593122	0.000423637756	0.022976674993	-0.020429732114	0.000205107699	0.000130301898	0.007478168567	-0.008256438951	0.000073694491	0.000073915534	0.003000908134	-0.004032275156	0.000077141087	0.000021386908	0.001303399304	-0.002271969616	0.000044710245	0.000010938142	0.000545112787	-0.001271540154	0.000039301518	0.000004729325	0.000232126007	-0.000772447400	0.000017074957	0.000003024255	0.000085385137	-0.000468484913	0.000019650457	-0.000002688336	0.000016998192	-0.000322003787	0.000005797116	-0.000002238634	-0.000021816298	-0.000199218578	0.000004831976	0.000001151855	-0.000021302417	-0.000123473712	0.000011089686	-0.000009821534	-0.000018955835	-0.000055251137
5000.000000000000	15.001024151935	1.165326996865	-0.229863777553	0.000577762974	0.001259295421	0.115105476192	-0.066865563923	0.000398235185	0.000413143993	0.022958774617	-0.020439287680	0.000199143315	0.000142191305	0.007476310426	-0.008268068012	0.000080019806	0.000059511090	0.002996116494	-0.004033519993	0.000079875973	0.000017751891	0.001299410939	-0.002272096315	0.000046513064	0.000007450444	0.000539454225	-0.001269598933	0.000034852777	0.000000710972	0.000228197972	-0.000772523796	0.000023275872	0.000001983979	0.000078130330	-0.000459663723	0.000020727895	0.000000433396	0.000018707360	-0.000318308279	0.000003492904	-0.000005422281	-0.000020632692	-0.000197166695	0.000002783212	-0.000001544737	-0.000023059694	-0.000122991126	0.000009256909	-0.000033623296	-0.000019147952	-0.000054731581
5000.000000000000	14.998474646231	1.158669272981	-0.228725402391	0.000585266911	0.001247758696	0.115060098070	-0.066845653389	0.000431851217	0.000400781128	0.022953900650	-0.020434917896	0.000210871829	0.000145171275	0.007473034332	-0.008264748134	0.000102990041	0.000024985516	0.003000137834	-0.004032526963	0.000075747628	0.000021721954	0.001301487477	-0.002269527778	0.000039162107	0.000010784732	0.000541720965	-0.001274480909	0.000037340860	0.000006930247	0.000232881887	-0.000773639057	0.000020780831	0.000002255876	0.000088413883	-0.000464794654	0.000014990154	-0.000001681532	0.000018258398	-0.000318961406	0.000005061226	-0.000000516997	-0.000022313217	-0.000197011052	0.000005466491	0.000000377019	-0.000022213724	-0.000124407034	0.000012184098	-0.000009836486	-0.000019284558	-0.000054950636
5000.000000000000	14.998693329180	1.151043751209	-0.229330961411	0.000597619108	0.001247093089	0.115027090477	-0.066869860674	0.000414765794	0.000422934805	0.022959785079	-0.020431038396	0.000207070812	0.000135032607	0.007463357494	-0.008262227151	0.000108558433	0.000061287587	0.002989113474	-0.004032181208	0.000080309608	0.000022912733	0.001297137021	-0.002269109589	0.000047399104	0.000016617406	0.000540775834	-0.001272130551	0.000038690363	0.000005935686	0.000229523470	-0.000772892540	0.000018859769	0.000001814312	0.000085795800	-0.000463271824	0.000020694417	-0.000000127661	0.000019276050	-0.000320728638	-0.000001931797	-0.000000475467	-0.000021108086	-0.000197956266	0.000003330867	0.000000429761	-0.000021797770	-0.000123312711	-0.000001578465	-0.000005117957	-0.000019803709	-0.000055223652
5000.000000000000	14.999962012871	1.141407522516	-0.227830162524	0.000569601413	0.001252836802	0.114998119793	-0.066854663560	0.000408246347	0.000408554340	0.022941656467	-0.020416035339	0.000208508395	0.000141957214	0.007469571374	-0.008261690757	0.000089704908	0.000060491339	0.002991877563	-0.004029327567	0.000078302364	0.000021662667	0.001300442012	-0.002273524671	0.000048493917	0.000009331530	0.000542750835	-0.001275918214	0.000037719656	0.000004819692	0.000233848996	-0.000773879549	0.000016499606	0.000001641000	0.000088821956	-0.000461579422	0.000014342725	-0.000000517570	0.000017577202	-0.000320014790	-0.000002300462	0.000000299946	-0.000020212208	-0.000198173896	0.000002735258	0.000000272649	-0.000022898290	-0.000122690965	0.000014245656	-0.000018981087	-0.000019432708	-0.000054542724
